0,1,2,3,4,5,6
1574146915073.0,0.0978,-0.0327,0.0742,-20.0,-65.1829,-3.2317
1574146915073.0,0.094,-0.0313,0.0709,-23.1707,-76.2195,-6.4634
1574146915074.0,0.0829,-0.0278,0.064,-26.4024,-80.6098,-7.439
1574146915116.0,0.0674,-0.0272,0.0479,-30.4268,-90.0,-7.7439
1574146915117.0,0.0558,-0.0272,0.032,-32.0122,-115.4878,-7.9268
1574146915118.0,0.066,-0.0305,0.0233,-35.061,-156.2195,-7.9878
1574146915118.0,0.1048,-0.0385,0.0275,-44.3293,-196.2805,-6.8902
1574146915119.0,0.15,-0.0472,0.0369,-58.2317,-213.0488,-3.2317
1574146915162.0,0.1779,-0.0485,0.0414,-66.3415,-185.1829,-3.1098
1574146915162.0,0.1771,-0.0538,0.046,-67.6829,-111.8902,-10.122
1574146915163.0,0.1491,-0.0551,0.0464,-68.2317,-15.9146,-18.5976
1574146915163.0,0.112,-0.0471,0.0422,-63.5366,66.8293,-23.6585
1574146915206.0,0.0957,-0.0419,0.0398,-61.5854,111.4634,-30.5488
1574146915207.0,0.0996,-0.0396,0.0429,-59.3293,120.1829,-39.5122
1574146915208.0,0.1115,-0.0367,0.0471,-53.9024,98.9024,-41.0976
1574146915209.0,0.1281,-0.0342,0.0513,-48.4146,67.5,-35.6707
1574146915210.0,0.1329,-0.0312,0.0469,-39.6341,54.0244,-31.4634
1574146915252.0,0.1237,-0.028,0.0395,-24.2683,63.9634,-30.4268
1574146915253.0,0.121,-0.0244,0.0339,-7.3171,80.0,-31.7683
1574146915254.0,0.1223,-0.0206,0.0285,5.9146,92.2561,-30.5488
1574146915255.0,0.1124,-0.0154,0.0201,19.2683,92.7439,-27.6829
1574146915296.0,0.0994,-0.014,0.0143,33.5976,81.8293,-25.8537
1574146915297.0,0.0918,-0.0117,0.0181,44.878,62.561,-24.7561
1574146915298.0,0.097,-0.0083,0.0301,52.0122,39.3293,-23.4756
1574146915298.0,0.1091,-0.0062,0.0414,55.7317,22.6829,-23.6585
1574146915299.0,0.119,-0.0101,0.0487,55.5488,16.4634,-24.6951
1574146915341.0,0.1287,-0.0123,0.0519,54.1463,21.0976,-27.0732
1574146915342.0,0.1274,-0.0092,0.0518,52.561,34.3293,-31.5244
1574146915343.0,0.1079,-0.0035,0.0544,48.2317,57.0732,-36.3415
1574146915343.0,0.0817,0.0024,0.0551,45.2439,82.5,-40.6098
1574146915386.0,0.067,0.0101,0.0615,43.4146,91.0366,-42.7439
1574146915387.0,0.0701,0.0161,0.0643,39.0244,73.2317,-41.5244
1574146915388.0,0.0872,0.0201,0.0679,29.4512,35.9146,-37.6829
1574146915388.0,0.1107,0.0243,0.0805,18.6585,-5.3049,-31.5854
1574146915389.0,0.1257,0.0331,0.0865,7.9268,-37.5,-23.7195
1574146915431.0,0.1459,0.0376,0.0943,-1.3415,-62.3171,-14.3902
1574146915432.0,0.1622,0.0391,0.0889,-15.061,-65.3659,-5.9146
1574146915433.0,0.1625,0.0381,0.0856,-16.7683,-48.8415,3.2317
1574146915434.0,0.1665,0.0375,0.0898,-19.6341,-32.378,11.5244
1574146915476.0,0.1725,0.0413,0.0717,-22.561,-29.3293,23.2317
1574146915478.0,0.1857,0.0357,0.0653,-26.7073,-41.4024,39.8171
1574146915478.0,0.1804,0.0244,0.0704,-33.4146,-48.9024,54.1463
1574146915479.0,0.1779,0.0184,0.0723,-37.9268,-50.9146,69.3902
1574146915480.0,0.1769,0.0239,0.074,-32.6829,-36.6463,81.4634
1574146915522.0,0.1652,0.0256,0.0731,-26.9512,-12.622,93.4146
1574146915523.0,0.1484,0.0204,0.0714,-26.0366,12.0732,100.3659
1574146915524.0,0.1392,0.0112,0.0657,-24.5122,32.622,105.5488
1574146915524.0,0.1346,-0.0015,0.049,-22.1951,43.0488,114.3293
1574146915525.0,0.131,-0.0143,0.0306,-15.8537,42.622,122.8049
1574146915567.0,0.1351,-0.0271,0.0124,-7.5,38.7195,128.8415
1574146915568.0,0.1425,-0.0367,0.006,1.8293,37.1951,131.6463
1574146915568.0,0.1372,-0.0463,0.0107,8.3537,43.4756,128.1098
1574146915569.0,0.1151,-0.0499,0.025,17.378,57.2561,116.8902
1574146915702.0,0.0931,-0.0461,0.0436,28.5366,76.8902,105.122
1574146915703.0,0.0771,-0.0403,0.06,36.8293,95.6707,98.7195
1574146915704.0,0.0671,-0.0403,0.0756,39.2073,101.6463,100.4878
1574146915704.0,0.0612,-0.0458,0.0622,35.9756,88.4756,106.9512
1574146915705.0,0.05,-0.0525,0.0504,37.9268,59.8781,110.9756
1574146915706.0,0.0403,-0.0717,0.0414,40.6098,19.1463,104.8781
1574146915707.0,0.0403,-0.0809,0.0369,41.0366,-15.5488,89.5122
1574146915708.0,0.0782,-0.0856,0.0421,42.561,-30.6707,76.6463
1574146915708.0,0.1071,-0.0858,0.0525,42.439,-21.5854,73.0488
1574146915709.0,0.0923,-0.0826,0.0655,52.3171,10.7317,78.6585
1574146915746.0,0.066,-0.0817,0.075,64.5122,46.7073,72.3171
1574146915748.0,0.0483,-0.0837,0.0734,65.6707,56.2805,56.4024
1574146915791.0,0.02,-0.0799,0.0679,60.061,41.0366,51.8293
1574146915837.0,0.0023,-0.0796,0.0742,56.4024,25.1829,48.3537
1574146915837.0,-0.0144,-0.0752,0.069,55.6707,25.2439,38.2317
1574146915838.0,0.0107,-0.0727,0.0524,53.2317,1.4634,23.7805
1574146915838.0,0.0543,-0.0721,0.0544,45.9146,-36.7683,15.4878
1574146915839.0,0.0661,-0.0671,0.0708,42.5,-69.2683,17.5
1574146915839.0,0.0691,-0.0653,0.0836,41.4634,-80.0,8.9024
1574146915840.0,0.0782,-0.0627,0.0885,41.8293,-75.9756,-5.3659
1574146915841.0,0.0872,-0.0623,0.0802,42.2561,-73.7195,-7.8659
1574146915841.0,0.0902,-0.0654,0.0697,43.3537,-72.6829,-0.9146
1574146915842.0,0.0737,-0.0648,0.0581,44.6341,-67.8049,2.9268
1574146915881.0,0.069,-0.0612,0.0479,45.6707,-62.7439,-6.0976
1574146915883.0,0.0833,-0.0504,0.0563,51.4634,-52.0732,-11.7073
1574146915883.0,0.0999,-0.0457,0.0769,53.2927,-40.4268,-4.939
1574146915884.0,0.1069,-0.0479,0.0945,49.2683,-22.1341,-1.0976
1574146915885.0,0.1043,-0.0483,0.1049,44.3902,1.1585,-4.0854
1574146915885.0,0.0959,-0.0466,0.0976,40.0,17.7439,-7.8659
1574146915886.0,0.0918,-0.0432,0.0836,35.9756,22.378,-9.6951
1574146915886.0,0.0989,-0.0371,0.0756,33.9634,25.6707,-10.7927
1574146915887.0,0.1013,-0.0334,0.0781,31.2805,32.9878,-13.4146
1574146915926.0,0.1011,-0.0353,0.077,27.8659,38.7195,-15.1829
1574146915927.0,0.103,-0.0374,0.0713,23.8415,40.8537,-15.6098
1574146915928.0,0.0872,-0.0358,0.0711,24.3293,48.6585,-13.2317
1574146915928.0,0.0706,-0.0378,0.0737,29.2073,58.0488,-15.0
1574146915929.0,0.0651,-0.0397,0.0745,32.8659,52.439,-18.3537
1574146915972.0,0.0642,-0.0358,0.0707,34.4512,30.6707,-17.561
1574146915973.0,0.0672,-0.0302,0.0699,35.5488,7.1951,-18.7195
1574146915973.0,0.0842,-0.0275,0.0769,35.3659,-11.1585,-21.2805
1574146915974.0,0.1125,-0.0273,0.0905,34.6951,-19.3293,-20.2439
1574146916017.0,0.1321,-0.0245,0.0984,33.8415,-15.1829,-17.5
1574146916018.0,0.1317,-0.023,0.1044,34.5732,3.7195,-14.0854
1574146916019.0,0.1191,-0.0204,0.1038,36.4024,31.6463,-11.5854
1574146916020.0,0.0991,-0.0172,0.0983,37.9878,56.3415,-11.6463
1574146916021.0,0.0829,-0.0131,0.1185,36.6463,71.2195,-11.1585
1574146916062.0,0.0916,-0.0237,0.1288,32.6829,68.7195,-6.7683
1574146916063.0,0.1337,-0.0319,0.1235,18.3537,45.7317,-2.0122
1574146916064.0,0.1334,-0.0223,0.121,7.7439,56.0976,6.0366
1574146916065.0,0.0806,-0.024,0.114,7.2561,106.4024,14.3902
1574146916066.0,0.029,-0.0182,0.0992,8.9634,145.3049,6.4024
1574146916106.0,0.0181,-0.0067,0.0934,9.0854,133.0488,-5.0
1574146916107.0,0.047,-0.0042,0.0908,4.5732,78.7805,-13.9634
1574146916108.0,0.0757,-0.0068,0.0952,-0.7927,29.4512,-17.622
1574146916109.0,0.0799,-0.009,0.0977,-0.8537,20.8537,-15.3049
1574146916151.0,0.0742,-0.0116,0.0951,3.9634,43.7805,-15.1829
1574146916153.0,0.0704,-0.0104,0.1008,8.3537,62.1341,-18.2317
1574146916153.0,0.0646,-0.0082,0.1134,9.2073,63.0488,-21.0976
1574146916154.0,0.0656,-0.0082,0.1234,5.6707,58.5976,-26.7683
1574146916155.0,0.0665,-0.0071,0.1265,-0.1829,58.8415,-32.5
1574146916196.0,0.0621,-0.0106,0.1184,-7.3171,56.2195,-38.4756
1574146916197.0,0.0601,-0.0173,0.1069,-15.4878,43.5976,-47.0122
1574146916198.0,0.0683,-0.0237,0.0964,-21.8293,28.4756,-51.2195
1574146916199.0,0.0704,-0.0275,0.0905,-24.0854,23.2927,-48.1098
1574146916242.0,0.0604,-0.0298,0.0847,-21.9512,24.4512,-46.0366
1574146916243.0,0.0563,-0.0314,0.0723,-17.8049,17.9268,-50.4268
1574146916244.0,0.0735,-0.034,0.068,-16.0976,-10.5488,-52.561
1574146916245.0,0.1025,-0.0419,0.0688,-16.5244,-49.0854,-48.5976
1574146916247.0,0.111,-0.0479,0.0688,-12.8659,-71.4024,-40.0
1574146916286.0,0.1019,-0.0498,0.0667,-3.4756,-70.6707,-31.7683
1574146916287.0,0.1031,-0.0494,0.0645,5.5488,-67.8659,-28.2317
1574146916288.0,0.1147,-0.0422,0.0643,11.8902,-67.1951,-25.5488
1574146916289.0,0.1255,-0.0361,0.0718,16.0366,-58.2317,-19.4512
1574146916331.0,0.1274,-0.033,0.0972,18.4146,-41.7683,-12.9878
1574146916333.0,0.1242,-0.0337,0.1135,18.1707,-28.7195,-5.1829
1574146916333.0,0.1225,-0.0388,0.1126,12.5,-28.4756,3.2317
1574146916334.0,0.1144,-0.046,0.1043,3.0488,-42.561,13.7805
1574146916335.0,0.1052,-0.0516,0.0927,-6.4634,-60.6098,22.8049
1574146916376.0,0.107,-0.0505,0.084,-15.4268,-74.0854,26.0366
1574146916377.0,0.1151,-0.0457,0.0757,-22.3171,-84.7561,29.2683
1574146916378.0,0.114,-0.0438,0.0722,-25.8537,-85.7927,37.0732
1574146916379.0,0.1025,-0.0413,0.072,-22.378,-68.2317,43.5366
1574146916421.0,0.0884,-0.0395,0.071,-13.4756,-37.2561,45.6707
1574146916422.0,0.0817,-0.0364,0.0715,-3.8415,-10.9756,46.5244
1574146916423.0,0.0732,-0.0264,0.0793,5.4268,4.5732,44.5732
1574146916423.0,0.0584,-0.0202,0.0956,9.8171,17.1951,38.9634
1574146916424.0,0.0445,-0.0139,0.1161,12.378,35.9146,32.9268
1574146916466.0,0.0436,-0.0122,0.1232,12.378,48.1098,29.2683
1574146916467.0,0.0472,-0.0143,0.1112,6.8902,44.6341,25.0
1574146916468.0,0.0403,-0.0195,0.1,4.3902,36.0976,21.0976
1574146916469.0,0.0391,-0.0242,0.0976,7.2561,32.5,14.5122
1574146916511.0,0.0539,-0.0231,0.1075,10.4268,26.1585,5.9146
1574146916512.0,0.068,-0.0117,0.1199,12.7439,3.9634,-2.0122
1574146916513.0,0.0654,-0.0021,0.1176,11.3415,-27.439,-9.2683
1574146916513.0,0.0568,-0.0042,0.0859,6.2195,-47.2561,-21.4634
1574146916514.0,0.0599,-0.011,0.0472,5.061,-42.9878,-32.622
1574146916556.0,0.1122,-0.0199,0.0364,9.3902,-22.561,-32.3171
1574146916557.0,0.1644,-0.0081,0.0671,21.5854,2.5,-18.3537
1574146916557.0,0.1486,-0.0009,0.0971,31.2195,29.0244,-6.2195
1574146916558.0,0.1011,-0.0113,0.1135,37.1951,69.5732,-19.8171
1574146916559.0,0.0576,-0.0089,0.1246,41.3415,108.3537,-32.9268
1574146916602.0,0.0396,-0.0101,0.136,35.122,104.939,-34.878
1574146916602.0,0.054,-0.0184,0.1409,15.3659,78.2317,-38.5976
1574146916603.0,0.0726,-0.0159,0.1311,-6.5244,58.7805,-42.8049
1574146916603.0,0.0693,-0.0071,0.105,-25.7317,50.9756,-46.7073
1574146916646.0,0.0648,-0.0013,0.0825,-38.4756,55.6098,-56.2195
1574146916647.0,0.0827,0.0014,0.0906,-43.6585,64.939,-60.9756
1574146916648.0,0.1126,-0.0027,0.1241,-50.9146,63.0488,-53.9634
1574146916649.0,0.1265,-0.0125,0.1531,-61.5854,50.3049,-42.7439
1574146916650.0,0.113,-0.0165,0.1596,-71.5854,38.5976,-32.9268
1574146916692.0,0.0932,-0.019,0.1423,-79.5732,23.3537,-26.5244
1574146916693.0,0.0821,-0.025,0.1237,-94.3902,-10.8537,-24.6951
1574146916693.0,0.0812,-0.0315,0.1094,-109.0854,-59.3902,-24.5732
1574146916694.0,0.0818,-0.0357,0.0896,-120.4878,-102.1951,-23.1098
1574146916736.0,0.0766,-0.0362,0.0698,-124.6951,-134.8171,-24.4512
1574146916737.0,0.0695,-0.0387,0.0586,-122.9268,-160.9146,-27.9878
1574146916738.0,0.0674,-0.0428,0.0513,-119.8781,-184.3293,-27.622
1574146916739.0,0.0729,-0.046,0.0489,-115.4268,-207.0732,-22.7439
1574146916740.0,0.0837,-0.0483,0.0563,-110.9756,-225.4878,-18.2927
1574146916781.0,0.09,-0.0491,0.0566,-103.3537,-232.622,-18.5366
1574146916783.0,0.0822,-0.0479,0.0489,-92.8049,-225.0,-20.2439
1574146916783.0,0.0696,-0.0461,0.038,-79.6951,-212.1342,-25.3049
1574146916784.0,0.0584,-0.0451,0.03,-67.3171,-206.0976,-32.378
1574146916827.0,0.0533,-0.0457,0.0241,-57.3781,-212.3781,-37.439
1574146916828.0,0.0598,-0.0457,0.019,-53.2927,-225.5488,-41.2195
1574146916828.0,0.075,-0.0419,0.0145,-49.0244,-236.5854,-47.0122
1574146916829.0,0.0948,-0.0401,0.0115,-45.2439,-241.4025,-54.1463
1574146916830.0,0.1157,-0.0397,0.0132,-44.6341,-233.9634,-57.6829
1574146916873.0,0.131,-0.0367,0.0194,-44.0854,-213.2927,-58.7195
1574146916873.0,0.1428,-0.0322,0.0247,-40.1829,-182.9268,-62.0122
1574146916873.0,0.1536,-0.0283,0.0248,-34.2073,-143.0488,-66.7073
1574146916874.0,0.1572,-0.0287,0.0138,-26.2195,-97.439,-67.6829
1574146916874.0,0.1461,-0.0318,-0.0106,-18.2927,-52.1951,-60.4268
1574146916916.0,0.1321,-0.0319,-0.0136,-7.1951,-21.2195,-50.3659
1574146916917.0,0.1288,-0.032,-0.0054,0.9756,-8.4756,-46.2195
1574146916918.0,0.1388,-0.0298,-0.0013,3.1098,-9.6951,-45.3049
1574146916918.0,0.1514,-0.032,0.0,2.2561,-26.9512,-41.3415
1574146916961.0,0.1452,-0.0433,0.0031,-2.2561,-41.2195,-36.7073
1574146916963.0,0.1234,-0.051,0.0056,-8.1707,-46.5854,-34.8171
1574146916963.0,0.1204,-0.0533,0.0149,-9.0244,-56.2805,-37.6829
1574146916964.0,0.1602,-0.0604,0.0256,-12.378,-75.9756,-39.0244
1574146916965.0,0.193,-0.0635,0.014,-21.4024,-81.5854,-30.6707
1574146917006.0,0.1891,-0.0571,0.0157,-26.7073,-69.5732,-20.4268
1574146917007.0,0.1799,-0.0444,0.0228,-26.0976,-37.7439,-19.8171
1574146917008.0,0.1587,-0.0273,0.0316,-19.6341,-0.7927,-12.1951
1574146917009.0,0.1485,-0.0265,0.0445,-15.9756,3.3537,6.2195
1574146917052.0,0.1607,-0.0361,0.0417,-21.4024,-9.3902,9.3902
1574146917053.0,0.1736,-0.0378,0.031,-28.0488,-7.561,7.9878
1574146917054.0,0.1556,-0.0372,0.0172,-29.939,21.5854,8.9634
1574146917054.0,0.1025,-0.035,-0.0052,-26.0366,68.5976,5.0
1574146917055.0,0.0828,-0.0354,-0.017,-14.6951,99.6951,4.3902
1574146917097.0,0.1085,-0.0319,-0.0134,-5.2439,89.6951,7.9268
1574146917098.0,0.1136,-0.0202,-0.0015,2.1341,67.7439,3.5366
1574146917099.0,0.1016,-0.0083,0.014,10.4268,63.7195,-2.1341
1574146917099.0,0.1177,-0.0011,0.0275,15.1829,68.9024,-7.9878
1574146917142.0,0.1346,-0.0012,0.0385,13.5976,73.7805,-9.6341
1574146917143.0,0.132,-0.0067,0.0358,10.061,90.1829,-9.4512
1574146917144.0,0.1017,-0.0124,0.0333,6.0976,106.4024,-5.7317
1574146917144.0,0.089,-0.0095,0.0408,3.2927,92.8049,-5.1829
1574146917145.0,0.0993,-0.0115,0.0355,0.9146,41.4024,-4.8171
1574146917186.0,0.1042,-0.017,0.0256,-2.8659,-30.6098,-1.0366
1574146917188.0,0.1056,-0.0181,0.0134,-4.1463,-95.122,-1.0976
1574146917188.0,0.1122,-0.0129,-0.0027,-1.4024,-137.6219,-1.8293
1574146917189.0,0.115,-0.0118,-0.0181,3.7195,-158.1098,1.4024
1574146917191.0,0.1004,-0.0143,-0.0131,10.9756,-161.0366,6.6463
1574146917232.0,0.0949,-0.0113,-0.0134,17.2561,-161.6463,8.4756
1574146917233.0,0.0922,-0.0087,-0.0113,25.7927,-164.5732,7.5
1574146917277.0,0.0948,-0.0071,-0.0081,30.7317,-184.6951,7.8659
1574146917278.0,0.101,-0.0094,-0.0109,31.6463,-221.0366,11.8902
1574146917279.0,0.1151,-0.0152,-0.0157,27.561,-258.4756,16.2805
1574146917280.0,0.1381,-0.0181,-0.0157,27.9268,-272.3171,13.9024
1574146917281.0,0.1594,-0.019,-0.0178,31.6463,-250.3659,13.1707
1574146917282.0,0.1624,-0.0214,-0.0275,36.2195,-193.6585,12.2561
1574146917282.0,0.1495,-0.0247,-0.0348,40.9146,-118.9634,9.7561
1574146917322.0,0.1361,-0.0254,-0.0268,45.1829,-45.061,8.9634
1574146917323.0,0.1326,-0.025,-0.0146,47.6829,8.3537,6.9512
1574146917324.0,0.1397,-0.0253,-0.0049,46.7073,40.3049,1.4634
1574146917325.0,0.1487,-0.028,0.0017,43.3537,66.3415,-3.0488
1574146917366.0,0.1387,-0.0236,0.0106,38.9024,93.8415,-3.9024
1574146917368.0,0.1233,-0.0148,0.0134,39.3293,111.3415,-3.2317
1574146917368.0,0.1174,-0.0153,0.012,40.7317,109.8171,-4.2073
1574146917369.0,0.1205,-0.0214,0.005,35.5488,92.439,-5.8537
1574146917370.0,0.1266,-0.0286,-0.0013,28.5366,74.1463,-4.5122
1574146917411.0,0.1314,-0.0351,-0.0103,23.8415,62.3171,-1.8293
1574146917412.0,0.129,-0.0349,-0.0027,23.1707,51.4024,-0.122
1574146917413.0,0.1299,-0.0341,0.0118,22.7439,37.1951,-0.8537
1574146917413.0,0.1398,-0.0357,0.0142,20.2439,30.6098,-2.1951
1574146917457.0,0.157,-0.0378,0.0103,17.9268,37.8049,-1.8293
1574146917457.0,0.1678,-0.0393,0.009,17.9878,55.9756,0.8537
1574146917458.0,0.1584,-0.038,0.0046,20.3659,84.3902,5.1829
1574146917459.0,0.1376,-0.0338,0.0002,24.0854,108.7195,4.8171
1574146917459.0,0.1206,-0.0317,0.0034,28.1098,115.7317,2.0732
1574146917502.0,0.1189,-0.0343,0.0074,27.622,108.9024,3.2927
1574146917503.0,0.1274,-0.0374,0.0084,24.4512,98.1707,5.3659
1574146917504.0,0.1403,-0.0385,0.0101,22.9878,91.3415,7.1951
1574146917504.0,0.1476,-0.0386,0.0083,23.4146,99.0854,9.0854
1574146917546.0,0.1464,-0.0364,0.0074,28.2927,123.2927,10.0
1574146917548.0,0.1372,-0.0366,0.0106,33.4146,150.3659,9.5732
1574146917549.0,0.1198,-0.0322,0.0161,37.2561,170.061,9.0244
1574146917549.0,0.1123,-0.0253,0.0245,41.6463,172.3171,8.2317
1574146917550.0,0.1177,-0.0234,0.0307,45.4878,158.7195,8.2927
1574146917591.0,0.1246,-0.0287,0.0294,44.3902,135.1219,10.9146
1574146917592.0,0.125,-0.029,0.0352,42.622,114.0244,12.439
1574146917592.0,0.1251,-0.0257,0.0347,43.1707,108.0488,12.8049
1574146917593.0,0.1066,-0.0205,0.0402,44.939,118.0488,14.7561
1574146917594.0,0.1045,-0.0234,0.0377,47.3781,128.9024,14.2683
1574146917636.0,0.1193,-0.027,0.0369,44.3902,134.3293,10.6707
1574146917637.0,0.1113,-0.0184,0.049,42.561,133.5976,16.8293
1574146917638.0,0.0901,-0.0176,0.063,45.5488,129.2073,22.561
1574146917639.0,0.0923,-0.0205,0.0667,44.6341,117.1951,17.9268
1574146917682.0,0.0997,-0.0192,0.0653,37.622,99.7561,12.439
1574146917683.0,0.1022,-0.0194,0.0621,29.6341,87.0122,11.2195
1574146917684.0,0.1042,-0.0176,0.0634,28.3537,82.9268,7.3171
1574146917685.0,0.1042,-0.0174,0.0597,24.5122,71.4634,4.6951
1574146917686.0,0.0933,-0.0159,0.0503,17.8049,65.6707,3.3537
1574146917727.0,0.0783,-0.0159,0.0539,18.2317,77.0732,-0.122
1574146917728.0,0.0699,-0.0143,0.0674,22.5,83.1707,-4.2073
1574146917729.0,0.0795,-0.0151,0.0779,20.6707,62.9268,-5.2439
1574146917730.0,0.0944,-0.0159,0.0786,13.4146,32.0732,-6.7073
1574146917772.0,0.1049,-0.0187,0.0724,8.8415,11.8293,-8.6585
1574146917773.0,0.1189,-0.0222,0.0635,6.2805,4.1463,-10.1829
1574146917774.0,0.1245,-0.0235,0.0638,6.3415,7.8049,-10.061
1574146917775.0,0.1153,-0.0234,0.0609,7.7439,22.1341,-9.4512
1574146917776.0,0.1051,-0.0229,0.0565,10.2439,42.1951,-10.4268
1574146917817.0,0.0994,-0.0229,0.0551,13.2927,56.8293,-10.7927
1574146917818.0,0.0895,-0.023,0.0595,16.5244,63.2317,-9.878
1574146917819.0,0.0911,-0.0236,0.0713,19.0244,62.439,-10.5488
1574146917820.0,0.1096,-0.0236,0.0851,19.2683,58.1098,-10.5488
1574146917862.0,0.1262,-0.0225,0.0938,16.0976,55.4878,-6.0976
1574146917863.0,0.1268,-0.0209,0.0959,13.3537,65.3049,-0.1829
1574146917864.0,0.1158,-0.022,0.0916,12.9878,82.5,2.561
1574146917865.0,0.1067,-0.0254,0.0818,11.4634,92.439,2.9268
1574146917866.0,0.1,-0.0264,0.079,10.6098,94.8171,2.9268
1574146917906.0,0.0861,-0.0223,0.0814,10.6707,94.8171,3.1098
1574146917907.0,0.0748,-0.0192,0.0875,12.3171,85.6707,4.0854
1574146917908.0,0.0765,-0.0175,0.0997,10.2439,63.9634,4.0854
1574146917909.0,0.0867,-0.0182,0.105,7.0122,37.1951,3.2927
1574146917910.0,0.1028,-0.0206,0.1012,1.2805,18.4756,1.9512
1574146917996.0,0.1056,-0.0204,0.0997,-1.3415,25.7927,0.6707
1574146917997.0,0.0873,-0.0173,0.0991,0.1829,52.1341,-0.3049
1574146917998.0,0.0723,-0.0141,0.0966,2.3171,72.9878,-1.7683
1574146917998.0,0.0754,-0.0164,0.0894,2.8049,74.6341,-1.8902
1574146917999.0,0.0752,-0.019,0.0875,1.9512,63.4146,0.2439
1574146917999.0,0.0665,-0.0218,0.083,4.0244,54.8171,1.7683
1574146918000.0,0.0579,-0.021,0.0803,8.9634,52.1341,2.9878
1574146918001.0,0.0662,-0.0186,0.0773,15.2439,43.5366,2.0122
1574146918001.0,0.0839,-0.0186,0.0836,16.4024,28.8415,-1.8293
1574146918041.0,0.0948,-0.0175,0.0927,16.9512,24.2683,-1.8293
1574146918043.0,0.0972,-0.0185,0.0989,20.6707,36.3415,2.1341
1574146918043.0,0.0898,-0.0191,0.1037,25.5488,53.8415,3.9024
1574146918044.0,0.084,-0.021,0.1052,30.122,62.1951,4.2073
1574146918086.0,0.09,-0.0253,0.1112,30.122,55.9756,3.9634
1574146918087.0,0.0955,-0.0219,0.1191,28.2317,42.1951,6.2805
1574146918087.0,0.0931,-0.0223,0.1207,25.9756,34.8171,10.4268
1574146918088.0,0.0783,-0.0259,0.1156,21.7683,36.8293,10.4268
1574146918089.0,0.0652,-0.0272,0.1114,19.3902,39.1463,8.5366
1574146918131.0,0.062,-0.0259,0.1116,14.3293,31.7073,7.8659
1574146918132.0,0.0732,-0.0209,0.1007,8.6585,18.0488,9.3902
1574146918132.0,0.0966,-0.021,0.0898,4.3293,0.3049,9.2683
1574146918133.0,0.0955,-0.0231,0.0914,4.5122,-10.061,6.9512
1574146918176.0,0.0692,-0.0212,0.0991,9.939,2.9878,7.9268
1574146918177.0,0.0661,-0.017,0.1024,10.9146,16.4634,8.7195
1574146918178.0,0.0922,-0.0179,0.0943,6.3415,9.5122,7.622
1574146918178.0,0.0973,-0.0186,0.093,3.0488,-2.8659,11.5854
1574146918179.0,0.0754,-0.0177,0.0899,7.0732,5.6098,15.4268
1574146918221.0,0.0655,-0.0154,0.0878,11.0366,14.878,12.8659
1574146918222.0,0.0656,-0.0106,0.0971,10.3049,9.6951,12.9268
1574146918223.0,0.0728,-0.0101,0.1068,7.7439,-1.4634,14.5122
1574146918223.0,0.0864,-0.009,0.1136,6.4024,-8.6585,12.1341
1574146918224.0,0.0889,-0.0102,0.1188,4.6951,-9.6341,10.2439
1574146918266.0,0.0804,-0.0129,0.1099,3.2317,-1.4634,8.8415
1574146918268.0,0.0735,-0.0115,0.0981,3.7805,7.439,7.3171
1574146918268.0,0.0722,-0.0125,0.0977,1.9512,0.1829,5.3049
1574146918269.0,0.0801,-0.0151,0.0939,0.6098,-9.878,5.122
1574146918312.0,0.0923,-0.0171,0.085,1.9512,-12.1341,7.3171
1574146918313.0,0.093,-0.0189,0.0843,5.2439,-5.4878,8.3537
1574146918314.0,0.0877,-0.0201,0.0925,12.0122,12.1951,9.939
1574146918315.0,0.0859,-0.0156,0.0953,16.3415,24.6341,13.0488
1574146918316.0,0.093,-0.0142,0.1032,17.378,26.8293,12.8049
1574146918357.0,0.0908,-0.0144,0.1084,17.1951,29.939,14.6951
1574146918358.0,0.0826,-0.0183,0.1114,17.9268,27.0122,20.6098
1574146918359.0,0.0789,-0.0223,0.1124,16.8902,17.8049,19.4512
1574146918359.0,0.0757,-0.0231,0.1079,13.2317,14.0854,15.0
1574146918402.0,0.0735,-0.0189,0.1113,10.4268,15.0,14.1463
1574146918402.0,0.0632,-0.0161,0.1068,7.1951,16.6463,13.2927
1574146918403.0,0.0506,-0.0151,0.0922,3.8415,20.2439,10.0
1574146918403.0,0.0464,-0.0127,0.0865,3.2317,24.1463,5.7317
1574146918404.0,0.0505,-0.012,0.0891,3.6585,19.3902,0.122
1574146918447.0,0.0552,-0.0117,0.093,3.1707,8.6585,-2.9268
1574146918448.0,0.0682,-0.0129,0.0995,2.5,-1.8902,-3.7805
1574146918449.0,0.0854,-0.0168,0.1066,0.3049,-13.0488,-4.2683
1574146918450.0,0.0891,-0.0202,0.1103,-2.0122,-19.878,-3.7805
1574146918492.0,0.0822,-0.0216,0.1174,-2.0122,-16.8902,-3.1707
1574146918493.0,0.0818,-0.0231,0.1193,-2.9878,-13.3537,-0.3659
1574146918494.0,0.0809,-0.0272,0.1163,-8.4756,-15.0,5.3659
1574146918495.0,0.0692,-0.0281,0.1113,-11.5854,-10.9756,8.7805
1574146918496.0,0.0524,-0.0221,0.1052,-12.9268,-6.4634,6.7073
1574146918537.0,0.0459,-0.0163,0.1018,-15.061,-13.7195,1.2805
1574146918538.0,0.0557,-0.0154,0.0983,-17.8049,-29.5122,-2.1951
1574146918539.0,0.0661,-0.015,0.0992,-19.4512,-44.5732,-3.5366
1574146918540.0,0.0712,-0.0161,0.1006,-18.8415,-53.1707,-4.5122
1574146918582.0,0.0717,-0.0203,0.0973,-17.7439,-56.4634,-4.878
1574146918583.0,0.0646,-0.0197,0.0955,-15.6098,-62.2561,-4.1463
1574146918583.0,0.0768,-0.0211,0.095,-13.0488,-76.4634,-4.4512
1574146918584.0,0.1014,-0.0245,0.0918,-14.878,-90.5488,-4.6951
1574146918585.0,0.1069,-0.0245,0.087,-13.5366,-84.5122,-1.2805
1574146918626.0,0.1009,-0.0228,0.0828,-6.7683,-56.3415,1.5854
1574146918627.0,0.0872,-0.0192,0.0837,-0.7317,-31.8293,3.1098
1574146918628.0,0.0726,-0.0153,0.0873,3.9634,-28.4146,2.378
1574146918629.0,0.0709,-0.0138,0.0892,6.7683,-39.939,-0.9756
1574146918631.0,0.0721,-0.0142,0.0931,6.7683,-56.0976,-1.3415
1574146918671.0,0.0771,-0.0149,0.0891,6.3415,-71.2195,-0.7317
1574146918672.0,0.0942,-0.0196,0.0832,4.5122,-81.8902,-2.1951
1574146918673.0,0.113,-0.0248,0.0872,3.1707,-84.6341,-3.7805
1574146918674.0,0.1191,-0.0235,0.0896,3.2927,-72.0122,-4.0244
1574146918716.0,0.1076,-0.0195,0.0822,7.622,-44.2683,-3.1707
1574146918717.0,0.1016,-0.0173,0.0807,11.6463,-22.5,-3.7805
1574146918761.0,0.1029,-0.0187,0.0856,11.0366,-15.6707,-3.6585
1574146918806.0,0.1002,-0.0158,0.0875,8.6585,-18.2927,-2.0732
1574146918807.0,0.0956,-0.0117,0.0876,8.4756,-21.7683,-1.7073
1574146918808.0,0.0998,-0.011,0.0927,7.6829,-26.7683,-3.1098
1574146918808.0,0.0991,-0.0129,0.1016,3.2317,-32.561,-1.3415
1574146918809.0,0.0942,-0.0165,0.1042,-2.1341,-40.3659,1.4024
1574146918809.0,0.0931,-0.0211,0.1062,-7.0122,-51.6463,1.3415
1574146918810.0,0.0955,-0.0298,0.1062,-11.6463,-65.2439,2.378
1574146918811.0,0.1011,-0.0388,0.1068,-16.7073,-80.6707,3.0488
1574146918811.0,0.1071,-0.0461,0.1042,-22.3171,-92.1341,4.1463
1574146918812.0,0.1166,-0.0486,0.0981,-26.2195,-92.3171,7.1951
1574146918851.0,0.1263,-0.0486,0.0902,-26.3415,-78.4756,11.1585
1574146918852.0,0.1284,-0.0532,0.0831,-27.2561,-52.3781,15.9756
1574146918853.0,0.1138,-0.0552,0.0774,-28.1707,-16.2805,18.2927
1574146918854.0,0.0917,-0.0531,0.0842,-23.5366,22.1341,19.2683
1574146918855.0,0.0737,-0.0508,0.09,-20.6707,44.6951,16.5244
1574146918897.0,0.0982,-0.0565,0.0699,-20.9756,49.939,15.2439
1574146918898.0,0.1233,-0.0494,0.0654,-18.4146,60.4878,20.9146
1574146918899.0,0.1112,-0.0442,0.0763,-6.0976,91.8293,33.7195
1574146918900.0,0.1063,-0.0517,0.0871,3.2317,128.9634,37.0122
1574146918901.0,0.1108,-0.0429,0.1005,5.1829,147.9268,35.4878
1574146918942.0,0.0984,-0.0438,0.1047,14.939,153.8415,49.5732
1574146918943.0,0.082,-0.0507,0.0969,13.2927,145.9146,51.4634
1574146918944.0,0.0616,-0.0419,0.0923,12.1951,139.5122,42.5
1574146918945.0,0.0479,-0.0376,0.0887,20.4268,130.8537,44.7561
1574146918946.0,0.055,-0.0378,0.0859,23.2317,107.0732,43.4756
1574146918986.0,0.0704,-0.0351,0.0889,21.5244,81.0976,41.8902
1574146918987.0,0.0822,-0.0354,0.0957,23.5366,69.6341,42.378
1574146918987.0,0.085,-0.0436,0.101,28.7805,72.2561,39.7561
1574146918988.0,0.0776,-0.0448,0.1036,35.1829,79.8171,34.7561
1574146919032.0,0.0621,-0.0267,0.1114,40.2439,77.0732,29.6341
1574146919033.0,0.0533,-0.0166,0.1048,40.1829,56.8293,24.878
1574146919033.0,0.0459,-0.0129,0.0936,36.6463,30.061,22.2561
1574146919034.0,0.0494,-0.0073,0.085,34.2683,2.561,20.0
1574146919034.0,0.0793,-0.011,0.076,37.0732,-31.0976,19.0854
1574146919077.0,0.1318,-0.0144,0.0757,34.3293,-66.8293,24.6951
1574146919078.0,0.173,-0.011,0.0842,31.6463,-67.8049,28.2317
1574146919079.0,0.1665,-0.0066,0.0991,34.0854,-16.7073,33.1098
1574146919080.0,0.1217,-0.0028,0.1014,37.9878,57.0122,36.2805
1574146919122.0,0.0734,-0.0052,0.0969,40.2439,119.4512,33.7195
1574146919123.0,0.0404,-0.007,0.0927,40.6707,146.0366,31.5244
1574146919124.0,0.0228,-0.0044,0.0852,38.2317,126.7073,32.6829
1574146919124.0,0.0172,-0.0041,0.0721,33.4146,76.8293,30.4268
1574146919125.0,0.0315,-0.0026,0.0698,29.3293,24.2073,24.2683
1574146919167.0,0.0723,-0.0046,0.0701,29.2683,-8.7805,22.6829
1574146919168.0,0.1152,-0.0106,0.0761,30.3659,-16.9512,26.2195
1574146919168.0,0.1335,-0.01,0.0841,33.1707,-5.7927,29.2073
1574146919169.0,0.1146,-0.0082,0.0857,37.8049,25.061,30.5488
1574146919211.0,0.0697,-0.0076,0.0892,43.4146,75.9756,26.5244
1574146919213.0,0.0247,-0.0034,0.0869,48.8415,116.8902,21.7683
1574146919213.0,-0.0009,0.0002,0.0812,50.7317,118.4146,21.4024
1574146919214.0,-0.0125,0.0007,0.0753,47.439,84.8781,20.4878
1574146919215.0,0.0012,0.0002,0.078,43.7805,36.8293,13.9024
1574146919257.0,0.035,-0.0009,0.0893,40.122,-6.2195,6.7683
1574146919258.0,0.0789,-0.0046,0.1062,36.8902,-36.4634,3.6585
1574146919259.0,0.1046,-0.0006,0.1561,34.5122,-40.9756,4.878
1574146919259.0,0.1043,-0.0153,0.1569,26.0976,-25.1829,9.2073
1574146919260.0,0.1029,-0.0251,0.1384,10.6098,-5.6098,9.0854
1574146919302.0,0.0727,-0.023,0.1253,5.2439,25.5488,14.3293
1574146919303.0,0.0465,-0.0276,0.1174,8.9634,51.6463,16.7073
1574146919304.0,0.0449,-0.025,0.1079,6.7073,48.9024,8.1098
1574146919304.0,0.047,-0.0195,0.1039,5.2439,32.0732,8.7195
1574146919346.0,0.0459,-0.0184,0.1028,6.8902,21.9512,13.5976
1574146919348.0,0.0601,-0.0196,0.0988,8.7195,17.0122,10.6707
1574146919348.0,0.0731,-0.0176,0.1021,10.061,16.5854,8.0488
1574146919349.0,0.0645,-0.0172,0.1042,11.7683,27.3171,8.1707
1574146919350.0,0.0458,-0.0168,0.1079,14.5732,48.8415,5.9146
1574146919392.0,0.0337,-0.0157,0.1163,16.4024,66.0976,3.4756
1574146919393.0,0.0252,-0.0124,0.128,16.6463,71.6463,1.2805
1574146919394.0,0.0233,-0.0099,0.1365,16.3415,67.6829,-1.2195
1574146919394.0,0.0229,-0.0045,0.1425,14.2073,56.5854,-5.2439
1574146919437.0,0.0322,0.0039,0.1439,10.3049,36.7683,-10.2439
1574146919438.0,0.0486,0.0119,0.144,2.9878,11.5244,-15.3049
1574146919439.0,0.0565,0.0161,0.1413,-3.5366,-6.0976,-16.9512
1574146919439.0,0.0549,0.0148,0.1313,-5.8537,-15.6707,-16.3415
1574146919440.0,0.0557,0.0156,0.1205,-6.1585,-22.9878,-14.3293
1574146919482.0,0.059,0.0197,0.1121,-5.9146,-29.4512,-9.3902
1574146919483.0,0.0684,0.019,0.1019,-4.4512,-32.9878,-5.2439
1574146919484.0,0.0838,0.0153,0.0989,-2.5,-28.0488,-1.5244
1574146919485.0,0.0816,0.0071,0.104,1.5244,-18.8415,6.0366
1574146919526.0,0.0618,0.0034,0.1096,8.7195,-5.4268,12.1341
1574146919527.0,0.0439,-0.0032,0.1169,15.7927,3.7195,15.6707
1574146919528.0,0.0474,-0.0106,0.1165,17.6829,-2.9268,15.1829
1574146919529.0,0.0637,-0.015,0.1138,15.1829,-20.2439,16.4634
1574146919530.0,0.0689,-0.0239,0.1086,10.9146,-34.8171,19.3293
1574146919572.0,0.058,-0.033,0.1016,9.2073,-28.5976,20.0
1574146919573.0,0.0388,-0.0379,0.1003,11.0366,-6.8293,19.7561
1574146919574.0,0.0292,-0.0425,0.101,12.6829,7.6829,15.0
1574146919574.0,0.0367,-0.0449,0.1037,11.0976,7.7439,7.1341
1574146919617.0,0.0394,-0.0475,0.1055,6.9512,4.3293,2.1951
1574146919618.0,0.0308,-0.0491,0.1028,3.8415,11.0976,-2.0732
1574146919619.0,0.0349,-0.0446,0.1024,3.0488,16.8293,-9.0854
1574146919619.0,0.0544,-0.0366,0.1096,1.8902,12.561,-14.8171
1574146919620.0,0.0633,-0.0308,0.1211,1.4024,12.9878,-14.7561
1574146919662.0,0.0507,-0.0262,0.1271,3.4146,27.439,-12.6829
1574146919663.0,0.0396,-0.0202,0.1269,5.8537,43.9024,-14.3902
1574146919664.0,0.0366,-0.0099,0.1239,4.3293,47.2561,-15.7927
1574146919665.0,0.0413,-0.001,0.1177,0.9756,37.9268,-16.9512
1574146919665.0,0.0466,0.0069,0.1129,-0.6098,27.378,-19.3902
1574146919706.0,0.0467,0.0144,0.1221,0.3659,21.8902,-19.6341
1574146919708.0,0.0434,0.0211,0.1332,1.1585,21.7683,-20.1829
1574146919708.0,0.041,0.0298,0.1274,-0.4268,20.9146,-23.1707
1574146919709.0,0.0396,0.0354,0.12,-4.5732,6.8293,-22.9268
1574146919751.0,0.0566,0.0353,0.1125,-7.1951,-23.7195,-21.6463
1574146919752.0,0.0718,0.033,0.113,-9.5732,-54.6341,-19.6951
1574146919752.0,0.0604,0.0303,0.1141,-11.8902,-67.8049,-14.0854
1574146919753.0,0.0497,0.0304,0.111,-9.0854,-69.3902,-9.939
1574146919754.0,0.0504,0.0308,0.1061,-6.8902,-79.1463,-7.378
1574146919796.0,0.0424,0.0267,0.1051,-9.939,-92.8049,-4.6951
1574146919797.0,0.0303,0.0267,0.1053,-12.7439,-94.8171,-4.939
1574146919798.0,0.0162,0.0304,0.1062,-15.9756,-92.9268,-7.622
1574146919798.0,0.0005,0.0319,0.1048,-23.7805,-95.8537,-15.1829
1574146919842.0,-0.0095,0.0306,0.0994,-36.5244,-101.6463,-29.0244
1574146919843.0,-0.011,0.0317,0.1042,-51.1585,-112.1341,-46.8293
1574146919844.0,-0.0018,0.0322,0.1122,-66.5854,-133.2927,-63.7195
1574146919845.0,0.0242,0.0248,0.0972,-90.5488,-171.8293,-78.9024
1574146919845.0,0.0549,0.0154,0.0713,-119.1463,-224.3293,-88.9024
1574146919886.0,0.0828,0.0049,0.0648,-142.8049,-268.9024,-91.7683
1574146919888.0,0.1045,-0.0063,0.0599,-157.3171,-286.8903,-86.9512
1574146919888.0,0.1228,-0.0139,0.0571,-167.9878,-295.4878,-78.8415
1574146919889.0,0.1349,-0.0193,0.0546,-179.0244,-304.0854,-70.6707
1574146919931.0,0.1295,-0.0213,0.0449,-189.8781,-297.7439,-62.0122
1574146919932.0,0.1182,-0.0194,0.0332,-196.3415,-278.9024,-52.0122
1574146919933.0,0.1177,-0.0173,0.0253,-195.6098,-265.5488,-44.6951
1574146919934.0,0.1219,-0.0186,0.022,-192.1951,-263.8415,-39.2073
1574146919936.0,0.1381,-0.0256,0.0242,-187.9268,-265.4268,-30.1829
1574146919977.0,0.1513,-0.0352,0.0214,-181.1585,-255.061,-20.6707
1574146919979.0,0.1453,-0.0389,0.0122,-169.0244,-221.8293,-12.6829
1574146919980.0,0.1415,-0.043,0.0018,-153.5366,-178.1707,-9.939
1574146919981.0,0.135,-0.0533,0.0002,-138.9024,-138.1707,-15.122
1574146919983.0,0.1285,-0.0649,-0.0001,-126.5244,-106.0976,-18.6585
1574146920021.0,0.1334,-0.067,0.0045,-113.9024,-75.122,-17.0732
1574146920022.0,0.1346,-0.0639,0.0121,-100.1829,-47.9878,-16.6463
1574146920022.0,0.131,-0.0626,0.0134,-89.5122,-27.9878,-20.4878
1574146920023.0,0.1306,-0.0634,0.015,-80.7317,-12.8659,-27.0122
1574146920066.0,0.1237,-0.0608,0.0182,-73.2927,-2.9878,-31.1585
1574146920067.0,0.1192,-0.0613,0.0221,-67.0122,2.8049,-33.7195
1574146920068.0,0.1146,-0.0605,0.005,-62.439,4.3902,-37.561
1574146920068.0,0.1306,-0.0673,0.0018,-56.2805,6.3415,-37.3171
1574146920069.0,0.1486,-0.0719,0.015,-46.0976,23.5366,-34.1463
1574146920111.0,0.1407,-0.0686,0.021,-33.9024,52.7439,-32.0122
1574146920112.0,0.1257,-0.0638,0.0306,-23.4756,80.6098,-31.7073
1574146920113.0,0.1041,-0.0517,0.0406,-15.9756,95.122,-32.622
1574146920113.0,0.1002,-0.0461,0.0356,-9.5732,85.7317,-36.4024
1574146920157.0,0.119,-0.051,0.0317,-7.5,57.439,-39.6951
1574146920158.0,0.1344,-0.0505,0.0327,-8.5366,25.2439,-34.878
1574146920159.0,0.14,-0.0457,0.0463,-8.1707,6.2805,-31.0366
1574146920159.0,0.1396,-0.0422,0.0444,-6.2195,9.4512,-34.878
1574146920160.0,0.1376,-0.0393,0.0484,-3.8415,19.878,-37.5
1574146920202.0,0.1154,-0.037,0.0531,-1.8902,23.2317,-32.2561
1574146920203.0,0.1066,-0.038,0.0472,-1.0976,12.0732,-31.5244
1574146920204.0,0.1328,-0.0348,0.0311,-3.4756,-5.3659,-36.8293
1574146920204.0,0.1687,-0.0325,0.0249,-3.7805,-20.6098,-34.5732
1574146920246.0,0.1707,-0.0287,0.0148,-0.6707,-13.9634,-29.5122
1574146920247.0,0.1474,-0.0244,0.0226,4.3293,19.2073,-27.6829
1574146920248.0,0.0963,-0.0142,0.0358,7.622,60.5488,-29.0854
1574146920249.0,0.1338,-0.0242,0.0589,7.0732,69.2683,-37.0122
1574146920250.0,0.1699,-0.024,0.0763,3.5366,36.4024,-44.5732
1574146920292.0,0.1526,-0.0198,0.0698,6.9512,17.5,-35.2439
1574146920293.0,0.1407,-0.0221,0.0524,11.2805,23.5366,-31.6463
1574146920293.0,0.1538,-0.0388,0.0424,14.3902,38.8415,-30.061
1574146920294.0,0.1276,-0.0432,0.0198,12.3171,62.1341,-8.9634
1574146920295.0,0.135,-0.0303,0.0166,-3.7195,71.3415,29.4512
1574146920337.0,0.133,-0.0132,0.0385,14.8171,73.1707,11.4634
1574146920338.0,0.1136,-0.0098,0.042,23.9634,92.3781,4.6341
1574146920338.0,0.0939,-0.0109,0.05,25.1829,116.7683,8.6585
1574146920339.0,0.0947,-0.0067,0.0578,31.1585,123.9634,7.561
1574146920381.0,0.1046,-0.0055,0.0643,32.561,105.8537,3.9634
1574146920382.0,0.1022,-0.0034,0.0649,26.2805,80.9146,3.7805
1574146920383.0,0.0916,0.0047,0.065,22.1341,65.9146,3.8415
1574146920383.0,0.0915,0.0088,0.0593,20.6098,52.2561,3.9024
1574146920384.0,0.1142,0.0014,0.0594,14.3902,34.939,3.7805
1574146920426.0,0.132,0.0001,0.0628,7.1341,23.9024,2.1341
1574146920427.0,0.1328,0.0052,0.0682,2.1341,25.7927,1.6463
1574146920472.0,0.1259,0.011,0.0673,-2.0732,39.0244,-1.6463
1574146920473.0,0.1129,0.0176,0.0511,-6.8902,43.7805,-3.5366
1574146920473.0,0.1114,0.0207,0.0401,-12.1951,34.2683,-2.5
1574146920474.0,0.1212,0.0244,0.0519,-15.7927,17.3171,-2.378
1574146920475.0,0.1176,0.0321,0.0659,-17.7439,5.4268,-2.0732
1574146920476.0,0.1284,0.0483,0.0577,-16.5854,15.8537,-8.1707
1574146920477.0,0.1412,0.0488,0.054,-6.9512,23.6585,5.4878
1574146920517.0,0.1608,0.0288,0.055,-18.6585,-15.6098,35.122
1574146920518.0,0.1674,0.0294,0.0496,-31.4024,-24.4512,42.3171
1574146920519.0,0.1395,0.0356,0.04,-27.8049,5.4878,51.2195
1574146920519.0,0.1163,0.0264,0.0336,-24.878,30.0,52.8659
1574146920561.0,0.1198,0.0118,0.024,-28.5976,30.122,52.8049
1574146920563.0,0.1189,-0.0021,0.0153,-33.2317,17.6829,63.5366
1574146920564.0,0.108,-0.015,0.0059,-31.3415,14.2073,69.8781
1574146920564.0,0.096,-0.0264,0.0004,-23.4756,18.4756,69.5732
1574146920565.0,0.091,-0.0377,0.0079,-13.5366,19.2073,70.061
1574146920606.0,0.0896,-0.0492,0.0252,-0.8537,17.1951,69.6341
1574146920608.0,0.087,-0.06,0.0461,16.9512,15.6707,69.8171
1574146920608.0,0.0938,-0.0746,0.069,35.4878,0.7317,69.0854
1574146920609.0,0.1014,-0.0917,0.086,46.3415,-27.3171,66.7683
1574146920652.0,0.0911,-0.1053,0.0914,56.4024,-42.7439,69.2073
1574146920653.0,0.0714,-0.1133,0.0887,73.4146,-44.878,74.2683
1574146920653.0,0.063,-0.1204,0.0854,90.7317,-51.3415,71.5244
1574146920654.0,0.0683,-0.1233,0.086,98.5366,-60.6707,67.6829
1574146920655.0,0.07,-0.1182,0.0874,101.5244,-65.9146,66.5854
1574146920697.0,0.0685,-0.1085,0.09,105.3049,-70.3659,60.3049
1574146920698.0,0.068,-0.0987,0.0906,107.5,-69.2073,46.2195
1574146920698.0,0.0703,-0.0861,0.0902,107.5,-64.1463,33.2317
1574146920742.0,0.0839,-0.0739,0.0944,103.2927,-55.9146,25.5488
1574146920743.0,0.1044,-0.0651,0.104,92.6829,-44.3902,14.5732
1574146920744.0,0.1233,-0.0579,0.111,81.2195,-28.1707,2.8659
1574146920745.0,0.131,-0.0452,0.1144,73.9634,-3.8415,-3.2927
1574146920745.0,0.1203,-0.0309,0.106,69.939,18.7805,-3.9634
1574146920746.0,0.0935,-0.0206,0.0788,65.4268,31.4024,-2.3171
1574146920786.0,0.0745,-0.0094,0.0569,60.9756,26.2195,-2.0122
1574146920787.0,0.0864,-0.0016,0.05,55.6707,7.561,-2.9268
1574146920788.0,0.1229,-0.0055,0.0486,47.3781,-12.1341,-2.9268
1574146920789.0,0.1584,-0.012,0.0557,42.1341,-18.0488,0.3659
1574146920790.0,0.1754,-0.0098,0.0685,48.1098,-3.2317,3.9634
1574146920832.0,0.1718,-0.0049,0.0793,55.6707,29.5732,5.9756
1574146920833.0,0.1447,-0.0035,0.0812,54.7561,72.6829,6.3415
1574146920833.0,0.1044,-0.0049,0.0748,52.3781,111.0366,8.2317
1574146920834.0,0.066,-0.0067,0.0601,52.0732,128.1707,10.3659
1574146920876.0,0.0428,-0.0066,0.0474,53.0488,118.2927,11.6463
1574146920877.0,0.0472,-0.0072,0.0475,53.2317,89.0854,11.8902
1574146920878.0,0.0707,-0.0034,0.0484,54.3902,54.0854,11.5854
1574146920878.0,0.0997,0.0036,0.0519,58.5976,24.7561,10.9146
1574146920879.0,0.1226,0.004,0.0599,56.1585,9.5122,5.1829
1574146920922.0,0.1342,0.0034,0.0724,51.3415,14.6341,-0.3049
1574146920923.0,0.1331,0.0008,0.0798,47.5,38.1098,-0.7927
1574146920923.0,0.112,-0.0027,0.0773,44.878,71.5244,-0.7927
1574146920924.0,0.0848,-0.0025,0.0709,44.0854,103.5976,0.7317
1574146920967.0,0.0651,-0.0012,0.0673,46.2195,122.1341,3.6585
1574146920968.0,0.058,-0.0054,0.0662,45.7317,113.7805,5.5488
1574146920968.0,0.0676,-0.0054,0.0754,41.9512,80.8537,4.939
1574146920970.0,0.0999,-0.0023,0.1088,36.8293,46.6463,4.1463
1574146920971.0,0.1234,-0.0017,0.1198,29.2683,31.8293,5.7927
1574146921012.0,0.1284,-0.0018,0.1128,22.0732,38.1707,7.3171
1574146921013.0,0.1212,-0.004,0.097,13.5366,70.7317,1.8902
1574146921013.0,0.1054,-0.0103,0.0874,9.8171,107.622,-3.0488
1574146921014.0,0.0908,-0.0166,0.0806,4.7561,119.939,0.3659
1574146921015.0,0.0808,-0.0179,0.0773,4.5732,111.8293,7.8659
1574146921057.0,0.063,-0.0159,0.0714,9.878,104.6341,12.1951
1574146921058.0,0.047,-0.0159,0.0764,18.4756,104.0244,8.9634
1574146921059.0,0.0618,-0.0146,0.085,27.9878,99.8781,3.2927
1574146921059.0,0.0767,-0.0091,0.1003,31.8293,79.6951,3.2317
1574146921101.0,0.0607,-0.0105,0.102,33.0488,53.1707,5.8537
1574146921102.0,0.0546,-0.0184,0.0959,38.5976,33.1098,2.0122
1574146921102.0,0.0796,-0.0234,0.1042,41.0976,9.5122,1.4024
1574146921103.0,0.0955,-0.0222,0.1287,39.8171,-17.9268,5.6707
1574146921104.0,0.0826,-0.0183,0.1415,38.2927,-41.2195,7.3171
1574146921146.0,0.0905,-0.0164,0.1514,36.6463,-56.8902,-3.5366
1574146921147.0,0.1115,-0.0158,0.1417,25.9756,-73.6585,-15.2439
1574146921148.0,0.1052,-0.0163,0.13,12.1341,-82.3781,-10.3659
