0,1,2,3,4,5,6
1574146969746.0,0.1058,-0.035,0.0923,-48.1098,-128.2927,-26.0366
1574146969746.0,0.1047,-0.032,0.0943,-44.0854,-118.6585,-30.7927
1574146969747.0,0.105,-0.0342,0.0941,-47.6829,-95.5488,-34.2683
1574146969747.0,0.1091,-0.0366,0.088,-49.6951,-61.4634,-37.0732
1574146969748.0,0.1044,-0.0355,0.081,-48.8415,-26.7683,-33.7805
1574146969790.0,0.0931,-0.0355,0.0724,-47.622,-1.8902,-28.9634
1574146969791.0,0.0836,-0.037,0.0647,-46.3415,12.9878,-29.0854
1574146969792.0,0.0802,-0.0382,0.056,-43.5366,16.9512,-31.4024
1574146969792.0,0.0848,-0.0408,0.0542,-40.4268,12.0732,-31.8293
1574146969881.0,0.0926,-0.0406,0.0588,-37.1341,3.7805,-31.2195
1574146969926.0,0.1028,-0.0356,0.0649,-31.7683,-2.378,-29.8171
1574146969927.0,0.1149,-0.0323,0.0705,-26.9512,-4.2073,-26.8293
1574146969928.0,0.1234,-0.0347,0.0712,-22.1341,-1.9512,-22.1341
1574146969929.0,0.1265,-0.0393,0.0691,-16.0976,6.0976,-16.8293
1574146969930.0,0.1248,-0.0421,0.0677,-8.8415,19.0854,-11.4634
1574146969931.0,0.1204,-0.0434,0.0671,-2.9268,32.2561,-8.7805
1574146969931.0,0.1174,-0.0459,0.0667,2.5,41.5244,-6.5244
1574146969932.0,0.1118,-0.0522,0.0661,8.2927,45.6098,-2.8659
1574146969933.0,0.1061,-0.0502,0.0662,19.6341,44.4512,-0.1829
1574146969933.0,0.1004,-0.0445,0.0702,30.6098,42.9268,2.561
1574146969971.0,0.0937,-0.0447,0.0782,32.2561,43.7195,3.4146
1574146969972.0,0.0828,-0.0434,0.0833,32.2561,48.4146,3.7805
1574146969972.0,0.0684,-0.0369,0.0967,33.4756,52.561,7.8049
1574146969973.0,0.0564,-0.0308,0.1062,32.6829,47.622,13.2927
1574146969974.0,0.0547,-0.0316,0.1085,26.4634,23.7195,12.6829
1574146969975.0,0.0719,-0.0378,0.1074,15.061,-13.8415,11.9512
1574146969976.0,0.0949,-0.0469,0.1061,-1.2195,-50.6098,16.4634
1574146969976.0,0.1097,-0.0529,0.1082,-15.7927,-72.622,17.9268
1574146970016.0,0.1102,-0.0522,0.1108,-24.6341,-71.8293,15.3659
1574146970017.0,0.0977,-0.051,0.1122,-32.439,-53.9024,12.6829
1574146970018.0,0.076,-0.049,0.1136,-40.4878,-35.2439,9.3902
1574146970019.0,0.0578,-0.0482,0.1121,-50.3049,-25.4878,7.0122
1574146970061.0,0.0506,-0.0469,0.1075,-59.3293,-23.9634,4.0244
1574146970061.0,0.0542,-0.0483,0.095,-67.3171,-34.5732,-0.6707
1574146970062.0,0.0624,-0.0538,0.0815,-75.3049,-54.4512,-1.8293
1574146970063.0,0.0779,-0.0598,0.0723,-83.2927,-76.5244,-2.1341
1574146970064.0,0.0883,-0.0583,0.0768,-89.939,-94.5122,-4.6951
1574146970106.0,0.0903,-0.0528,0.0841,-95.3659,-99.5122,-10.3049
1574146970106.0,0.0846,-0.0487,0.0837,-98.1098,-87.9268,-18.2927
1574146970107.0,0.0721,-0.0507,0.0703,-98.7195,-71.4024,-25.2439
1574146970107.0,0.0659,-0.0588,0.0583,-99.2073,-59.2683,-29.7561
1574146970151.0,0.062,-0.0648,0.0587,-98.5366,-56.6463,-32.8659
1574146970152.0,0.0709,-0.0691,0.0539,-98.2927,-61.3415,-39.4512
1574146970153.0,0.0911,-0.0628,0.0533,-94.3902,-50.6707,-54.1463
1574146970153.0,0.1031,-0.052,0.049,-80.9756,-17.8659,-64.8171
1574146970154.0,0.1058,-0.0538,0.0408,-64.3293,23.4756,-72.3781
1574146970241.0,0.1044,-0.0598,0.0334,-50.9756,52.5,-81.1585
1574146970242.0,0.1007,-0.058,0.0339,-38.6585,52.1951,-86.2195
1574146970243.0,0.1082,-0.0507,0.0398,-28.3537,23.6585,-89.3902
1574146970244.0,0.1201,-0.0408,0.0488,-21.2195,-11.7073,-88.1707
1574146970244.0,0.1331,-0.0378,0.0485,-16.8293,-35.7927,-81.6463
1574146970245.0,0.1368,-0.0402,0.0319,-10.122,-30.5488,-76.8902
1574146970246.0,0.1216,-0.0422,-0.0029,4.878,-1.7683,-77.622
1574146970246.0,0.0919,-0.0444,-0.0295,21.0976,30.4268,-77.7439
1574146970247.0,0.082,-0.0327,-0.0288,36.6463,46.2805,-73.8415
1574146970286.0,0.0961,-0.0135,-0.012,55.061,45.6707,-65.061
1574146970287.0,0.1195,-0.0101,0.0096,62.0732,27.439,-53.9024
1574146970288.0,0.1394,-0.0148,0.0329,58.7805,3.6585,-45.9146
1574146970289.0,0.1473,-0.0217,0.0474,56.5244,-6.6463,-41.6463
1574146970331.0,0.1534,-0.033,0.0523,56.4634,2.7439,-38.4146
1574146970332.0,0.1595,-0.0364,0.0483,59.3293,27.9268,-35.2439
1574146970333.0,0.1598,-0.0298,0.0491,64.4512,57.439,-32.5
1574146970333.0,0.1464,-0.0181,0.0525,64.6951,86.0366,-32.1951
1574146970334.0,0.1207,-0.007,0.053,63.1098,105.2439,-33.6585
1574146970376.0,0.095,-0.0009,0.0534,62.1341,109.939,-33.2927
1574146970377.0,0.0806,0.0013,0.0583,61.5244,96.4024,-29.5122
1574146970377.0,0.0828,0.0012,0.0644,58.0488,68.4756,-22.6829
1574146970378.0,0.0966,-0.0026,0.0682,51.2805,37.622,-16.3415
1574146970379.0,0.1068,-0.0058,0.0695,45.4878,15.7317,-13.2317
1574146970421.0,0.1057,-0.0056,0.07,41.4024,8.3537,-13.9024
1574146970422.0,0.0996,-0.0064,0.0704,38.1707,12.1341,-17.2561
1574146970423.0,0.0923,-0.0029,0.0712,36.4634,17.1951,-20.3659
1574146970424.0,0.0859,0.0039,0.0736,35.3659,14.939,-20.2439
1574146970466.0,0.0822,0.0076,0.0781,33.1707,7.378,-21.5854
1574146970467.0,0.0823,0.0113,0.0877,31.8293,0.6098,-25.061
1574146970468.0,0.0886,0.0172,0.0981,30.4878,-5.7317,-26.4634
1574146970469.0,0.1032,0.0233,0.1107,24.3293,-14.6341,-22.1951
1574146970470.0,0.1281,0.0276,0.1201,14.3293,-25.4268,-12.1341
1574146970511.0,0.1394,0.0344,0.1068,4.878,-36.7073,-3.5976
1574146970511.0,0.1417,0.0343,0.0762,0.1829,-52.3781,9.7561
1574146970512.0,0.1541,0.0321,0.061,-5.0,-61.6463,17.6829
1574146970512.0,0.1408,0.0316,0.0598,-8.2927,-55.6098,15.5488
1574146970555.0,0.1218,0.0373,0.0641,-15.8537,-47.439,21.4634
1574146970556.0,0.1276,0.0447,0.0765,-17.0122,-44.878,32.0732
1574146970557.0,0.1552,0.0414,0.0898,-22.378,-63.3537,43.1098
1574146970558.0,0.1705,0.0311,0.0942,-37.1951,-86.4024,56.5244
1574146970558.0,0.166,0.0217,0.0778,-49.0244,-97.9878,70.061
1574146970601.0,0.1553,0.015,0.0733,-53.4756,-93.5366,84.5122
1574146970602.0,0.1409,0.0103,0.0663,-52.439,-82.9878,95.3659
1574146970602.0,0.1344,0.0103,0.056,-54.5122,-80.6098,101.6463
1574146970603.0,0.13,0.0074,0.0516,-54.5732,-88.3537,107.1341
1574146970646.0,0.1301,0.0002,0.0457,-53.5366,-99.1463,111.9512
1574146970646.0,0.1397,-0.0067,0.0464,-52.5,-104.5732,114.1463
1574146970647.0,0.1506,-0.0109,0.0513,-50.122,-98.2927,115.7927
1574146970647.0,0.1508,-0.0122,0.0544,-45.6707,-74.8171,117.2561
1574146970648.0,0.1403,-0.0117,0.0564,-38.8415,-35.6707,118.1707
1574146970690.0,0.1239,-0.0137,0.0577,-33.7195,5.4878,116.4024
1574146970691.0,0.1072,-0.0167,0.0492,-32.5,37.6829,112.6829
1574146970692.0,0.098,-0.0222,0.039,-32.8049,58.1707,109.939
1574146970692.0,0.0876,-0.0283,0.0285,-32.0732,69.4512,105.7317
1574146970693.0,0.074,-0.0344,0.0236,-28.9024,68.4146,99.2073
1574146970736.0,0.0688,-0.0393,0.0145,-25.1829,53.7195,93.9024
1574146970736.0,0.0845,-0.0402,0.011,-18.4146,29.939,90.4878
1574146970737.0,0.1042,-0.045,0.0171,-12.622,8.2317,86.0976
1574146970737.0,0.1136,-0.0542,0.0294,-11.3415,4.0854,79.6341
1574146970781.0,0.114,-0.0599,0.0396,-6.4634,24.2683,70.9146
1574146970782.0,0.0912,-0.0596,0.0377,-1.7073,54.5732,60.8537
1574146970782.0,0.0581,-0.0565,0.0377,2.622,81.2805,55.061
1574146970783.0,0.0413,-0.0568,0.0419,5.4878,91.6463,48.2927
1574146970784.0,0.0344,-0.0602,0.0409,3.7195,77.8659,41.9512
1574146970826.0,0.0273,-0.0636,0.0303,-2.561,46.7683,43.7195
1574146970827.0,0.0284,-0.0668,0.0217,-3.2927,4.4512,42.561
1574146970828.0,0.0585,-0.075,0.0176,1.7683,-45.122,30.3659
1574146970828.0,0.0975,-0.0846,0.0278,0.4268,-88.9024,16.7683
1574146970871.0,0.1122,-0.0887,0.0379,-0.7317,-104.4512,13.4146
1574146970872.0,0.1023,-0.0887,0.0383,7.9878,-92.8659,14.0244
1574146970876.0,0.0898,-0.0866,0.0259,19.5122,-70.6098,10.6707
1574146970877.0,0.0792,-0.0873,0.0193,29.3902,-54.939,7.0732
1574146970877.0,0.0609,-0.0885,0.0229,31.0976,-50.5488,6.0366
1574146970916.0,0.0525,-0.0924,0.0443,29.5122,-53.9634,-0.8537
1574146970917.0,0.0322,-0.089,0.0472,30.122,-59.2683,-11.0366
1574146970918.0,0.0447,-0.0847,0.0331,29.3902,-83.8415,-16.2195
1574146970918.0,0.0756,-0.0886,0.0214,27.3171,-110.9756,-19.2683
1574146970961.0,0.0959,-0.0951,0.0168,25.9146,-134.0244,-18.8415
1574146970962.0,0.0982,-0.0958,0.0094,23.9024,-137.9878,-23.8415
1574146970963.0,0.0913,-0.0859,0.0137,27.378,-129.939,-31.2805
1574146970964.0,0.1046,-0.0734,0.0407,32.2561,-120.7317,-34.0854
1574146970964.0,0.1203,-0.0714,0.0483,32.6829,-108.7195,-37.0122
1574146971006.0,0.1268,-0.0785,0.0526,31.1585,-91.5854,-35.9756
1574146971006.0,0.1196,-0.0841,0.0503,32.3171,-64.6951,-30.061
1574146971007.0,0.1016,-0.0814,0.0364,37.3171,-32.9878,-29.2683
1574146971007.0,0.0885,-0.0754,0.0275,42.2561,-8.1707,-30.3659
1574146971008.0,0.0893,-0.0724,0.0327,41.7073,2.3171,-33.4756
1574146971051.0,0.0975,-0.0672,0.0459,38.7195,10.0,-35.0
1574146971052.0,0.103,-0.0648,0.0558,38.8415,20.6707,-34.2683
1574146971053.0,0.1082,-0.0676,0.0578,39.2683,30.2439,-36.0976
1574146971054.0,0.1129,-0.0668,0.0571,38.5366,35.8537,-36.8293
1574146971141.0,0.1182,-0.0587,0.0549,39.939,39.2073,-36.0976
1574146971142.0,0.1233,-0.0532,0.0484,39.2683,45.6707,-37.6829
1574146971143.0,0.1302,-0.0524,0.046,35.7317,58.0488,-36.8902
1574146971144.0,0.1403,-0.0518,0.0555,36.6463,80.0,-34.3902
1574146971145.0,0.1544,-0.0483,0.0656,43.9024,117.6829,-34.5122
1574146971145.0,0.1667,-0.0435,0.0745,48.1707,169.7561,-35.7317
1574146971146.0,0.1611,-0.0348,0.0786,47.9878,228.7805,-31.8902
1574146971147.0,0.1259,-0.0303,0.0889,48.5976,284.8781,-23.3537
1574146971147.0,0.092,-0.0297,0.0908,50.3659,314.939,-16.4634
1574146971148.0,0.0747,-0.027,0.0911,52.7439,306.2805,-10.0
1574146971231.0,0.0731,-0.0299,0.0933,53.9024,260.4878,-4.7561
1574146971232.0,0.0812,-0.0359,0.0975,47.3781,190.4878,-0.4268
1574146971233.0,0.0897,-0.0375,0.1034,38.5976,120.4878,5.7317
1574146971233.0,0.1057,-0.0403,0.1047,29.8171,72.5,9.3293
1574146971234.0,0.1108,-0.0384,0.0997,22.7439,68.4756,10.0
1574146971235.0,0.0978,-0.0367,0.0894,26.3415,97.1951,10.6707
1574146971236.0,0.0768,-0.0403,0.0858,34.2683,120.1829,12.3171
1574146971236.0,0.0694,-0.0361,0.0897,40.1829,117.8049,13.4756
1574146971237.0,0.0648,-0.0287,0.0938,42.3171,105.8537,11.1585
1574146971276.0,0.0556,-0.0236,0.0912,42.561,97.8049,6.4634
1574146971277.0,0.0511,-0.0204,0.0809,44.939,90.122,5.9146
1574146971278.0,0.0589,-0.0221,0.0723,46.9512,75.4878,8.7805
1574146971279.0,0.0707,-0.0228,0.0837,47.9878,49.4512,10.061
1574146971321.0,0.0664,-0.0215,0.103,47.1951,21.7683,8.9634
1574146971322.0,0.0693,-0.0275,0.131,44.939,8.2927,3.7805
1574146971323.0,0.0906,-0.0267,0.1484,41.4024,4.5732,1.4634
1574146971323.0,0.1096,-0.0316,0.1368,28.7805,-4.5732,5.7927
1574146971366.0,0.0969,-0.0347,0.1195,20.6098,7.8049,0.1829
1574146971367.0,0.0645,-0.0357,0.1062,23.2927,44.5122,-4.0244
1574146971367.0,0.0527,-0.0368,0.0966,24.6341,62.1341,-1.0976
1574146971368.0,0.0574,-0.0339,0.0875,19.0854,50.0,0.7927
1574146971368.0,0.0516,-0.032,0.0793,15.8537,33.9024,-0.9756
1574146971411.0,0.051,-0.0306,0.0836,17.8659,34.4512,-8.2317
1574146971411.0,0.0538,-0.0278,0.0972,19.5122,45.6098,-13.7195
1574146971412.0,0.0487,-0.024,0.1141,19.939,54.6341,-18.8415
1574146971412.0,0.0447,-0.0229,0.1321,18.0488,57.7439,-29.4512
1574146971413.0,0.0543,-0.0236,0.1377,8.4146,51.4024,-41.6463
1574146971456.0,0.077,-0.0266,0.1296,-6.8293,40.122,-45.9756
1574146971456.0,0.0823,-0.0307,0.1196,-19.5122,34.6951,-44.2073
1574146971457.0,0.0694,-0.0333,0.103,-24.7561,36.8902,-43.7805
1574146971457.0,0.0692,-0.0332,0.0844,-26.0976,31.0976,-47.439
1574146971501.0,0.0867,-0.0302,0.0732,-26.7683,5.9756,-46.8902
1574146971501.0,0.1112,-0.031,0.0718,-25.5488,-27.622,-39.6341
1574146971546.0,0.1341,-0.0333,0.0789,-20.6098,-43.0488,-27.7439
1574146971547.0,0.1387,-0.0275,0.0861,-9.7561,-29.5732,-13.8415
1574146971548.0,0.132,-0.0199,0.0898,2.622,-9.7561,-2.7439
1574146971549.0,0.1218,-0.0149,0.0931,11.5854,-1.4024,6.2805
1574146971549.0,0.0968,-0.0129,0.0967,16.7683,-0.4268,14.8171
1574146971550.0,0.0768,-0.011,0.0927,20.9756,2.439,20.7927
1574146971551.0,0.0651,-0.009,0.0884,21.9512,1.5854,25.8537
1574146971591.0,0.049,-0.0092,0.0859,22.0732,-11.1585,27.5
1574146971592.0,0.05,-0.0134,0.081,22.8049,-33.4146,25.6707
1574146971593.0,0.0541,-0.0137,0.0867,21.2195,-63.4146,24.4512
1574146971594.0,0.0598,-0.0181,0.0897,21.6463,-90.9146,23.1707
1574146971595.0,0.0902,-0.0232,0.082,23.7195,-111.2195,22.1951
1574146971636.0,0.1135,-0.0232,0.0865,27.2561,-124.8171,26.3415
1574146971637.0,0.1089,-0.0302,0.1054,31.8293,-113.4756,29.6951
1574146971638.0,0.109,-0.0397,0.1042,37.7439,-65.8537,30.4878
1574146971639.0,0.1089,-0.0372,0.1076,45.3049,-9.0244,36.5854
1574146971681.0,0.0663,-0.0314,0.134,49.4512,33.5976,40.6707
1574146971682.0,0.0082,-0.0308,0.1456,46.7073,70.6098,29.8171
1574146971683.0,-0.0145,-0.0323,0.1393,34.3293,89.1463,12.561
1574146971684.0,-0.0068,-0.0317,0.1219,15.3659,79.3293,-0.5488
1574146971684.0,0.0064,-0.0391,0.1205,-2.2561,55.6707,-14.2073
1574146971726.0,0.0266,-0.0475,0.1321,-19.2073,33.5976,-29.2073
1574146971727.0,0.0496,-0.0412,0.1318,-35.122,30.9146,-40.2439
1574146971728.0,0.061,-0.0298,0.1255,-45.4268,43.4756,-48.4756
1574146971730.0,0.0734,-0.0199,0.1176,-49.6951,46.7073,-58.2927
1574146971731.0,0.0985,-0.0126,0.1074,-53.6585,29.4512,-61.7073
1574146971770.0,0.1236,-0.0065,0.0944,-55.0,8.5366,-55.0
1574146971771.0,0.1322,-0.0088,0.0809,-49.939,0.122,-41.4024
1574146971772.0,0.1221,-0.0142,0.0718,-37.1951,9.5122,-26.8902
1574146971772.0,0.1061,-0.0115,0.0718,-18.9024,25.1829,-13.4146
1574146971816.0,0.101,-0.008,0.0775,-3.5976,22.6829,-2.6829
1574146971816.0,0.1069,-0.0052,0.0884,4.5732,-0.9146,5.0
1574146971817.0,0.1117,-0.0051,0.1046,9.939,-26.6463,13.9634
1574146971817.0,0.0991,-0.0056,0.1093,12.1341,-36.6463,22.8049
1574146971818.0,0.0775,-0.0033,0.0949,15.061,-34.7561,27.378
1574146971861.0,0.0585,-0.0046,0.079,16.9512,-45.1829,28.7195
1574146971861.0,0.0416,-0.006,0.0706,15.061,-77.3171,28.2927
1574146971862.0,0.0313,-0.0046,0.0687,13.5976,-112.0732,24.3902
1574146971863.0,0.0267,-0.0036,0.0676,13.1098,-134.7561,17.561
1574146971906.0,0.0259,-0.0035,0.077,13.2317,-147.9268,10.122
1574146971907.0,0.053,-0.0071,0.1066,10.5488,-163.5366,0.3049
1574146971908.0,0.0967,-0.014,0.1367,-1.5244,-196.0976,-6.7683
1574146971908.0,0.1278,-0.0203,0.1553,-26.2805,-239.8781,-5.3659
1574146971909.0,0.136,-0.0258,0.1433,-52.5,-270.3658,-1.5854
1574146971951.0,0.1439,-0.0333,0.1199,-76.4024,-281.1585,-0.122
1574146971952.0,0.1457,-0.0368,0.1078,-96.8293,-282.6219,3.4756
1574146971953.0,0.1461,-0.0414,0.0956,-111.4024,-278.4146,12.9268
1574146971953.0,0.1533,-0.0508,0.087,-121.4634,-257.8658,24.878
1574146971996.0,0.1335,-0.0541,0.0692,-124.6341,-224.0854,37.0732
1574146971997.0,0.1028,-0.0555,0.0453,-126.2195,-194.4512,47.9878
1574146971998.0,0.086,-0.0518,0.0421,-125.2439,-181.4634,51.1585
1574146971998.0,0.098,-0.0466,0.0699,-125.061,-183.4756,51.8902
1574146971999.0,0.105,-0.0289,0.0729,-127.0732,-189.8781,59.4512
1574146972041.0,0.1085,-0.0237,0.0436,-125.4268,-200.6707,64.3902
1574146972042.0,0.0869,-0.0277,-0.0098,-117.0732,-205.5488,60.4268
1574146972043.0,0.0684,-0.0333,-0.0547,-101.5854,-203.4146,53.9634
1574146972044.0,0.0767,-0.0414,-0.0638,-87.439,-205.122,47.3171
1574146972045.0,0.1042,-0.0455,-0.0456,-75.9146,-208.1707,42.0732
1574146972086.0,0.1274,-0.0457,-0.0227,-59.8781,-188.2927,37.7439
1574146972087.0,0.1283,-0.041,-0.0133,-43.0488,-145.6707,33.5976
1574146972088.0,0.11,-0.04,-0.0164,-29.0854,-99.0244,26.9512
1574146972088.0,0.0971,-0.0473,-0.016,-21.4634,-64.2073,20.0
1574146972131.0,0.0963,-0.0554,-0.0101,-17.9878,-40.061,15.6098
1574146972132.0,0.1037,-0.0623,-0.009,-17.0122,-27.8659,8.9024
1574146972133.0,0.1053,-0.0639,-0.0091,-17.0732,-21.0366,-0.2439
1574146972133.0,0.0985,-0.0664,-0.0068,-17.622,-13.4756,-9.3902
1574146972134.0,0.0895,-0.0694,-0.0006,-20.3049,-6.8293,-18.2927
1574146972175.0,0.0806,-0.0712,0.0071,-25.122,-2.1341,-22.561
1574146972176.0,0.0712,-0.0692,0.0165,-29.6951,3.2317,-24.939
1574146972177.0,0.078,-0.0659,0.0264,-33.1098,6.9512,-29.0244
1574146972221.0,0.111,-0.0671,0.022,-41.0366,17.2561,-35.3049
1574146972221.0,0.1476,-0.0617,0.0264,-45.3049,44.2683,-42.7439
1574146972222.0,0.175,-0.0637,0.0104,-42.6829,73.4756,-43.6585
1574146972223.0,0.1564,-0.0664,-0.007,-36.3415,96.2195,-44.8171
1574146972223.0,0.0938,-0.0663,-0.0062,-23.4146,106.4634,-45.5488
1574146972224.0,0.0509,-0.0706,-0.0073,-12.9268,97.2561,-45.6098
1574146972266.0,0.0771,-0.0602,-0.0209,-10.3659,57.6829,-52.0732
1574146972267.0,0.1285,-0.0474,-0.0157,-7.5,3.6585,-50.5488
1574146972268.0,0.1544,-0.0583,-0.0219,-3.1098,-35.4268,-41.4024
1574146972269.0,0.1615,-0.0699,-0.0207,2.8049,-21.9512,-43.8415
1574146972311.0,0.1551,-0.0635,-0.0076,18.6585,28.2317,-49.8781
1574146972356.0,0.1438,-0.0548,-0.0009,37.3171,83.7195,-50.4878
1574146972357.0,0.1365,-0.0477,0.0006,50.7927,137.1342,-51.8293
1574146972357.0,0.1321,-0.0385,0.0075,61.6463,172.9878,-48.5976
1574146972358.0,0.1265,-0.0278,0.0196,67.9878,180.3049,-41.1585
1574146972359.0,0.1199,-0.0195,0.022,70.4268,165.6098,-34.1463
1574146972360.0,0.1262,-0.019,0.0198,68.1098,133.1098,-26.7073
1574146972360.0,0.1372,-0.0208,0.0301,64.3902,96.7683,-23.1707
1574146972361.0,0.1291,-0.0189,0.0323,60.6707,72.2561,-20.3049
1574146972362.0,0.1289,-0.0106,0.0254,58.5976,51.7073,-15.7927
1574146972401.0,0.1348,-0.0098,0.025,57.0122,31.2195,-8.9634
1574146972401.0,0.1379,-0.0236,0.0192,53.8415,18.7195,-4.1463
1574146972402.0,0.1459,-0.0225,0.026,53.6585,25.0,-6.8293
1574146972403.0,0.1525,-0.0148,0.0413,55.4268,42.8659,-6.4634
1574146972446.0,0.1421,-0.0089,0.0464,54.1463,66.2805,-4.0244
1574146972447.0,0.1229,-0.0132,0.0484,53.4756,88.5366,3.0488
1574146972448.0,0.1071,-0.0233,0.0457,47.6829,93.6585,9.5122
1574146972449.0,0.0949,-0.021,0.0341,42.2561,80.6707,5.6098
1574146972450.0,0.0891,-0.0176,0.03,43.8415,58.1707,3.0488
1574146972491.0,0.098,-0.0284,0.0258,38.9024,28.4756,5.9146
1574146972492.0,0.1152,-0.0355,0.0261,29.4512,3.3537,7.439
1574146972493.0,0.1298,-0.0345,0.0325,25.8537,-6.0976,5.7317
1574146972493.0,0.1346,-0.0321,0.0379,25.061,3.1707,6.8902
1574146972536.0,0.1302,-0.0302,0.0428,24.6951,25.2439,8.9024
1574146972537.0,0.1111,-0.0292,0.0535,25.0,50.122,10.3049
1574146972538.0,0.0912,-0.0271,0.0623,24.878,66.8293,9.0854
1574146972538.0,0.0891,-0.0249,0.0682,24.0854,66.4634,7.5
1574146972539.0,0.0919,-0.0247,0.0686,21.5244,47.8659,9.0244
1574146972581.0,0.0903,-0.0262,0.0644,17.1951,19.4512,9.8171
1574146972582.0,0.0931,-0.0286,0.0582,11.7683,-11.1585,6.0976
1574146972583.0,0.1111,-0.0312,0.0496,6.3415,-33.8415,2.5
1574146972583.0,0.132,-0.0342,0.0448,3.3537,-39.878,2.2561
1574146972626.0,0.1508,-0.035,0.041,4.1463,-27.2561,3.5976
1574146972627.0,0.1537,-0.0255,0.045,10.9146,7.9878,5.2439
1574146972628.0,0.1395,-0.0207,0.0601,16.2805,55.1829,6.5854
1574146972629.0,0.1208,-0.0239,0.0676,16.3415,101.5854,9.0854
1574146972629.0,0.0992,-0.0253,0.0687,18.0488,133.3537,11.8293
1574146972671.0,0.0822,-0.0223,0.0676,19.5122,142.561,12.8659
1574146972672.0,0.0739,-0.0206,0.0679,19.6951,132.6219,11.4024
1574146972672.0,0.074,-0.0209,0.0703,17.561,109.0244,10.7317
1574146972673.0,0.0862,-0.0233,0.0684,13.7195,80.122,9.4512
1574146972716.0,0.1089,-0.0236,0.0639,11.7683,54.8781,8.1707
1574146972717.0,0.123,-0.0242,0.0761,12.378,40.6098,9.878
1574146972718.0,0.1319,-0.0242,0.0789,15.3049,41.8293,14.1463
1574146972719.0,0.1336,-0.0186,0.0737,22.7439,61.7683,11.6463
1574146972719.0,0.118,-0.0188,0.0682,23.8415,88.5976,10.8537
1574146972761.0,0.1047,-0.0217,0.0684,21.8902,114.0244,11.5854
1574146972762.0,0.0951,-0.0259,0.0785,23.9634,130.6707,10.6707
1574146972763.0,0.0887,-0.0268,0.0795,25.0,130.1829,9.6341
1574146972764.0,0.0863,-0.0187,0.078,28.3537,122.5,8.2927
1574146972764.0,0.0862,-0.016,0.0801,28.5976,116.7683,7.1951
1574146972805.0,0.0901,-0.0253,0.0821,22.7439,112.0732,7.6829
1574146972806.0,0.0963,-0.032,0.0816,20.7317,100.122,9.3902
1574146972807.0,0.1003,-0.0311,0.0778,20.2439,78.3537,10.6707
1574146972807.0,0.0859,-0.0254,0.0782,20.0,68.7805,10.8537
1574146972851.0,0.0696,-0.019,0.0846,23.4146,73.2317,7.1341
1574146972851.0,0.0753,-0.0176,0.0917,24.3902,71.3415,3.8415
1574146972852.0,0.0879,-0.0191,0.0883,18.9024,59.5732,3.7195
1574146972852.0,0.0801,-0.0192,0.0877,16.2805,57.2561,5.7317
1574146972853.0,0.0626,-0.0189,0.093,19.1463,70.2439,5.6098
1574146972896.0,0.0595,-0.0195,0.0952,21.2805,80.7317,0.9756
1574146972897.0,0.072,-0.0238,0.1014,18.5976,69.6951,-3.4756
1574146972898.0,0.0898,-0.0258,0.1029,16.5854,47.6829,-5.122
1574146972899.0,0.0879,-0.0235,0.0984,15.3659,35.0,-6.3415
1574146972941.0,0.0788,-0.0281,0.0925,14.8171,30.7927,-11.5854
1574146972942.0,0.0856,-0.0311,0.0894,16.0366,34.3293,-17.1951
1574146972943.0,0.1031,-0.03,0.0947,15.061,35.3659,-10.6098
1574146972944.0,0.1116,-0.0289,0.0936,12.0122,36.2805,-5.1829
1574146972945.0,0.1008,-0.0278,0.0925,11.3415,49.4512,-4.0854
1574146972986.0,0.0852,-0.028,0.0892,14.4512,71.8293,-0.2439
1574146972987.0,0.0808,-0.0252,0.0854,19.4512,89.8781,1.7683
1574146972988.0,0.0793,-0.022,0.0902,25.9146,95.2439,0.4878
1574146972988.0,0.0728,-0.022,0.1028,30.8537,89.0244,-3.2317
1574146973031.0,0.066,-0.0216,0.1133,31.7683,79.0854,-3.0488
1574146973032.0,0.0566,-0.023,0.1158,30.9756,67.1341,-3.5976
1574146973033.0,0.0501,-0.0284,0.1087,28.4756,59.6951,-5.0
1574146973033.0,0.0483,-0.0314,0.1082,26.9512,59.0244,-0.7927
1574146973034.0,0.046,-0.0303,0.1097,24.878,53.9024,-0.6098
1574146973076.0,0.0433,-0.0285,0.1156,23.1098,44.5732,-3.9634
1574146973077.0,0.0539,-0.0275,0.1198,23.3537,29.7561,-9.4512
1574146973078.0,0.0819,-0.0236,0.1262,22.0732,10.4878,-10.3049
1574146973079.0,0.091,-0.019,0.1198,16.6463,4.6951,-2.2561
1574146973079.0,0.0709,-0.0182,0.1129,18.9634,19.8171,4.3293
1574146973121.0,0.056,-0.0165,0.1131,27.5,37.6829,5.061
1574146973122.0,0.0532,-0.0123,0.1124,30.1829,40.0,4.0854
1574146973123.0,0.0527,-0.0103,0.1097,26.2805,25.5488,4.5732
1574146973123.0,0.0568,-0.0109,0.1108,23.7195,11.0976,4.878
1574146973166.0,0.0633,-0.0148,0.1214,23.7805,-0.6098,2.1951
1574146973167.0,0.0727,-0.0184,0.1248,22.0122,-9.2683,2.2561
1574146973168.0,0.0686,-0.0192,0.1234,20.9146,-8.1707,6.3415
1574146973169.0,0.0542,-0.019,0.121,21.0366,-2.6829,7.5
1574146973169.0,0.0565,-0.0163,0.1183,19.5122,-2.8659,3.1707
1574146973211.0,0.0745,-0.0126,0.1193,13.9634,-11.9512,-0.122
1574146973212.0,0.0899,-0.012,0.1129,7.5,-18.1098,1.4634
1574146973213.0,0.0856,-0.0132,0.1028,5.8537,-10.7317,5.8537
1574146973213.0,0.0685,-0.0142,0.1008,8.2927,1.1585,9.0854
1574146973256.0,0.0575,-0.0128,0.1032,10.3049,7.561,9.5732
1574146973257.0,0.0558,-0.012,0.1053,8.8415,3.2317,8.7805
1574146973258.0,0.0555,-0.0112,0.1097,5.9756,-7.3171,8.1098
1574146973259.0,0.0626,-0.0121,0.1148,2.8049,-18.6585,7.0732
1574146973259.0,0.0696,-0.0114,0.1115,-1.2195,-24.5122,6.3415
1574146973301.0,0.066,-0.0099,0.1123,-3.5976,-22.1341,7.0122
1574146973302.0,0.0605,-0.0096,0.1161,-4.7561,-19.7561,7.0732
1574146973304.0,0.0648,-0.0112,0.1129,-7.9878,-17.9268,5.1829
1574146973305.0,0.0664,-0.0095,0.1103,-11.5244,-14.878,6.6463
1574146973346.0,0.0616,-0.0107,0.1088,-13.3537,-14.6341,8.9024
1574146973347.0,0.0608,-0.011,0.1057,-13.1707,-11.2195,6.4024
1574146973348.0,0.0656,-0.0138,0.0946,-14.878,-8.6585,5.3049
1574146973349.0,0.0704,-0.0169,0.0934,-16.8293,-8.9634,5.9146
1574146973349.0,0.0633,-0.0129,0.085,-15.061,1.5854,10.0
1574146973391.0,0.058,-0.0153,0.0803,-12.6829,13.1707,11.9512
1574146973392.0,0.0551,-0.0182,0.0774,-10.3659,16.1585,10.7317
1574146973393.0,0.0555,-0.0207,0.0751,-7.8659,16.2195,13.1098
1574146973394.0,0.0623,-0.0197,0.0819,-4.0854,20.7317,14.939
1574146973436.0,0.0864,-0.0173,0.1101,0.7927,27.439,18.1098
1574146973437.0,0.1002,-0.0189,0.1366,4.8171,32.378,26.2805
1574146973438.0,0.0905,-0.0225,0.151,10.5488,42.5,31.2805
1574146973439.0,0.063,-0.0195,0.1583,14.8171,63.1707,29.5732
1574146973439.0,0.0425,-0.0208,0.1513,10.7927,72.9878,30.8537
1574146973481.0,0.0533,-0.0241,0.1389,0.6707,70.1829,35.6707
1574146973482.0,0.069,-0.0248,0.1244,-7.8659,60.7317,37.9878
1574146973483.0,0.0689,-0.0276,0.1125,-8.4146,51.8293,38.9634
1574146973484.0,0.0566,-0.0275,0.1096,-4.0244,47.439,39.939
1574146973485.0,0.051,-0.0297,0.116,0.4268,47.8049,40.4878
1574146973526.0,0.0663,-0.0295,0.1281,3.2317,49.6951,40.7927
1574146973527.0,0.0729,-0.027,0.1335,3.7195,45.8537,41.3415
1574146973528.0,0.0527,-0.0218,0.1292,5.5488,49.6951,38.1098
1574146973529.0,0.0364,-0.0157,0.1317,7.3171,60.9146,34.2683
1574146973571.0,0.0325,-0.0105,0.1162,2.439,67.561,31.9512
1574146973572.0,0.0366,-0.0102,0.1038,-1.8293,61.7073,27.439
1574146973573.0,0.0259,-0.0067,0.1004,1.5244,54.0854,27.2561
1574146973573.0,0.0206,-0.008,0.0988,5.9146,41.0366,25.5488
1574146973574.0,0.0168,-0.0073,0.0962,3.5366,24.4512,19.3902
1574146973616.0,0.0236,-0.0048,0.1,5.4268,11.6463,12.561
1574146973617.0,0.0529,-0.0096,0.1115,5.9146,0.9146,10.4878
1574146973618.0,0.0657,-0.0102,0.121,5.5488,-2.7439,10.5488
1574146973619.0,0.0645,-0.014,0.127,12.439,5.9146,10.061
1574146973661.0,0.0682,-0.018,0.1238,15.122,13.9634,9.878
1574146973662.0,0.0696,-0.0218,0.1172,16.3415,16.7683,14.1463
1574146973663.0,0.0668,-0.0263,0.1165,18.8415,21.0366,18.4756
1574146973664.0,0.0521,-0.0274,0.1179,19.878,30.0,25.6098
1574146973664.0,0.0284,-0.0267,0.1136,21.8902,35.122,28.7805
1574146973706.0,0.0139,-0.0267,0.1136,22.561,35.061,26.5854
1574146973707.0,0.0098,-0.02,0.1163,20.7317,26.6463,22.5
1574146973708.0,0.0177,-0.0153,0.1071,13.0488,10.4878,18.3537
1574146973709.0,0.0297,-0.0106,0.1033,6.6463,0.4878,10.7317
1574146973751.0,0.0428,-0.0078,0.0995,5.3659,-4.1463,5.1829
1574146973752.0,0.0529,-0.007,0.0966,4.0854,-10.061,2.7439
1574146973753.0,0.0516,-0.0093,0.0989,5.061,-8.9024,1.2195
1574146973753.0,0.0552,-0.0126,0.1039,8.9024,-6.2195,1.0366
1574146973754.0,0.0526,-0.012,0.1103,11.1585,-5.0,4.3902
1574146973796.0,0.0443,-0.017,0.1188,12.1341,-0.3659,6.0976
1574146973797.0,0.0427,-0.0172,0.1247,13.5366,3.9024,7.378
1574146973798.0,0.0403,-0.0167,0.1304,12.1951,0.9756,8.1707
1574146973799.0,0.0403,-0.0179,0.1307,8.4756,-9.2683,4.6341
1574146973799.0,0.0422,-0.0176,0.132,5.1829,-15.9146,3.2317
1574146973841.0,0.0455,-0.0177,0.1311,1.1585,-17.9268,2.1951
1574146973841.0,0.047,-0.0163,0.1275,-3.9024,-20.6707,-0.6707
1574146973842.0,0.0506,-0.0137,0.1226,-7.7439,-26.6463,-3.6585
1574146973842.0,0.0482,-0.0117,0.1111,-11.7073,-36.8902,-6.6463
1574146973886.0,0.0313,-0.0119,0.1047,-13.1098,-47.9268,-10.7317
1574146973886.0,0.0212,-0.0106,0.1063,-9.5732,-61.6463,-16.6463
1574146973887.0,0.0191,-0.0087,0.1103,-7.9878,-96.5854,-22.9268
1574146973888.0,0.0261,-0.0112,0.115,-7.9878,-153.9634,-28.3537
1574146973888.0,0.0402,-0.012,0.1182,-9.3902,-215.2439,-35.061
1574146973931.0,0.0521,-0.0138,0.1216,-11.2805,-270.7927,-41.0976
1574146973932.0,0.0733,-0.0234,0.1356,-19.0244,-312.6829,-42.0732
1574146973933.0,0.0947,-0.0325,0.1359,-29.2683,-335.7317,-41.7073
1574146973933.0,0.1133,-0.038,0.1276,-37.7439,-339.2073,-38.7805
1574146973976.0,0.1259,-0.0369,0.1236,-48.0488,-322.6219,-32.6829
1574146973977.0,0.1278,-0.0338,0.1247,-61.5244,-297.9878,-26.7683
1574146973978.0,0.1258,-0.0342,0.1318,-75.7317,-273.1098,-20.4878
1574146973979.0,0.131,-0.0408,0.1426,-90.3049,-248.7805,-17.9878
1574146973979.0,0.1378,-0.0449,0.1267,-105.3049,-223.6585,-14.5122
1574146974021.0,0.1356,-0.0421,0.0957,-117.0122,-192.3781,-4.5122
1574146974022.0,0.1136,-0.0364,0.0637,-121.4634,-152.8049,3.1098
1574146974023.0,0.0829,-0.0402,0.0263,-120.5488,-110.3659,5.6098
1574146974024.0,0.0579,-0.0405,-0.0033,-117.1951,-72.561,6.2805
1574146974066.0,0.0601,-0.0341,-0.0012,-105.122,-49.0854,2.9268
1574146974067.0,0.0939,-0.0375,0.0232,-89.939,-36.4634,-3.9024
1574146974068.0,0.1392,-0.0498,0.0524,-81.9512,-28.4756,-3.9024
1574146974069.0,0.1716,-0.0599,0.0706,-74.8171,-2.622,1.4634
1574146974069.0,0.1694,-0.0541,0.0688,-64.7561,59.4512,6.4634
1574146974111.0,0.1356,-0.0428,0.0531,-48.4756,142.8049,10.061
1574146974112.0,0.0927,-0.0433,0.041,-35.2439,217.8659,9.8171
1574146974113.0,0.05,-0.0463,0.0424,-23.9024,259.0854,8.4756
1574146974113.0,0.0372,-0.0456,0.0485,-10.9146,255.7317,7.0122
1574146974156.0,0.0484,-0.0444,0.0676,5.3049,219.4512,7.8659
1574146974157.0,0.0755,-0.0453,0.0872,15.7927,169.0244,13.5976
1574146974158.0,0.1208,-0.0436,0.0991,25.1829,134.3902,19.6341
1574146974159.0,0.1462,-0.0395,0.0942,25.7317,125.061,27.0732
1574146974159.0,0.124,-0.0315,0.1064,25.1829,146.6463,33.1098
1574146974201.0,0.0905,-0.0399,0.1175,28.4146,181.6463,44.6951
1574146974202.0,0.0621,-0.0452,0.0925,26.0366,213.5976,36.4634
1574146974202.0,0.0347,-0.0388,0.0806,36.0976,229.3902,39.0854
1574146974203.0,0.0075,-0.0302,0.0901,54.4512,208.5976,45.2439
1574146974204.0,0.0113,-0.0339,0.0978,55.061,146.5244,43.1098
1574146974246.0,0.0568,-0.034,0.098,40.8537,71.4634,37.3171
1574146974247.0,0.1005,-0.0322,0.1031,37.9268,23.2927,38.3537
1574146974248.0,0.1246,-0.0347,0.1013,41.2195,14.0244,39.6341
1574146974249.0,0.1223,-0.0382,0.0981,43.3537,38.1707,38.1098
1574146974291.0,0.0981,-0.0331,0.093,47.1951,77.7439,41.1585
1574146974292.0,0.056,-0.0245,0.0925,56.8293,115.4878,49.5732
1574146974336.0,0.0115,-0.0211,0.0871,65.4878,129.3293,48.7195
1574146974337.0,-0.0087,-0.017,0.0851,67.561,113.2927,39.5732
1574146974338.0,-0.0114,-0.015,0.0914,66.7683,74.5122,35.4268
1574146974339.0,0.0046,-0.0153,0.0948,63.6585,20.2439,32.9878
1574146974339.0,0.0622,-0.022,0.0863,55.9146,-31.2805,28.2317
1574146974340.0,0.1099,-0.0262,0.0881,49.0854,-54.6341,22.622
1574146974341.0,0.1094,-0.0268,0.1,51.1585,-30.4878,20.7927
1574146974342.0,0.0801,-0.0231,0.1088,57.8659,32.9268,20.6098
1574146974381.0,0.0338,-0.0175,0.1114,61.6463,91.7073,19.2683
1574146974382.0,-0.0164,-0.006,0.1113,63.2317,111.2195,15.5488
1574146974383.0,-0.0314,0.0055,0.1092,62.0122,86.2195,8.1707
1574146974384.0,-0.0015,0.0057,0.1231,53.0488,26.7073,0.4878
1574146974426.0,0.062,-0.0044,0.1297,38.8415,-49.2073,-1.9512
1574146974427.0,0.0995,-0.0081,0.1265,27.9268,-98.1707,5.4268
1574146974428.0,0.0928,-0.018,0.1152,26.9512,-89.3902,13.2927
1574146974428.0,0.0814,-0.0174,0.1087,29.0244,-52.3781,9.8171
1574146974471.0,0.075,-0.009,0.1237,28.6585,-35.8537,11.3415
1574146974472.0,0.0544,-0.0115,0.1344,24.4512,-42.9878,13.2927
1574146974473.0,0.0314,-0.0132,0.1313,18.3537,-49.5732,8.4756
1574146974473.0,0.0289,-0.0106,0.1191,8.9634,-62.9268,7.6829
1574146974474.0,0.0422,-0.0118,0.1084,-0.9146,-87.1341,4.2073
1574146974516.0,0.0622,-0.0106,0.0973,-6.8902,-105.1829,-1.4634
1574146974517.0,0.081,-0.0058,0.0895,-8.2927,-102.5,-4.0854
1574146974518.0,0.0878,0.001,0.0828,-5.061,-81.0366,-4.5732
1574146974519.0,0.0803,0.0058,0.0818,1.4024,-50.6098,-7.5
1574146974520.0,0.0475,0.0056,0.0964,6.0976,-20.2439,-9.2073
1574146974560.0,0.0271,0.0059,0.1017,6.4024,-2.0732,-13.5976
1574146974561.0,0.0359,0.0127,0.1006,3.5366,-11.7073,-19.6951
1574146974562.0,0.054,0.0164,0.1035,1.4024,-40.7317,-19.878
1574146974562.0,0.0734,0.0129,0.105,-0.4878,-62.439,-20.1829
1574146974605.0,0.1021,0.0139,0.1014,-2.622,-65.122,-21.2195
1574146974606.0,0.1116,0.0214,0.1089,-1.3415,-50.0,-19.8171
1574146974607.0,0.0883,0.0276,0.1163,0.7927,-23.2927,-18.5976
1574146974607.0,0.065,0.0291,0.114,0.4878,0.8537,-19.878
1574146974608.0,0.0622,0.0273,0.1077,-4.4512,0.0,-20.1829
1574146974651.0,0.0725,0.0189,0.103,-12.9268,-22.1341,-17.3171
1574146974651.0,0.0771,0.0082,0.0983,-19.0244,-38.0488,-14.4512
1574146974652.0,0.0765,-0.003,0.0879,-20.6707,-37.9268,-14.3293
1574146974652.0,0.0812,-0.0105,0.0795,-20.7317,-30.4878,-15.061
1574146974696.0,0.0771,-0.0168,0.0779,-18.7805,-23.4146,-12.439
1574146974697.0,0.0759,-0.0259,0.0744,-15.3659,-18.6585,-11.5244
1574146974698.0,0.0839,-0.0342,0.0695,-11.9512,-21.0976,-12.439
1574146974699.0,0.0928,-0.0421,0.0723,-7.561,-34.3902,-10.3659
1574146974699.0,0.0956,-0.0496,0.0844,-1.7073,-47.9268,-7.6829
1574146974741.0,0.0873,-0.0535,0.0967,4.6951,-51.5244,-5.6707
1574146974742.0,0.0784,-0.0523,0.1001,10.122,-49.6341,-4.0244
1574146974742.0,0.0758,-0.0494,0.098,12.6829,-51.8902,-3.4756
1574146974743.0,0.0762,-0.0497,0.0969,10.4878,-57.7439,-2.8049
1574146974786.0,0.0829,-0.0468,0.1002,7.6829,-53.4146,-4.6951
1574146974787.0,0.0856,-0.0381,0.1089,8.0488,-37.5,-7.378
1574146974788.0,0.0767,-0.024,0.1212,11.0976,-10.7927,-12.3171
1574146974789.0,0.0638,-0.0115,0.1336,13.7805,20.1829,-19.7561
1574146974789.0,0.0533,-0.0034,0.1459,10.9756,37.2561,-28.9634
1574146974831.0,0.0457,0.0015,0.1512,1.7073,36.7073,-35.7927
1574146974832.0,0.0568,0.0049,0.144,-9.6341,32.561,-40.9756
1574146974833.0,0.0763,0.0129,0.1368,-21.3415,27.561,-42.9268
1574146974834.0,0.0905,0.0255,0.13,-30.9756,22.0122,-42.3171
1574146974835.0,0.0969,0.0388,0.1177,-36.8293,21.4024,-45.0
1574146974876.0,0.1,0.0481,0.0933,-39.1463,19.2683,-46.5244
1574146974877.0,0.1013,0.0452,0.0665,-41.2805,7.5,-40.3659
1574146974878.0,0.1091,0.0281,0.0497,-40.0,-7.3171,-29.0854
1574146974878.0,0.1177,0.0123,0.0443,-30.3049,-19.2073,-15.5488
1574146974920.0,0.1148,-0.0003,0.0469,-13.8415,-25.6707,-1.4024
1574146974921.0,0.1119,-0.0138,0.0563,1.0366,-32.0732,7.1951
1574146974922.0,0.1262,-0.0247,0.0656,12.1951,-48.1098,12.1341
1574146974922.0,0.1426,-0.0341,0.0666,22.0732,-61.9512,19.5732
1574146974923.0,0.1383,-0.0442,0.0721,31.1585,-61.6463,29.6341
1574146974966.0,0.1105,-0.0528,0.0826,39.0854,-45.5488,35.9146
1574146974967.0,0.0806,-0.0562,0.0856,45.7317,-23.5976,36.8902
1574146974968.0,0.0669,-0.0587,0.0881,47.439,-13.6585,36.2805
1574146974969.0,0.0629,-0.0604,0.0992,42.8049,-15.1829,35.0
1574146975011.0,0.0479,-0.0569,0.1141,35.5488,-8.8415,32.0122
1574146975012.0,0.0225,-0.0475,0.1215,29.0244,7.0732,25.6707
1574146975013.0,0.024,-0.0395,0.1265,21.8293,12.439,15.8537
1574146975013.0,0.053,-0.0323,0.1321,11.5854,-0.1829,6.8293
1574146975014.0,0.0706,-0.0261,0.1344,2.8659,-9.5122,2.7439
1574146975056.0,0.0717,-0.0217,0.127,-2.8659,-2.439,-2.3171
1574146975057.0,0.0764,-0.0162,0.114,-8.7805,12.3171,-7.9878
1574146975058.0,0.0743,-0.0077,0.1074,-14.878,20.9146,-10.5488
1574146975059.0,0.0674,-0.001,0.1072,-18.8415,27.561,-14.5122
1574146975101.0,0.0693,0.008,0.1079,-21.7073,33.6585,-20.9146
1574146975102.0,0.0773,0.0209,0.1057,-24.939,32.1951,-24.6341
1574146975103.0,0.0875,0.0322,0.1013,-27.561,25.2439,-26.8902
1574146975103.0,0.0988,0.0402,0.0989,-30.1829,15.3659,-28.5976
1574146975104.0,0.1015,0.0449,0.0969,-31.4634,5.2439,-27.7439
1574146975146.0,0.0989,0.0428,0.0889,-30.7317,-1.0976,-24.6951
1574146975147.0,0.0922,0.0392,0.0843,-29.2683,-8.6585,-18.9634
1574146975148.0,0.0856,0.0326,0.0845,-25.9146,-21.6463,-10.6707
1574146975149.0,0.082,0.0286,0.0855,-23.5976,-35.9146,-6.4634
1574146975150.0,0.0772,0.0289,0.0841,-21.1585,-50.061,-4.0244
1574146975191.0,0.0767,0.0289,0.0889,-23.2317,-64.3293,-2.561
1574146975191.0,0.0778,0.0303,0.0883,-29.878,-79.5122,-3.9024
1574146975192.0,0.0706,0.0336,0.0894,-37.378,-94.3293,-6.3415
1574146975192.0,0.0642,0.0292,0.0942,-46.8293,-110.3049,-8.7195
1574146975236.0,0.0809,0.0151,0.1033,-62.6829,-137.8049,-10.2439
1574146975237.0,0.0938,0.0023,0.1057,-84.2683,-179.1463,-7.439
1574146975238.0,0.1075,-0.0142,0.0945,-107.439,-226.0976,-0.2439
1574146975239.0,0.1306,-0.0307,0.0811,-128.5366,-259.2073,4.3293
1574146975239.0,0.1457,-0.0389,0.0654,-144.6342,-268.9634,10.4268
1574146975281.0,0.1436,-0.0417,0.0569,-153.9024,-257.0122,17.561
1574146975282.0,0.1268,-0.0421,0.0505,-157.9268,-230.1829,21.7683
1574146975283.0,0.103,-0.0448,0.0419,-159.5732,-201.6463,24.8171
1574146975326.0,0.082,-0.0496,0.0314,-157.0732,-185.6707,25.1829
1574146975327.0,0.0925,-0.0549,0.031,-155.061,-191.1585,21.8902
1574146975328.0,0.0964,-0.0557,0.0367,-151.0366,-202.1342,21.6463
1574146975329.0,0.0925,-0.0567,0.0361,-145.4268,-200.6707,23.5976
1574146975329.0,0.0914,-0.0566,0.0299,-137.9268,-186.5854,25.6707
1574146975329.0,0.0997,-0.0585,0.0233,-128.5366,-168.2317,23.9024
1574146975371.0,0.1006,-0.0541,0.0095,-119.3902,-145.6098,18.1707
1574146975372.0,0.1029,-0.0504,-0.0052,-110.7927,-125.6707,13.0488
1574146975373.0,0.1158,-0.0536,-0.009,-103.7805,-110.1829,8.8415
1574146975373.0,0.1271,-0.0588,0.0084,-96.2195,-97.1951,4.0244
1574146975416.0,0.134,-0.0615,0.025,-88.2927,-80.1829,-3.2317
1574146975418.0,0.1393,-0.059,0.0294,-78.1707,-41.4024,-11.8902
1574146975418.0,0.1443,-0.0607,0.0226,-67.561,10.7317,-16.3415
1574146975419.0,0.1381,-0.0654,0.0123,-58.5976,59.1463,-19.0244
1574146975461.0,0.1132,-0.0657,-0.0002,-45.6098,96.5244,-20.3659
1574146975462.0,0.0905,-0.0652,0.0001,-31.3415,114.3902,-21.3415
1574146975463.0,0.0809,-0.0658,0.0087,-21.6463,96.7073,-27.7439
1574146975464.0,0.0899,-0.0636,0.0205,-18.4146,53.4146,-36.7683
1574146975465.0,0.1168,-0.0598,0.0358,-19.2683,9.5732,-41.3415
1574146975466.0,0.1349,-0.0596,0.0397,-21.3415,-15.8537,-39.3902
1574146975506.0,0.1357,-0.0659,0.0266,-23.1098,-8.1098,-37.6829
1574146975507.0,0.1478,-0.0677,0.0211,-21.7683,25.5488,-44.1463
1574146975508.0,0.1678,-0.0543,0.0248,-15.3659,65.9146,-50.5488
1574146975509.0,0.1567,-0.0432,0.0273,-6.5854,98.3537,-47.561
1574146975551.0,0.1245,-0.0414,0.0421,-3.0488,117.3781,-44.1463
1574146975552.0,0.1058,-0.0363,0.0383,-2.0732,118.3537,-49.8781
1574146975552.0,0.1106,-0.0351,0.0212,-1.6463,95.7317,-55.1829
1574146975553.0,0.1098,-0.0394,0.0037,-2.8659,65.3049,-52.7439
1574146975554.0,0.1119,-0.0395,0.0135,-2.378,47.9878,-49.6341
1574146975596.0,0.1253,-0.0336,0.0189,2.622,50.122,-49.7561
1574146975597.0,0.1465,-0.033,0.0226,7.3171,65.122,-52.0122
1574146975598.0,0.1429,-0.0237,0.0322,10.122,78.2927,-50.4878
1574146975599.0,0.1108,-0.0134,0.0367,11.4634,78.3537,-44.5122
1574146975686.0,0.098,-0.0129,0.0424,9.2683,65.4878,-43.5976
1574146975687.0,0.1219,-0.0086,0.0435,5.4878,38.0488,-47.5
1574146975688.0,0.1536,-0.0069,0.0334,1.5854,13.2317,-42.3171
1574146975689.0,0.1537,-0.0095,0.0252,0.8537,8.1707,-34.1463
1574146975690.0,0.1249,-0.0154,0.0141,2.1951,9.7561,-32.0122
1574146975690.0,0.112,-0.0125,0.0164,1.0976,6.6463,-29.7561
1574146975691.0,0.1361,-0.0056,0.0294,2.1341,5.122,-24.6341
1574146975692.0,0.1601,-0.0065,0.0368,4.0244,14.3293,-21.2805
1574146975693.0,0.1379,-0.0074,0.0406,3.7805,38.8415,-15.0
1574146975693.0,0.0987,-0.0042,0.0448,3.3537,62.622,-9.6951
1574146975731.0,0.0817,-0.004,0.0416,5.3659,67.9878,-11.7683
1574146975732.0,0.1041,-0.0104,0.0362,3.1707,45.4878,-12.2561
1574146975732.0,0.1363,-0.017,0.035,-2.0122,12.561,-9.4512
1574146975733.0,0.1315,-0.0157,0.0341,-3.3537,-1.2195,-5.0
1574146975776.0,0.101,-0.0103,0.0344,0.1829,9.878,-7.6829
1574146975776.0,0.0873,-0.0067,0.0367,3.9024,25.122,-17.0732
1574146975777.0,0.0999,-0.0038,0.0421,5.7317,32.0732,-22.0732
1574146975777.0,0.1125,-0.0028,0.0507,5.5488,31.8902,-18.9634
1574146975821.0,0.1113,-0.0032,0.0616,4.5732,32.378,-16.9512
1574146975865.0,0.1063,-0.0026,0.0573,4.5122,34.6341,-21.0366
1574146975911.0,0.109,-0.0028,0.0378,5.0,33.2927,-24.5732
1574146975912.0,0.1216,-0.0062,0.033,5.9756,27.0122,-25.061
1574146975913.0,0.1259,-0.0063,0.0349,6.5244,21.6463,-26.0976
1574146975914.0,0.1166,-0.0017,0.0353,9.8171,30.7927,-28.2927
1574146975914.0,0.1055,-0.0006,0.0431,17.6829,50.5488,-31.2195
1574146975915.0,0.1377,0.0045,0.073,23.9634,58.7195,-31.2195
1574146975916.0,0.1725,0.0005,0.0845,23.8415,31.0366,-17.561
1574146975917.0,0.1701,-0.008,0.0801,5.061,-1.5244,1.8902
1574146975917.0,0.1422,-0.0073,0.0706,0.4268,16.8293,5.061
1574146975918.0,0.1281,-0.006,0.0656,2.2561,38.5976,4.6951
1574146975956.0,0.1239,-0.0084,0.0629,-0.8537,43.1098,10.7317
1574146975957.0,0.114,-0.004,0.0568,-3.5366,43.0488,15.9146
1574146975957.0,0.0984,-0.0007,0.0566,-0.9146,42.9268,16.7073
1574146975958.0,0.0886,0.0013,0.0498,0.7317,42.5,13.7195
1574146975959.0,0.0959,0.0007,0.0412,3.5366,40.061,11.2195
1574146975960.0,0.1125,-0.0008,0.0447,7.1951,34.878,8.5366
1574146975961.0,0.1155,0.0002,0.053,9.5122,32.1341,4.6341
1574146976001.0,0.1077,0.0012,0.0568,10.8537,42.439,0.0
1574146976001.0,0.1066,0.001,0.0684,12.6829,56.8293,-4.1463
1574146976002.0,0.1239,-0.0043,0.0755,9.4512,51.2195,-1.8902
1574146976002.0,0.1238,-0.0089,0.0757,4.2683,42.1341,3.4756
1574146976046.0,0.102,-0.0123,0.0757,4.7561,41.3415,7.3171
1574146976046.0,0.0874,-0.0196,0.059,5.122,50.1829,2.8049
1574146976047.0,0.0645,-0.0076,0.0514,13.1707,73.3537,-7.439
1574146976048.0,0.0915,0.0006,0.0611,21.7683,59.939,-6.8293
1574146976048.0,0.1392,0.0087,0.0761,15.4268,22.2561,-7.6829
1574146976091.0,0.1569,0.0259,0.0875,8.7195,3.4756,-2.622
1574146976092.0,0.1577,0.0369,0.0919,0.6098,7.8049,5.2439
1574146976092.0,0.1622,0.0355,0.0849,-9.878,20.4268,9.6341
1574146976093.0,0.1741,0.0291,0.0731,-24.6341,25.122,21.9512
1574146976136.0,0.1757,0.0289,0.0753,-36.8293,30.4878,40.0
1574146976137.0,0.1573,0.0393,0.0794,-41.7073,49.1463,54.6341
1574146976138.0,0.1352,0.0466,0.0752,-45.061,70.2439,65.4878
1574146976139.0,0.1307,0.0383,0.0593,-54.1463,73.7805,74.2683
1574146976140.0,0.1344,0.0245,0.0424,-63.4756,58.1707,84.3293
1574146976181.0,0.1334,0.0096,0.0212,-67.2561,35.7927,94.939
1574146976182.0,0.1154,-0.0027,-0.0003,-64.4512,24.7561,100.5488
1574146976183.0,0.097,-0.0146,-0.0085,-50.1829,26.7073,102.561
1574146976184.0,0.0848,-0.0259,-0.0069,-30.0,32.0732,106.2195
1574146976226.0,0.0756,-0.0331,0.0168,-7.9268,31.2195,109.0854
1574146976227.0,0.0779,-0.0367,0.0447,16.0976,25.9146,107.0732
1574146976228.0,0.0854,-0.0417,0.0667,35.6098,22.8049,104.2073
1574146976228.0,0.0801,-0.0458,0.0828,51.8293,26.4634,100.6098
1574146976229.0,0.0624,-0.0541,0.0887,67.9268,41.2805,95.9756
1574146976271.0,0.0444,-0.0645,0.0812,82.561,51.0976,90.4268
1574146976272.0,0.0299,-0.0717,0.0737,94.8781,37.439,84.8781
1574146976273.0,0.0247,-0.0802,0.071,101.9512,-0.6098,79.0244
1574146976273.0,0.04,-0.0947,0.0756,100.0,-52.6829,70.122
1574146976274.0,0.0637,-0.1015,0.0912,92.9268,-99.4512,57.3781
1574146976316.0,0.0726,-0.0955,0.1138,90.5488,-130.8537,40.122
1574146976317.0,0.063,-0.0913,0.1263,90.5488,-138.4756,18.5366
1574146976317.0,0.0232,-0.0922,0.1085,86.8902,-124.6341,-2.0732
1574146976318.0,-0.0278,-0.0836,0.0768,83.7195,-116.2805,-17.2561
1574146976361.0,-0.0291,-0.0648,0.0674,87.1951,-127.561,-30.3049
1574146976362.0,0.0314,-0.0445,0.0724,86.0976,-148.1098,-41.4024
1574146976363.0,0.112,-0.0353,0.0844,75.6707,-165.7317,-42.0732
1574146976364.0,0.1827,-0.0392,0.095,60.7927,-161.4634,-38.6585
1574146976365.0,0.2195,-0.0341,0.097,54.7561,-113.7195,-34.8171
1574146976406.0,0.2212,-0.0205,0.1028,61.5854,-41.4024,-22.3171
1574146976407.0,0.1971,-0.0173,0.1027,60.3049,30.4878,-9.3902
1574146976408.0,0.1452,-0.0192,0.0942,54.6951,100.9146,-9.1463
1574146976409.0,0.0735,-0.0071,0.094,57.8049,151.4024,-16.7683
1574146976451.0,0.0641,-0.0311,0.0993,76.7073,150.5488,-37.1951
1574146976452.0,0.0663,-0.0156,0.094,49.7561,100.122,-23.8415
1574146976452.0,0.0825,0.0083,0.0938,25.4878,51.5244,21.5244
1574146976453.0,0.1116,0.0119,0.1011,33.8415,0.6707,1.2805
1574146976454.0,0.1314,-0.0139,0.0978,38.6585,-36.6463,-17.439
1574146976496.0,0.1494,-0.0263,0.0709,21.7683,-46.4024,-8.7805
1574146976497.0,0.163,-0.0172,0.0629,3.9024,-24.939,22.0122
1574146976498.0,0.1527,-0.001,0.0638,4.4512,15.0,28.0488
1574146976498.0,0.1178,0.0069,0.0663,20.6098,65.8537,11.8293
1574146976541.0,0.0881,0.0078,0.0684,31.0976,103.5366,1.6463
1574146976542.0,0.0842,0.0031,0.0662,37.9268,110.3049,3.5366
1574146976543.0,0.082,-0.0002,0.0676,40.7317,101.4634,11.8293
1574146976544.0,0.0825,0.0001,0.0684,39.3293,84.4512,16.8902
1574146976544.0,0.0853,0.0014,0.0685,41.2195,71.9512,17.622
1574146976586.0,0.0956,0.001,0.067,41.7683,58.1098,18.0488
1574146976587.0,0.0994,0.0015,0.067,42.7439,47.7439,17.3171
1574146976588.0,0.0959,0.0016,0.0723,42.9878,40.8537,15.6707
1574146976589.0,0.0896,-0.0004,0.0827,40.1829,34.2683,12.9268
1574146976589.0,0.0834,-0.0071,0.0883,36.4634,28.8415,8.2317
1574146976631.0,0.0831,-0.0077,0.0955,32.5,26.2805,4.6341
1574146976632.0,0.0922,-0.0068,0.0967,28.0488,22.2561,5.7317
1574146976632.0,0.1008,-0.0096,0.0956,21.8293,16.6463,8.5366
1574146976633.0,0.099,-0.0151,0.0941,16.0366,13.7805,11.4024
1574146976676.0,0.1027,-0.0148,0.0899,15.0,19.8171,9.7561
1574146976677.0,0.1007,-0.0099,0.0856,18.8415,31.7683,8.7805
1574146976678.0,0.0874,-0.013,0.0781,14.3293,43.5366,9.5732
1574146976679.0,0.0822,-0.0172,0.0725,11.4024,51.0366,7.439
1574146976679.0,0.0844,-0.0175,0.0736,13.2927,46.9512,7.3171
1574146976721.0,0.0854,-0.0199,0.0763,12.6829,32.0732,7.378
1574146976722.0,0.0938,-0.0217,0.0773,12.7439,20.5488,2.8659
1574146976723.0,0.1003,-0.0192,0.082,18.5366,19.939,-1.0366
1574146976723.0,0.0958,-0.0184,0.089,22.561,29.4512,-2.622
1574146976766.0,0.0852,-0.0103,0.1064,24.2683,41.4634,-5.9146
1574146976767.0,0.0781,-0.0014,0.1149,22.9268,47.3781,-9.1463
1574146976768.0,0.0753,-0.0007,0.1155,15.9146,38.0488,-9.2073
1574146976768.0,0.0826,-0.0067,0.1074,7.1341,9.2683,-3.9634
1574146976769.0,0.0941,-0.0124,0.0957,-1.3415,-20.3659,3.2927
1574146976811.0,0.0955,-0.0153,0.0913,-4.5732,-35.3049,7.622
1574146976811.0,0.0886,-0.0178,0.0909,-4.3902,-32.561,5.7927
1574146976812.0,0.0763,-0.0171,0.088,-1.2195,-22.561,0.4878
1574146976812.0,0.0675,-0.0201,0.0815,1.8902,-22.5,-3.5366
1574146976856.0,0.0593,-0.0263,0.08,2.7439,-40.3659,-5.0
1574146976857.0,0.0608,-0.0371,0.0616,0.5488,-72.7439,-8.9024
1574146976858.0,0.0744,-0.0441,0.0588,-0.6098,-105.4878,-14.8171
1574146976859.0,0.1095,-0.0369,0.0475,6.0366,-134.8781,-17.439
1574146976859.0,0.1593,-0.0287,0.0525,16.4634,-134.2073,-17.7439
1574146976901.0,0.1756,-0.0226,0.0859,26.2805,-79.7561,-16.8902
1574146976902.0,0.1624,-0.0079,0.1282,31.0976,6.8902,-12.0732
1574146976902.0,0.1113,0.0134,0.1237,37.561,96.5244,-14.1463
1574146976903.0,0.0757,0.0385,0.1182,41.0976,141.8902,-21.7073
1574146976904.0,0.0802,0.0547,0.1242,36.2195,121.4634,-17.5
1574146976946.0,0.094,0.0516,0.116,17.1951,70.122,-2.9878
1574146976947.0,0.0822,0.0405,0.1045,1.5244,45.8537,12.378
1574146976948.0,0.0752,0.0308,0.0938,5.7927,60.061,8.3537
1574146976948.0,0.0875,0.0167,0.0892,14.0854,78.9024,-5.3659
1574146976991.0,0.0936,0.0165,0.0733,12.378,86.9512,-1.2195
1574146976992.0,0.1111,0.0184,0.074,20.9146,96.9512,10.9756
1574146976993.0,0.1099,0.0201,0.0936,33.5366,107.3171,19.878
1574146976993.0,0.0905,0.0202,0.1121,42.9878,122.5,20.0
1574146976994.0,0.066,0.0167,0.1274,48.0488,130.061,11.0366
1574146977035.0,0.0419,0.011,0.1373,45.6098,117.0732,5.3049
1574146977036.0,0.0399,0.0079,0.1287,35.7927,89.8171,5.2439
1574146977037.0,0.0433,0.0097,0.1167,25.4268,61.4634,6.2195
1574146977037.0,0.0514,0.0043,0.1094,19.4512,43.5366,2.7439
1574146977081.0,0.0617,-0.0033,0.1118,14.3902,34.5732,-5.8537
1574146977081.0,0.0612,-0.0011,0.1133,9.8171,37.439,-10.6707
1574146977082.0,0.0763,-0.0004,0.1085,9.0244,46.7683,-12.378
1574146977083.0,0.093,-0.0064,0.1092,7.622,48.1098,-12.1341
1574146977083.0,0.08,-0.0051,0.1047,5.9146,54.4512,-10.6707
1574146977125.0,0.0743,-0.006,0.098,9.0244,68.1707,-13.7195
1574146977126.0,0.0893,-0.0055,0.1027,11.3415,69.939,-16.3415
1574146977127.0,0.0933,-0.0013,0.0954,11.8293,67.561,-12.439
1574146977127.0,0.0771,-0.0006,0.0961,12.8049,68.7195,-9.1463
1574146977170.0,0.064,-0.0034,0.09,13.6585,73.1707,-6.5854
1574146977171.0,0.0643,-0.007,0.0927,12.439,66.2195,-3.1707
1574146977172.0,0.0549,-0.0056,0.0959,11.2805,53.3537,0.5488
1574146977172.0,0.0655,-0.0083,0.1011,11.7073,41.2805,-1.5854
1574146977173.0,0.0601,-0.0062,0.1024,10.4878,31.1585,-0.122
1574146977216.0,0.0497,-0.0093,0.1024,10.7317,30.4268,-0.3049
1574146977217.0,0.0478,-0.0124,0.1055,8.1098,25.8537,-4.2073
1574146977218.0,0.0514,-0.0135,0.1028,4.6341,17.6829,-2.2561
1574146977218.0,0.0442,-0.0148,0.0786,1.8902,7.378,1.8293
1574146977261.0,0.0499,-0.0135,0.0917,0.6707,-4.878,2.9268
1574146977262.0,0.0667,0.0059,0.1111,0.4878,-20.5488,5.5488
1574146977263.0,0.0552,0.0231,0.1051,-1.4634,-39.0244,9.878
1574146977263.0,0.0315,0.0195,0.0917,-3.4756,-53.7805,11.9512
1574146977264.0,0.04,0.0114,0.1149,-7.3171,-75.122,13.8415
1574146977306.0,0.0428,0.0255,0.1162,-11.2805,-111.0366,15.9146
1574146977307.0,0.0367,0.0474,0.1224,-13.7805,-133.4146,11.2195
1574146977308.0,0.0533,0.0462,0.1384,-16.6463,-139.4512,4.939
1574146977308.0,0.0666,0.0466,0.1446,-29.5732,-141.6463,0.7927
1574146977309.0,0.0666,0.05,0.1437,-43.7195,-132.6219,4.1463
1574146977351.0,0.0681,0.0391,0.1342,-57.0122,-128.9634,-0.1829
1574146977352.0,0.0922,0.0121,0.1109,-73.7195,-143.4146,-4.2073
1574146977352.0,0.137,-0.0082,0.0834,-84.3902,-163.8415,0.2439
1574146977353.0,0.1229,-0.0243,0.0466,-71.5244,-141.2195,6.7683
1574146977396.0,0.1707,-0.0407,0.0525,-72.8659,-107.439,23.5976
1574146977397.0,0.2051,-0.0445,0.0638,-73.6585,-82.3171,34.939
1574146977398.0,0.1637,-0.0397,0.0525,-54.0854,-7.7439,44.1463
1574146977399.0,0.1174,-0.038,0.0753,-28.4146,83.1098,48.5976
1574146977400.0,0.089,-0.0291,0.0917,-14.3902,132.8659,43.7805
1574146977441.0,0.0649,-0.0278,0.0886,-7.378,150.6098,40.1829
1574146977442.0,0.0508,-0.0259,0.0812,-5.3049,135.8537,31.7073
1574146977442.0,0.0327,-0.0171,0.0769,-1.5854,120.6098,32.9268
1574146977443.0,0.0309,-0.0149,0.0817,2.0122,97.1341,34.5732
1574146977486.0,0.0443,-0.014,0.0857,5.9146,73.9024,34.0244
1574146977487.0,0.0551,-0.0146,0.079,7.0732,53.5976,37.8659
1574146977488.0,0.0489,-0.0143,0.064,10.9756,43.8415,37.439
1574146977488.0,0.0493,-0.0093,0.0692,18.2927,33.1707,30.5488
1574146977489.0,0.0694,-0.004,0.084,24.878,10.3049,25.122
1574146977531.0,0.0881,-0.0082,0.0945,24.3902,-8.9634,23.5366
1574146977532.0,0.0941,-0.0101,0.0992,24.3902,-2.1341,22.439
1574146977532.0,0.0919,-0.0061,0.1028,26.9512,25.9756,24.0854
1574146977533.0,0.077,-0.0021,0.1075,27.0122,60.6098,24.5122
1574146977576.0,0.054,-0.0013,0.1097,23.0488,86.5244,23.2927
1574146977577.0,0.036,-0.0029,0.1083,18.2927,97.2561,19.5122
1574146977578.0,0.0276,-0.0034,0.1045,14.6951,89.4512,15.1829
1574146977578.0,0.0278,-0.0031,0.1064,10.8537,67.5,12.8659
1574146977579.0,0.033,-0.0061,0.1115,6.8902,44.939,9.4512
1574146977621.0,0.0352,-0.0114,0.1155,2.9878,25.5488,5.0
1574146977622.0,0.0397,-0.0167,0.1172,0.6707,7.5,0.4878
1574146977623.0,0.0666,-0.014,0.1245,2.5,-9.6951,-3.8415
1574146977623.0,0.0923,-0.0104,0.1235,1.5244,-11.1585,-4.8171
1574146977624.0,0.1,-0.0182,0.1228,-3.0488,12.7439,-3.9634
1574146977666.0,0.0842,-0.0195,0.1285,-6.8902,48.1707,-4.5732
1574146977667.0,0.0621,-0.0152,0.132,-5.4268,74.1463,-7.8049
1574146977668.0,0.051,-0.0049,0.1347,-1.5244,77.439,-10.4878
1574146977668.0,0.0579,-0.0014,0.1359,-3.2317,52.8659,-10.9146
1574146977711.0,0.0688,-0.0089,0.1285,-9.0244,15.5488,-14.5732
1574146977712.0,0.0654,-0.0124,0.1136,-13.8415,-7.1951,-8.3537
1574146977712.0,0.0526,-0.0125,0.1078,-9.5732,-5.2439,2.1951
1574146977713.0,0.0516,-0.0107,0.1093,-2.9268,4.4512,2.7439
1574146977714.0,0.0696,-0.0106,0.1122,0.122,5.6098,1.4634
1574146977756.0,0.0639,-0.0075,0.121,1.0976,6.6463,4.0854
1574146977757.0,0.0387,-0.0086,0.1254,4.6341,20.061,2.7439
1574146977758.0,0.0365,-0.0099,0.122,4.6341,28.3537,-6.1585
1574146977758.0,0.0498,-0.0052,0.1191,-0.2439,16.9512,-7.561
1574146977801.0,0.0564,-0.004,0.1192,-3.4146,2.378,-3.1707
1574146977803.0,0.053,-0.0007,0.1198,-3.7195,-2.1951,0.3659
1574146977804.0,0.0479,0.0007,0.1182,-2.622,-4.8171,3.9634
1574146977805.0,0.045,-0.0062,0.113,-5.7927,-16.4024,3.4146
1574146977806.0,0.0392,-0.0128,0.1062,-10.7927,-33.5976,2.439
1574146977846.0,0.032,-0.0151,0.1009,-12.622,-46.3415,3.9024
1574146977847.0,0.0313,-0.0175,0.0998,-13.4756,-56.8293,3.6585
1574146977848.0,0.0353,-0.0208,0.1042,-16.8293,-71.0366,-1.5244
1574146977849.0,0.0396,-0.022,0.1094,-19.2073,-82.561,-7.0732
1574146977891.0,0.0506,-0.022,0.1083,-19.2683,-84.7561,-12.622
1574146977892.0,0.0629,-0.0204,0.1013,-20.9146,-79.6341,-19.4512
1574146977892.0,0.0739,-0.0252,0.1279,-21.0366,-69.4512,-26.5854
1574146977893.0,0.0728,-0.0233,0.1192,-25.7927,-72.622,-26.5854
1574146977894.0,0.0892,-0.0151,0.1006,-32.2561,-82.0732,-28.1098
1574146977936.0,0.0914,-0.0079,0.0951,-27.561,-61.7683,-25.4878
1574146977937.0,0.0831,-0.0132,0.0889,-23.1098,-37.9268,-13.2927
1574146977938.0,0.0907,-0.0191,0.0936,-21.8902,-29.0244,-9.939
1574146977938.0,0.097,-0.0154,0.0963,-19.4512,-35.3659,-12.8659
1574146977939.0,0.0976,-0.0154,0.0975,-17.0122,-35.1829,-13.6585
1574146977981.0,0.0914,-0.0167,0.0969,-13.9024,-13.4146,-9.2073
1574146977982.0,0.084,-0.0191,0.0932,-10.2439,12.1341,-1.5244
1574146977983.0,0.0646,-0.0171,0.0985,-6.7683,29.4512,1.6463
1574146977984.0,0.0469,-0.011,0.1142,-2.5,36.9512,2.3171
1574146978026.0,0.0445,-0.004,0.1211,-0.4878,30.5488,1.2805
1574146978027.0,0.0455,-0.0013,0.123,-5.6707,1.4024,0.4268
1574146978028.0,0.0464,-0.0052,0.1223,-13.8415,-42.9268,-4.5732
1574146978029.0,0.0626,-0.0148,0.116,-23.2317,-83.9634,-14.1463
1574146978029.0,0.0756,-0.018,0.1106,-30.6707,-107.561,-19.0854
1574146978070.0,0.0771,-0.0197,0.0994,-34.2073,-112.8659,-20.0
1574146978071.0,0.0797,-0.0233,0.0865,-36.0976,-105.4268,-25.5488
1574146978072.0,0.0855,-0.0213,0.082,-35.3049,-93.1098,-26.9512
1574146978072.0,0.0862,-0.0161,0.0731,-31.6463,-83.3537,-24.878
1574146978116.0,0.0803,-0.0075,0.0778,-28.0488,-79.5732,-25.3659
1574146978116.0,0.081,-0.0024,0.0872,-25.6707,-82.9268,-27.9878
1574146978118.0,0.0892,-0.0015,0.0856,-26.7073,-91.4024,-29.6341
1574146978118.0,0.102,-0.0039,0.0898,-26.8293,-102.9878,-24.3902
1574146978119.0,0.1106,-0.0129,0.0872,-27.8659,-106.7683,-18.5366
1574146978161.0,0.1128,-0.0178,0.0806,-27.6829,-102.9878,-18.0488
1574146978162.0,0.113,-0.0185,0.076,-24.4512,-94.6341,-14.939
1574146978163.0,0.1119,-0.0173,0.0698,-20.4268,-84.5122,-9.6951
1574146978163.0,0.1118,-0.0187,0.0714,-16.0366,-71.0976,-4.4512
1574146978206.0,0.1112,-0.0219,0.0819,-12.378,-58.9634,-0.4268
1574146978207.0,0.107,-0.0236,0.0886,-10.6707,-50.9146,3.6585
1574146978208.0,0.1094,-0.0258,0.0869,-11.0366,-46.2195,8.5976
1574146978208.0,0.1055,-0.027,0.0839,-10.7927,-40.2439,9.6341
1574146978209.0,0.0919,-0.0236,0.0804,-9.6341,-34.6951,7.8049
1574146978251.0,0.0857,-0.0172,0.0758,-8.1098,-36.8902,3.9634
1574146978252.0,0.089,-0.0115,0.0718,-8.7805,-49.0244,0.6707
1574146978252.0,0.0925,-0.0096,0.069,-10.9756,-66.7073,1.3415
1574146978253.0,0.0969,-0.0133,0.0685,-14.3902,-80.2439,3.5976
1574146978296.0,0.1036,-0.0189,0.0681,-16.7683,-84.6341,2.8659
1574146978297.0,0.1138,-0.0208,0.0713,-17.5,-80.9756,2.0732
1574146978298.0,0.119,-0.0187,0.0752,-16.5244,-70.9146,4.5732
1574146978299.0,0.1192,-0.0162,0.0793,-15.2439,-56.4024,7.8659
1574146978299.0,0.1177,-0.0175,0.08,-14.4512,-37.439,9.0244
1574146978341.0,0.1091,-0.02,0.0769,-14.878,-16.6463,8.2317
1574146978342.0,0.0952,-0.0206,0.0729,-12.5,2.1951,7.0122
1574146978343.0,0.0847,-0.0215,0.0704,-9.1463,6.4634,6.5854
1574146978343.0,0.0841,-0.019,0.0659,-9.4512,-7.8659,4.2683
1574146978344.0,0.0927,-0.0164,0.0635,-10.0,-29.8171,2.9268
1574146978386.0,0.1061,-0.0184,0.0646,-13.5366,-53.3537,2.1341
1574146978387.0,0.1172,-0.0219,0.0695,-18.9634,-69.3902,0.8537
1574146978388.0,0.1181,-0.0229,0.0735,-20.7317,-67.1951,-0.2439
1574146978431.0,0.1084,-0.0234,0.0689,-19.3902,-51.8902,-1.6463
1574146978432.0,0.0969,-0.0233,0.0607,-18.2317,-39.6951,-4.3902
1574146978432.0,0.0914,-0.021,0.053,-16.2805,-39.8171,-6.8293
1574146978433.0,0.0885,-0.0192,0.0472,-15.3659,-56.0976,-7.1951
1574146978434.0,0.0952,-0.0195,0.0457,-16.4634,-86.4024,-6.9512
1574146978435.0,0.1138,-0.0206,0.0498,-18.5976,-119.4512,-7.7439
1574146978476.0,0.1321,-0.0201,0.0541,-20.3659,-143.6585,-7.378
1574146978477.0,0.1448,-0.0212,0.0508,-20.7927,-150.3659,-5.0
1574146978478.0,0.1512,-0.0264,0.0412,-20.3049,-138.4756,-1.9512
1574146978478.0,0.1517,-0.0304,0.033,-19.6341,-111.4024,1.5854
1574146978520.0,0.1423,-0.0325,0.0299,-16.0366,-77.3171,6.2805
1574146978521.0,0.1262,-0.0319,0.035,-11.6463,-48.5366,10.122
1574146978522.0,0.1111,-0.0286,0.0349,-6.5244,-35.6707,11.8902
1574146978522.0,0.1002,-0.028,0.0349,-3.9634,-43.2927,12.6829
1574146978523.0,0.0964,-0.0294,0.0306,-4.4512,-68.2317,10.122
1574146978565.0,0.1114,-0.0312,0.0278,-6.1585,-97.439,8.6585
1574146978566.0,0.1373,-0.0342,0.0295,-9.5122,-120.8537,9.878
1574146978567.0,0.1481,-0.0342,0.0325,-12.0122,-123.7195,11.0976
1574146978567.0,0.1453,-0.0305,0.0304,-8.9024,-102.8659,10.1829
1574146978610.0,0.1388,-0.0274,0.0275,-4.4512,-71.5854,7.9268
1574146978611.0,0.1376,-0.026,0.0277,-2.5,-42.561,5.1829
1574146978612.0,0.1388,-0.0259,0.0309,-0.7927,-21.1585,3.3537
1574146978612.0,0.1347,-0.0261,0.0353,-1.0366,-6.6463,3.5976
1574146978613.0,0.124,-0.0253,0.0379,-2.0122,4.7561,4.878
1574146978656.0,0.1169,-0.0236,0.0376,-3.4146,10.4878,7.0732
1574146978657.0,0.1171,-0.022,0.0371,-4.7561,10.1829,8.8415
1574146978657.0,0.123,-0.0236,0.0341,-7.439,6.7073,9.5122
1574146978658.0,0.1289,-0.0234,0.0336,-10.0,2.1951,9.7561
1574146978659.0,0.1307,-0.0222,0.0329,-10.122,-1.2805,11.3415
1574146978701.0,0.1299,-0.0223,0.0308,-10.061,-3.5366,11.2195
1574146978702.0,0.133,-0.0258,0.0296,-10.9756,-7.7439,11.6463
1574146978702.0,0.1354,-0.0298,0.0292,-11.7073,-11.7073,15.1829
1574146978703.0,0.1304,-0.0322,0.0296,-11.7683,-10.2439,18.8415
1574146978746.0,0.1262,-0.0326,0.0291,-9.0244,0.4878,20.2439
1574146978747.0,0.1235,-0.0327,0.0286,-4.878,14.7561,20.6098
1574146978747.0,0.128,-0.0334,0.0264,-2.8049,17.622,20.0
1574146978748.0,0.1277,-0.0358,0.0269,-3.2927,11.3415,18.6585
1574146978749.0,0.1251,-0.0372,0.0245,-2.9268,7.9878,15.2439
1574146978791.0,0.1245,-0.0352,0.0191,0.7317,12.5,12.1341
1574146978792.0,0.1276,-0.0312,0.0177,5.3659,19.8171,15.0
1574146978792.0,0.1266,-0.0294,0.0197,8.2927,27.0732,18.7805
1574146978793.0,0.1219,-0.0292,0.0224,8.3537,29.1463,18.9024
1574146978836.0,0.1169,-0.0292,0.028,8.4756,24.8171,18.4146
1574146978881.0,0.1188,-0.0341,0.0276,7.0732,11.4024,18.2317
1574146978926.0,0.1191,-0.0372,0.0304,4.0854,-5.5488,18.9024
1574146978927.0,0.1176,-0.0372,0.0383,2.378,-23.7805,19.3902
1574146978927.0,0.1233,-0.0406,0.0389,-1.5244,-39.0244,17.9268
1574146978928.0,0.1246,-0.0377,0.0378,-5.6707,-45.4268,17.2561
1574146978929.0,0.119,-0.0341,0.0325,-5.5488,-44.6951,17.8049
1574146978929.0,0.1206,-0.0359,0.0258,-5.6098,-43.9634,15.122
1574146978930.0,0.1285,-0.0386,0.0247,-7.7439,-47.6829,12.378
1574146978930.0,0.1295,-0.0394,0.0317,-8.4756,-52.8049,12.378
1574146978931.0,0.1229,-0.0398,0.036,-7.378,-50.3659,10.6707
1574146978932.0,0.126,-0.0392,0.03,-4.7561,-42.1341,8.7805
1574146978971.0,0.1317,-0.0384,0.0311,-2.439,-36.7683,10.5488
1574146978971.0,0.1247,-0.0407,0.0295,-3.0488,-33.1098,10.6098
1574146978972.0,0.114,-0.0416,0.0212,-2.6829,-27.8659,6.3415
1574146978973.0,0.112,-0.0405,0.0139,-1.3415,-27.1951,7.7439
1574146978973.0,0.1065,-0.0413,0.0168,-1.4634,-34.5732,11.5854
1574146978974.0,0.1052,-0.0428,0.0136,-2.9878,-49.0244,11.6463
1574146978975.0,0.1224,-0.0438,0.0041,-4.1463,-63.1098,9.3293
1574146979016.0,0.1309,-0.0434,0.0045,-2.1951,-72.561,9.6341
1574146979017.0,0.123,-0.0435,0.0095,0.4268,-79.4512,11.8293
1574146979017.0,0.1174,-0.0468,0.0068,2.5,-82.1341,9.6951
1574146979018.0,0.1174,-0.0466,0.0052,5.2439,-84.5732,5.3659
1574146979061.0,0.1089,-0.0436,0.0083,7.0122,-93.1098,3.1707
1574146979106.0,0.0965,-0.0397,0.0029,5.3659,-101.8293,-0.7317
1574146979107.0,0.089,-0.0337,0.0031,4.5122,-107.9878,-7.7439
1574146979107.0,0.0976,-0.0279,0.0055,4.3293,-119.6341,-12.6829
1574146979108.0,0.1212,-0.0321,0.0023,1.9512,-134.0244,-9.4512
1574146979108.0,0.1381,-0.0428,-0.0065,-3.3537,-143.8415,-5.3049
1574146979109.0,0.1385,-0.0468,-0.012,-6.1585,-141.7073,-6.4024
1574146979109.0,0.1315,-0.0453,-0.0135,-5.6098,-128.3537,-9.4512
1574146979110.0,0.129,-0.0416,-0.0184,-5.061,-113.1098,-12.1951
1574146979150.0,0.1349,-0.038,-0.0206,-2.8659,-102.1951,-12.9878
1574146979151.0,0.1426,-0.0355,-0.0238,-0.3659,-87.1951,-11.6463
1574146979152.0,0.1373,-0.0327,-0.0269,2.6829,-61.2195,-8.9634
1574146979152.0,0.1284,-0.035,-0.0324,6.0976,-35.4268,-5.2439
1574146979153.0,0.1288,-0.0403,-0.0371,8.3537,-16.4024,-2.378
1574146979196.0,0.1306,-0.0421,-0.0355,11.7073,-4.3902,-0.4878
1574146979197.0,0.1342,-0.041,-0.0344,15.9146,2.439,-0.5488
1574146979197.0,0.1318,-0.0394,-0.0306,20.7927,10.0,-0.6098
1574146979198.0,0.1082,-0.0361,-0.0153,25.0,19.878,-0.9146
1574146979241.0,0.1053,-0.0345,-0.0127,28.5976,19.1463,-2.1951
1574146979242.0,0.1169,-0.0366,-0.0133,28.6585,5.2439,-2.0732
1574146979242.0,0.1162,-0.0349,-0.0127,25.3049,-18.1707,-2.378
1574146979243.0,0.1149,-0.0327,-0.0188,22.6829,-35.2439,-7.1341
1574146979243.0,0.1203,-0.0316,-0.0229,20.5488,-43.5366,-8.8415
1574146979286.0,0.1279,-0.0337,-0.0248,20.1829,-47.622,-6.4634
1574146979287.0,0.1304,-0.0372,-0.0253,20.7927,-45.4878,-2.8049
1574146979288.0,0.1259,-0.0391,-0.0295,22.0122,-38.1707,-0.7927
1574146979288.0,0.1205,-0.0355,-0.0333,24.4512,-29.878,-1.8293
1574146979331.0,0.1143,-0.0331,-0.0387,27.439,-21.7073,-2.378
1574146979331.0,0.1129,-0.0364,-0.0365,27.3171,-19.8171,-2.0122
1574146979332.0,0.1187,-0.0409,-0.0328,25.8537,-28.5366,-1.5854
1574146979333.0,0.1193,-0.0399,-0.0268,24.3902,-35.122,-2.1341
1574146979333.0,0.1176,-0.0334,-0.0222,26.1585,-34.3902,-4.2683
1574146979376.0,0.1144,-0.03,-0.02,28.9024,-31.5854,-4.2073
1574146979376.0,0.1071,-0.0319,-0.0184,27.8049,-30.3659,-4.4512
1574146979378.0,0.1053,-0.0328,-0.0206,24.1463,-35.7317,-8.1707
1574146979379.0,0.1149,-0.035,-0.0253,21.5244,-46.7683,-11.6463
1574146979380.0,0.124,-0.0359,-0.03,19.5732,-52.622,-12.6829
1574146979421.0,0.1245,-0.0352,-0.0287,18.6585,-50.6707,-13.5976
1574146979422.0,0.1249,-0.0292,-0.022,18.4756,-44.1463,-14.6951
1574146979423.0,0.1308,-0.0255,-0.0092,19.5122,-36.2805,-12.439
1574146979424.0,0.1377,-0.0281,-0.0015,19.3902,-27.1951,-10.061
1574146979465.0,0.1313,-0.0315,-0.0067,18.1707,-13.1707,-8.7805
1574146979466.0,0.1174,-0.0319,-0.0166,13.8415,0.3659,-4.3293
1574146979467.0,0.1105,-0.0292,-0.0205,9.939,5.0,-5.0
1574146979467.0,0.1105,-0.0301,-0.0234,6.4024,-2.5,-3.1098
1574146979468.0,0.1212,-0.0319,-0.0361,1.9512,-14.2073,-3.7805
1574146979511.0,0.1317,-0.0386,-0.0439,-0.6098,-25.122,-1.4024
1574146979511.0,0.1302,-0.0366,-0.0438,-5.061,-33.7805,-2.622
1574146979556.0,0.1211,-0.0364,-0.043,-2.8049,-28.9024,-1.6463
1574146979556.0,0.121,-0.036,-0.0406,-1.3415,-19.939,-2.8659
1574146979557.0,0.1279,-0.0357,-0.0391,2.8049,-9.2073,-2.7439
1574146979557.0,0.1278,-0.0399,-0.0341,6.6463,2.561,0.9756
1574146979558.0,0.1179,-0.039,-0.0308,7.7439,11.8902,0.5488
1574146979559.0,0.1099,-0.036,-0.0286,9.3293,16.7683,0.4878
1574146979560.0,0.112,-0.0349,-0.0289,10.6707,10.6098,1.1585
1574146979601.0,0.112,-0.0337,-0.0359,9.939,0.7927,3.2927
1574146979602.0,0.1183,-0.0383,-0.0461,9.0244,-6.5244,4.939
1574146979602.0,0.1284,-0.0405,-0.0505,6.4634,-11.5854,3.8415
1574146979603.0,0.1273,-0.0423,-0.0482,7.3171,-9.8171,5.4268
1574146979646.0,0.118,-0.0365,-0.0429,8.4146,5.7317,2.378
1574146979647.0,0.1181,-0.034,-0.0439,12.8049,19.0244,5.2439
1574146979648.0,0.1248,-0.0377,-0.0432,13.7195,22.7439,10.4268
1574146979648.0,0.1242,-0.0372,-0.0306,12.1951,22.9268,13.3537
1574146979649.0,0.1165,-0.0347,-0.0222,12.8049,25.6098,9.7561
1574146979691.0,0.1187,-0.033,-0.019,12.1951,29.0854,5.1829
1574146979692.0,0.1296,-0.0347,-0.0141,10.9146,30.4268,5.1829
1574146979692.0,0.1334,-0.0348,-0.0215,7.8659,30.0,6.3415
1574146979693.0,0.1353,-0.0351,-0.0294,6.2805,34.6951,8.0488
1574146979694.0,0.1371,-0.0362,-0.0346,6.6463,42.7439,8.4146
1574146979736.0,0.1373,-0.0355,-0.0449,9.8171,55.3049,10.4878
1574146979736.0,0.1179,-0.0339,-0.0477,16.3415,78.7195,12.622
1574146979737.0,0.1011,-0.0273,-0.0281,21.4634,90.2439,13.9024
1574146979737.0,0.0908,-0.0299,-0.0075,26.2195,83.2317,13.9024
1574146979781.0,0.0931,-0.0371,0.0076,20.6098,59.8781,10.7317
1574146979781.0,0.111,-0.0333,0.0192,14.2073,33.3537,10.9146
1574146979782.0,0.129,-0.0358,0.0131,12.6829,14.5732,12.1951
1574146979782.0,0.1409,-0.0444,0.0017,2.7439,4.878,13.5366
1574146979783.0,0.139,-0.0468,-0.0036,-6.0366,0.3659,15.6098
1574146979826.0,0.1226,-0.0444,-0.0095,-9.0854,0.5488,16.6463
1574146979827.0,0.1128,-0.0436,-0.0241,-10.6098,4.5732,11.5244
1574146979828.0,0.1161,-0.0473,-0.038,-10.3659,7.6829,6.7683
1574146979828.0,0.1164,-0.0502,-0.0333,-7.7439,7.439,8.1098
1574146979871.0,0.1152,-0.0506,-0.0291,-3.4146,6.5854,9.0854
1574146979872.0,0.1187,-0.0511,-0.0222,-0.9756,10.6707,5.4268
1574146979872.0,0.1262,-0.0515,-0.0217,0.9146,15.4878,1.4634
1574146979873.0,0.1254,-0.0555,-0.021,0.9146,18.9634,1.0366
1574146979874.0,0.1108,-0.0497,-0.0047,1.8293,22.0122,-0.6707
1574146979916.0,0.103,-0.0404,-0.0029,8.5976,21.7073,-6.4634
1574146979917.0,0.1042,-0.0397,-0.0142,9.7561,15.4268,-6.3415
1574146979917.0,0.1245,-0.0437,-0.0256,4.2073,-5.1829,-3.9634
1574146979918.0,0.1287,-0.0493,-0.0293,1.2195,-30.3049,-4.878
1574146979961.0,0.1249,-0.0488,-0.0339,-1.0976,-44.878,-7.0732
1574146979962.0,0.1295,-0.0419,-0.0342,2.7439,-37.9878,-15.122
1574146979963.0,0.1357,-0.0411,-0.0245,8.4756,-23.6585,-15.061
1574146979963.0,0.1321,-0.0373,-0.0132,10.6098,-12.1341,-14.3293
1574146979964.0,0.1233,-0.0334,-0.0114,13.6585,-4.0854,-16.0976
1574146980006.0,0.1048,-0.0299,-0.0073,13.7195,-3.7805,-17.9878
1574146980008.0,0.0971,-0.0261,0.0001,12.1341,-17.8049,-16.7683
1574146980009.0,0.105,-0.0292,-0.0032,10.5488,-37.8049,-13.3537
1574146980010.0,0.1102,-0.0346,-0.0098,5.6098,-57.9268,-8.5366
1574146980011.0,0.1122,-0.0361,-0.0185,3.1098,-68.3537,-8.1098
1574146980051.0,0.1289,-0.0428,-0.0319,4.939,-71.2195,-8.6585
1574146980052.0,0.1432,-0.041,-0.0435,5.7317,-65.8537,-6.5854
1574146980053.0,0.1402,-0.0323,-0.0419,8.9024,-52.8659,-6.1585
1574146980053.0,0.134,-0.0273,-0.0347,12.622,-41.9512,-8.5366
1574146980096.0,0.1363,-0.0297,-0.0258,14.0244,-33.2317,-7.1341
1574146980097.0,0.1354,-0.0383,-0.0172,12.6829,-23.8415,1.7073
1574146980098.0,0.1282,-0.0449,-0.0077,10.4268,-7.0122,8.5976
1574146980099.0,0.1302,-0.0404,-0.0081,8.0488,13.2927,5.3049
1574146980099.0,0.1328,-0.043,-0.0158,9.2683,33.4146,5.6707
1574146980141.0,0.1265,-0.045,-0.0278,5.9146,50.9756,5.7317
1574146980142.0,0.1194,-0.0471,-0.0312,3.6585,62.6829,6.3415
1574146980143.0,0.1193,-0.0436,-0.028,3.4756,70.122,2.9878
1574146980143.0,0.1208,-0.0403,-0.0226,7.2561,74.3902,-1.1585
1574146980185.0,0.1202,-0.04,-0.0186,9.6341,73.5976,-1.0366
1574146980186.0,0.127,-0.0418,-0.0193,9.3293,69.0244,-1.0366
1574146980187.0,0.1375,-0.0432,-0.0172,8.7195,62.8659,-1.2805
1574146980187.0,0.1403,-0.0406,-0.0219,9.0244,61.5244,-1.1585
1574146980188.0,0.1373,-0.0359,-0.0244,11.1585,70.0,0.3659
1574146980230.0,0.1315,-0.0391,-0.0253,13.6585,81.4024,3.9634
1574146980231.0,0.1246,-0.0428,-0.0179,14.8171,89.2073,2.5
1574146980232.0,0.1222,-0.0419,-0.0129,18.2927,91.8293,0.6098
1574146980232.0,0.1275,-0.0412,-0.0131,22.6829,93.8415,0.3659
1574146980276.0,0.132,-0.0418,-0.008,24.5732,95.4878,3.7805
1574146980278.0,0.1354,-0.0445,-0.0051,24.0854,99.2073,5.4268
1574146980279.0,0.1243,-0.043,-0.0038,23.7805,112.622,3.1707
1574146980280.0,0.1005,-0.0366,0.0008,24.878,123.5976,3.2317
1574146980280.0,0.0881,-0.0324,0.0071,24.878,122.3171,5.4878
1574146980321.0,0.0945,-0.0326,0.0181,23.1098,108.2927,3.7805
1574146980322.0,0.1102,-0.0353,0.0221,20.122,85.4878,-0.2439
1574146980322.0,0.1183,-0.0357,0.0289,16.7073,66.0976,-1.2805
1574146980323.0,0.1095,-0.0358,0.0311,12.9268,55.1829,-2.2561
1574146980366.0,0.0928,-0.0344,0.0302,9.6341,46.0976,-6.6463
1574146980367.0,0.0859,-0.0312,0.0303,4.878,29.8171,-8.0488
1574146980368.0,0.0892,-0.0299,0.0319,-0.2439,5.5488,-8.2317
1574146980369.0,0.0966,-0.0364,0.0312,-7.2561,-23.4756,-7.0732
1574146980369.0,0.1025,-0.0389,0.0278,-13.9024,-48.8415,-5.4878
1574146980411.0,0.1088,-0.0367,0.0248,-13.8415,-62.6829,-5.122
1574146980412.0,0.1115,-0.0367,0.0208,-13.1098,-71.7073,-6.2195
1574146980413.0,0.102,-0.0338,0.0225,-15.122,-86.7683,-6.1585
1574146980413.0,0.0917,-0.0392,-0.0024,-18.5366,-105.9756,-8.4756
1574146980414.0,0.1005,-0.0477,-0.0231,-24.5122,-122.9268,-17.5
1574146980456.0,0.1084,-0.0444,-0.0225,-21.4024,-130.5488,-22.561
1574146980457.0,0.1097,-0.0349,-0.0252,-13.5366,-128.4756,-27.8049
1574146980458.0,0.1144,-0.0402,-0.0319,-10.3049,-121.1585,-33.0488
1574146980458.0,0.1298,-0.0439,-0.0386,-13.0488,-120.2439,-38.3537
1574146980501.0,0.1395,-0.0314,-0.0349,-8.7195,-113.9024,-41.2805
1574146980502.0,0.144,-0.0259,-0.024,-0.7317,-97.7439,-33.7195
1574146980503.0,0.1426,-0.0364,-0.012,-0.7317,-82.5,-24.3902
1574146980504.0,0.1335,-0.0389,-0.0085,-3.4756,-69.6951,-22.2561
1574146980504.0,0.1277,-0.0354,-0.0233,-1.9512,-58.7195,-18.9634
1574146980546.0,0.1365,-0.0333,-0.0289,-0.3659,-56.9512,-15.3659
1574146980547.0,0.1576,-0.0439,-0.0208,-1.0366,-69.7561,-11.0976
1574146980548.0,0.1562,-0.0471,-0.0191,-5.8537,-72.5,-9.3293
1574146980549.0,0.1405,-0.0317,-0.027,-3.9634,-53.0488,-13.7805
1574146980591.0,0.1376,-0.0205,-0.0324,4.7561,-30.9756,-14.878
1574146980592.0,0.1403,-0.0208,-0.0351,9.0854,-17.0122,-8.9024
1574146980593.0,0.1432,-0.0237,-0.0409,7.3171,-12.1341,-4.5122
1574146980595.0,0.1373,-0.0275,-0.0438,7.8049,-12.7439,-4.3902
1574146980596.0,0.1346,-0.035,-0.0439,10.3049,-16.6463,-3.1707
1574146980636.0,0.136,-0.0363,-0.0475,12.9268,-21.2805,-1.6463
1574146980637.0,0.1373,-0.035,-0.0425,18.9634,-23.7805,-4.0244
1574146980638.0,0.1445,-0.0397,-0.0403,24.2073,-22.3171,-5.122
1574146980639.0,0.1495,-0.0371,-0.037,27.3171,-16.3415,-3.2317
1574146980681.0,0.1429,-0.0366,-0.0292,32.8659,-3.0488,-1.4024
1574146980682.0,0.1392,-0.0378,-0.0265,34.2073,17.8659,-4.3902
1574146980683.0,0.1395,-0.0316,-0.0266,37.2561,38.7195,-6.4024
1574146980684.0,0.1362,-0.0282,-0.0264,41.8902,52.561,-2.9268
1574146980684.0,0.1227,-0.0273,-0.0193,43.3537,62.0122,-1.7073
1574146980726.0,0.1201,-0.0265,-0.0134,43.4146,64.939,-2.9878
1574146980727.0,0.1258,-0.0239,-0.0035,43.3537,60.4268,-1.2805
1574146980728.0,0.1269,-0.022,0.0098,41.5244,54.4512,0.7317
1574146980728.0,0.1337,-0.0209,0.0197,36.8293,51.0976,0.3049
1574146980729.0,0.1357,-0.0198,0.0221,30.6707,53.6585,2.1341
1574146980771.0,0.1226,-0.0193,0.0193,23.4146,62.0122,2.7439
1574146980772.0,0.0975,-0.0175,0.0114,14.7561,67.561,0.4878
1574146980772.0,0.0906,-0.0162,0.0024,8.8415,60.9146,-2.3171
1574146980773.0,0.0967,-0.0176,-0.0026,4.5122,41.8902,-0.2439
1574146980861.0,0.111,-0.0209,-0.0032,-0.122,22.378,0.7927
1574146980862.0,0.1185,-0.0226,-0.0033,-3.1098,14.2683,-1.7073
1574146980863.0,0.1254,-0.03,-0.0061,-4.7561,10.6098,-2.8659
1574146980864.0,0.1251,-0.032,0.0004,-6.2805,7.9268,-3.0488
1574146980864.0,0.1141,-0.037,0.0029,-4.939,8.4146,-0.2439
1574146980865.0,0.1002,-0.0414,-0.0063,-6.0366,8.2927,-4.0244
1574146980866.0,0.0966,-0.0438,-0.0063,-5.9756,-0.7317,-10.5488
1574146980867.0,0.0947,-0.0357,-0.0044,-3.5366,-15.3049,-17.0732
1574146980868.0,0.0853,-0.0239,-0.0099,0.4268,-27.0122,-23.8415
1574146980868.0,0.1031,-0.0316,-0.0309,2.5,-53.5976,-30.9146
1574146980906.0,0.1233,-0.0352,-0.0472,2.7439,-79.3293,-33.0488
1574146980907.0,0.1364,-0.0341,-0.0561,8.1707,-84.5122,-33.6585
1574146980908.0,0.1431,-0.044,-0.0485,11.9512,-72.0732,-35.061
1574146980909.0,0.1385,-0.0287,-0.0431,12.0732,-52.3171,-35.4878
1574146980951.0,0.1333,-0.0404,-0.0398,18.1098,-32.7439,-24.0244
1574146980952.0,0.1311,-0.0414,-0.0292,11.2195,-27.1341,-19.7561
1574146980952.0,0.1144,-0.0289,-0.0142,15.1829,-22.5,-17.7439
1574146980953.0,0.1093,-0.0278,-0.0129,16.5854,-23.7195,-15.3049
1574146980996.0,0.1207,-0.0277,-0.0126,12.9268,-40.1829,-13.4756
1574146980997.0,0.1426,-0.025,-0.0181,12.0122,-63.7805,-12.6829
1574146980998.0,0.1568,-0.0244,-0.022,13.2317,-76.5244,-10.4878
1574146980999.0,0.1584,-0.0256,-0.0198,12.378,-73.4146,-7.0122
1574146980999.0,0.1489,-0.0244,-0.0225,10.9756,-57.8049,-5.1829
1574146981041.0,0.1429,-0.0255,-0.0236,10.9146,-37.5,-3.6585
1574146981042.0,0.1378,-0.0186,-0.0177,11.5244,-17.378,-5.9146
1574146981043.0,0.1347,-0.0253,-0.0096,13.4146,6.4634,-5.8537
1574146981044.0,0.1379,-0.0281,-0.0073,10.1829,28.1707,-8.0488
1574146981044.0,0.1301,-0.0242,-0.0067,11.2805,45.0,-5.8537
1574146981086.0,0.1167,-0.0258,-0.0064,10.6707,52.2561,-2.0122
1574146981088.0,0.1018,-0.0222,-0.0121,6.5244,51.4024,-5.4878
1574146981088.0,0.0997,-0.018,-0.015,5.8537,42.3171,-9.8171
1574146981089.0,0.1114,-0.0178,-0.0172,5.5488,24.0244,-10.9146
1574146981131.0,0.1263,-0.0184,-0.0189,3.1098,6.3415,-10.9756
1574146981132.0,0.1373,-0.0181,-0.0219,3.1098,-1.7073,-11.2805
1574146981132.0,0.1365,-0.0211,-0.0271,3.8415,0.122,-8.1098
1574146981133.0,0.1298,-0.0197,-0.0273,4.5732,6.5854,-7.439
1574146981135.0,0.1202,-0.0199,-0.0249,7.378,13.1707,-6.6463
1574146981176.0,0.1168,-0.0164,-0.0208,8.9024,13.8415,-6.7683
1574146981177.0,0.122,-0.0209,-0.0157,11.7683,6.5854,-4.6341
1574146981178.0,0.1143,-0.0224,-0.0092,9.0244,5.9146,-0.7317
1574146981178.0,0.1041,-0.0223,-0.0128,4.8171,6.1585,-3.4756
1574146981220.0,0.1151,-0.0208,-0.012,1.7073,-4.5122,-9.8171
1574146981221.0,0.1347,-0.0203,-0.0084,1.1585,-21.0976,-10.6098
1574146981222.0,0.1385,-0.0256,-0.0104,1.5854,-23.5976,-8.3537
1574146981222.0,0.1295,-0.0248,-0.0188,0.1829,-14.0854,-8.1098
1574146981223.0,0.1138,-0.0219,-0.0249,1.4024,-2.3171,-9.939
1574146981265.0,0.1145,-0.0259,-0.0269,2.8659,-0.4878,-13.8415
1574146981266.0,0.1187,-0.0276,-0.0287,3.5976,-6.4024,-16.0976
1574146981267.0,0.1176,-0.0291,-0.0316,5.8537,-12.0122,-16.1585
1574146981267.0,0.1273,-0.0317,-0.0353,7.1951,-16.4634,-18.8415
1574146981311.0,0.1353,-0.0332,-0.0376,8.9634,-20.2439,-19.4512
1574146981312.0,0.1287,-0.0291,-0.0428,11.0366,-15.3659,-19.6951
1574146981312.0,0.1211,-0.0145,-0.0438,15.2439,-9.3293,-22.561
1574146981313.0,0.1192,-0.0133,-0.0382,19.3902,-10.1829,-22.0732
1574146981314.0,0.1235,-0.017,-0.0311,17.0122,-15.1829,-23.4756
1574146981356.0,0.1291,-0.0174,-0.0255,16.5244,-19.7561,-22.0732
1574146981358.0,0.1335,-0.0223,-0.0212,16.9512,-23.1098,-18.0488
1574146981359.0,0.1365,-0.0206,-0.0139,16.0976,-24.6951,-16.0366
1574146981360.0,0.1428,-0.02,-0.0156,16.2195,-20.061,-13.4756
1574146981360.0,0.1461,-0.0154,-0.0185,15.7927,-9.6951,-10.9146
1574146981401.0,0.1458,-0.009,-0.0129,16.2195,5.6098,-9.2683
1574146981402.0,0.1447,-0.0029,-0.0081,13.7195,18.7195,-7.0122
1574146981403.0,0.1467,-0.008,-0.0126,9.878,28.1098,-1.4634
1574146981403.0,0.1386,-0.0113,-0.0168,3.1098,36.2805,7.1951
1574146981446.0,0.1273,-0.008,-0.0203,-2.1951,44.0854,9.7561
1574146981447.0,0.131,-0.0101,-0.0192,-6.2195,45.4878,13.1707
1574146981448.0,0.1335,-0.015,-0.0096,-11.1585,45.2439,17.9268
1574146981448.0,0.1322,-0.0181,-0.0002,-17.1951,49.5732,21.6463
1574146981449.0,0.134,-0.0149,0.0188,-21.8293,59.2073,23.8415
1574146981490.0,0.1484,-0.0124,0.0261,-22.5,74.1463,26.1585
1574146981491.0,0.1509,-0.0182,0.014,-24.3293,100.0,30.7317
1574146981492.0,0.1389,-0.0176,0.0024,-31.7683,118.7195,37.1341
1574146981492.0,0.1185,-0.0118,-0.0024,-33.2927,123.1098,39.5122
1574146981535.0,0.1036,-0.014,-0.0063,-35.061,120.3049,35.6707
1574146981536.0,0.1103,-0.0173,-0.0082,-41.3415,105.5488,29.5122
1574146981537.0,0.1233,-0.0186,-0.0082,-44.8171,83.9634,27.9878
1574146981537.0,0.1296,-0.0217,-0.0034,-45.7927,67.7439,29.5122
1574146981538.0,0.1359,-0.0239,0.0006,-46.5854,61.4024,29.3902
1574146981581.0,0.1287,-0.0201,0.0048,-45.6098,65.3659,28.1098
1574146981582.0,0.1139,-0.0238,0.0003,-43.1707,67.6829,30.3659
1574146981583.0,0.0988,-0.0264,0.004,-46.5854,63.3537,29.6951
1574146981583.0,0.0972,-0.0228,0.0099,-50.122,50.4878,27.6829
1574146981626.0,0.1143,-0.029,0.0121,-47.9268,32.8659,24.0244
1574146981627.0,0.1251,-0.0385,0.0046,-48.7805,15.8537,22.7439
1574146981628.0,0.128,-0.0419,-0.0059,-49.6951,6.3415,21.6463
1574146981628.0,0.1172,-0.0367,-0.0059,-44.6951,8.7195,15.1829
1574146981629.0,0.1085,-0.031,-0.006,-39.6341,9.939,11.8293
1574146981671.0,0.1109,-0.0275,-0.0027,-36.5244,2.8049,7.0732
1574146981672.0,0.1063,-0.0203,-0.0005,-36.3415,-8.2927,2.5
1574146981672.0,0.1,-0.0113,0.0013,-35.9756,-16.2805,0.4268
1574146981673.0,0.0973,-0.0146,-0.0101,-38.4146,-26.7683,5.0
1574146981716.0,0.1007,-0.013,-0.0123,-46.0976,-44.2073,6.9512
1574146981717.0,0.1096,-0.0171,-0.0258,-49.6341,-62.622,12.1951
1574146981717.0,0.1334,-0.0254,-0.0427,-55.9146,-83.9024,17.6829
1574146981718.0,0.1553,-0.0246,-0.0312,-53.0488,-92.6829,19.2073
1574146981719.0,0.1569,-0.0267,-0.0266,-46.1585,-85.122,26.4634
1574146981761.0,0.1553,-0.0336,-0.0208,-43.0488,-58.2317,23.0488
1574146981762.0,0.147,-0.0319,-0.0104,-39.4512,-23.5366,19.1463
1574146981763.0,0.1401,-0.0314,-0.0086,-35.4878,8.2927,21.5854
1574146981763.0,0.1224,-0.0304,-0.0029,-32.0732,46.2195,18.2927
1574146981764.0,0.1168,-0.0312,-0.0047,-29.6341,75.3049,17.0732
1574146981805.0,0.1246,-0.036,-0.0152,-27.3171,92.2561,17.561
1574146981806.0,0.1393,-0.0452,-0.0234,-26.2805,110.061,19.4512
1574146981807.0,0.1419,-0.0426,-0.0075,-22.9878,144.8781,16.4634
1574146981808.0,0.1278,-0.0395,0.0077,-14.0854,181.2195,14.4512
1574146981850.0,0.1083,-0.0397,0.0104,-13.2317,209.8781,10.5488
1574146981895.0,0.0971,-0.0479,0.0185,-13.5976,236.2805,2.9878
1574146981941.0,0.0849,-0.0465,0.0357,-10.7317,254.5122,-5.7927
1574146981941.0,0.0818,-0.0432,0.0421,-6.4634,249.8171,-6.2805
