0,1,2,3,4,5,6
1574147014610.0,0.0795,-0.0505,0.0957,-6.6463,1.5854,-0.122
1574147014611.0,0.0742,-0.049,0.0948,-3.1707,6.0366,-0.4878
1574147014611.0,0.0714,-0.0463,0.0947,-0.4268,6.4634,-0.3049
1574147014612.0,0.0714,-0.0452,0.0965,1.2195,1.8293,-0.061
1574147014655.0,0.0719,-0.0436,0.0976,3.1707,-4.7561,0.4878
1574147014656.0,0.0727,-0.042,0.0983,6.2805,-10.0,1.3415
1574147014657.0,0.0734,-0.0413,0.0983,9.0244,-12.7439,1.4634
1574147014658.0,0.0735,-0.0402,0.098,11.3415,-13.5976,1.1585
1574147014659.0,0.0738,-0.0387,0.0977,13.4756,-13.2927,1.4634
1574147014700.0,0.0744,-0.0381,0.096,15.122,-12.7439,2.1341
1574147014701.0,0.0739,-0.0385,0.0947,16.3415,-12.378,2.7439
1574147014701.0,0.0748,-0.0381,0.0957,17.8049,-11.0366,2.7439
1574147014702.0,0.0797,-0.0376,0.0999,19.1463,-8.8415,2.561
1574147014746.0,0.0812,-0.0383,0.0999,18.3537,-6.7073,4.0244
1574147014747.0,0.0771,-0.0391,0.0986,17.7439,-4.0854,6.2805
1574147014748.0,0.0748,-0.0391,0.0961,18.1707,-1.5854,5.5488
1574147014749.0,0.0745,-0.0393,0.0938,17.0122,-2.561,4.3902
1574147014750.0,0.0771,-0.0394,0.093,15.8537,-6.8293,4.6341
1574147014790.0,0.0803,-0.0397,0.0925,14.939,-11.1585,5.4268
1574147014792.0,0.0823,-0.0402,0.0916,15.122,-12.6829,5.7927
1574147014792.0,0.0824,-0.0399,0.09,15.6098,-11.4634,5.7317
1574147014793.0,0.0814,-0.0391,0.0892,17.439,-8.7195,5.6707
1574147014835.0,0.0805,-0.0389,0.0878,18.9024,-5.9146,5.8537
1574147014836.0,0.0805,-0.0374,0.0875,19.3293,-4.2683,6.1585
1574147014837.0,0.0822,-0.0353,0.0913,19.878,-3.7195,6.4634
1574147014838.0,0.0861,-0.0345,0.0948,18.9634,-3.1098,7.3171
1574147014838.0,0.0842,-0.035,0.0932,15.9146,-1.5854,9.4512
1574147014880.0,0.0778,-0.0349,0.0923,15.3049,0.4878,11.4634
1574147014881.0,0.0749,-0.0349,0.091,14.878,2.8659,11.0366
1574147014882.0,0.0764,-0.0339,0.0898,12.3171,2.9878,10.9756
1574147014883.0,0.0779,-0.0335,0.0887,9.2073,1.5854,12.1341
1574147014883.0,0.0781,-0.0338,0.0891,7.5,0.8537,12.8049
1574147014926.0,0.0788,-0.0336,0.0897,5.7927,0.9146,13.2927
1574147014970.0,0.0791,-0.0339,0.0903,3.9634,1.5854,13.2317
1574147015015.0,0.0782,-0.0349,0.0901,2.0732,2.5,12.7439
1574147015016.0,0.0788,-0.0355,0.0904,0.2439,3.4756,11.8902
1574147015016.0,0.0837,-0.0356,0.0944,-1.5244,4.2683,10.7927
1574147015017.0,0.0902,-0.036,0.0979,-3.7805,6.2195,9.7561
1574147015018.0,0.088,-0.0364,0.1002,-6.0976,10.9756,9.0244
1574147015018.0,0.0806,-0.0352,0.1011,-7.3171,17.0732,7.0122
1574147015019.0,0.0752,-0.0334,0.0995,-9.8171,19.878,3.4146
1574147015020.0,0.0746,-0.0322,0.0977,-13.8415,16.8293,0.122
1574147015020.0,0.0757,-0.0313,0.097,-18.0488,9.5732,-2.8659
1574147015021.0,0.077,-0.0308,0.0963,-21.2805,2.1951,-5.1829
1574147015060.0,0.0773,-0.0308,0.0953,-23.4146,-2.439,-7.1951
1574147015061.0,0.0777,-0.0308,0.0942,-24.8171,-4.8171,-9.7561
1574147015061.0,0.0778,-0.0311,0.0928,-25.7927,-6.3415,-11.8293
1574147015062.0,0.0773,-0.0319,0.092,-26.5854,-7.6829,-13.4756
1574147015063.0,0.0793,-0.0336,0.0935,-27.1951,-8.5366,-14.7561
1574147015063.0,0.0826,-0.0355,0.0952,-27.6829,-7.9878,-15.3049
1574147015105.0,0.0837,-0.0377,0.0964,-27.561,-5.7927,-15.0
1574147015106.0,0.0809,-0.0392,0.0977,-26.3415,-2.622,-14.0854
1574147015106.0,0.0782,-0.0404,0.0974,-25.1829,1.0366,-13.1098
1574147015107.0,0.076,-0.0414,0.0964,-24.2073,3.6585,-12.8049
1574147015150.0,0.0755,-0.0422,0.0953,-23.0488,3.7805,-13.1707
1574147015151.0,0.0745,-0.0435,0.0936,-22.0122,1.8902,-12.561
1574147015152.0,0.0734,-0.0449,0.0928,-20.3659,-1.0366,-11.1585
1574147015153.0,0.0741,-0.0458,0.0922,-17.9878,-3.5366,-10.5488
1574147015154.0,0.0769,-0.0466,0.0926,-16.0976,-4.939,-9.5122
1574147015196.0,0.0786,-0.0471,0.0923,-13.9634,-5.7317,-8.0488
1574147015197.0,0.0789,-0.048,0.0928,-10.8537,-5.4878,-6.4024
1574147015197.0,0.0801,-0.049,0.0939,-8.1707,-4.4512,-4.939
1574147015198.0,0.0789,-0.0489,0.0933,-6.1585,-2.5,-3.1098
1574147015241.0,0.0759,-0.0488,0.0919,-3.7195,-0.122,-0.6707
1574147015242.0,0.074,-0.0485,0.0897,-1.5244,1.5244,1.0366
1574147015243.0,0.0735,-0.0473,0.0891,0.6098,1.5244,2.378
1574147015243.0,0.0756,-0.0466,0.0893,2.5,0.3049,3.9634
1574147015244.0,0.0778,-0.0469,0.0894,4.0854,-0.122,5.6707
1574147015286.0,0.0798,-0.0466,0.0909,5.8537,0.7927,7.2561
1574147015287.0,0.0817,-0.0457,0.0928,7.8049,2.7439,8.2317
1574147015288.0,0.081,-0.0447,0.0936,8.9024,5.3049,9.0854
1574147015288.0,0.079,-0.0431,0.0928,9.878,7.0122,9.8171
1574147015331.0,0.0779,-0.0416,0.0909,10.4268,7.622,9.878
1574147015332.0,0.0775,-0.0404,0.0917,10.7317,7.8049,9.5122
1574147015332.0,0.0775,-0.0388,0.0919,10.6707,6.8902,9.0244
1574147015333.0,0.0783,-0.0383,0.0925,10.6098,5.5488,9.5732
1574147015334.0,0.08,-0.0381,0.093,10.3049,3.8415,9.5732
1574147015376.0,0.0798,-0.038,0.0925,9.6341,2.5,8.9024
1574147015377.0,0.079,-0.0372,0.0914,9.2683,1.3415,8.2317
1574147015377.0,0.0795,-0.0373,0.0911,8.5976,0.3049,7.378
1574147015378.0,0.0815,-0.0378,0.0931,7.7439,-0.9756,6.5854
1574147015379.0,0.0826,-0.038,0.0936,6.5854,-2.1341,6.1585
1574147015420.0,0.0825,-0.0385,0.0931,5.6707,-2.9878,6.3415
1574147015421.0,0.0807,-0.0391,0.0913,5.061,-2.9878,6.0976
1574147015422.0,0.0803,-0.0396,0.0905,4.5732,-1.7683,5.122
1574147015423.0,0.0802,-0.0399,0.0905,3.6585,-1.1585,4.4512
1574147015466.0,0.0794,-0.0395,0.0908,3.0488,-1.5854,4.0244
1574147015467.0,0.0797,-0.0396,0.0912,3.0488,-1.7073,3.7805
1574147015468.0,0.0801,-0.0405,0.0921,2.561,-2.0122,3.5366
1574147015468.0,0.0793,-0.0414,0.093,2.1341,-1.1585,3.1707
1574147015469.0,0.0781,-0.0417,0.0935,2.0732,0.3049,2.439
1574147015511.0,0.077,-0.0416,0.0949,2.561,1.8293,1.8902
1574147015512.0,0.0773,-0.0418,0.0966,2.622,2.7439,1.2805
1574147015512.0,0.077,-0.0419,0.0972,2.0732,3.5366,0.6707
1574147015513.0,0.0749,-0.0421,0.0981,1.9512,4.3902,0.122
1574147015556.0,0.0722,-0.0413,0.0977,1.7073,4.939,-1.2805
1574147015557.0,0.0729,-0.0407,0.0967,0.6707,4.6341,-2.622
1574147015557.0,0.0742,-0.0396,0.0937,-0.9146,2.9268,-3.2927
1574147015558.0,0.0754,-0.0396,0.0925,-1.7683,0.061,-3.9024
1574147015559.0,0.0779,-0.0393,0.0936,-3.1707,-3.5366,-5.5488
1574147015600.0,0.0785,-0.0397,0.0925,-3.3537,-6.4634,-5.9756
1574147015602.0,0.0772,-0.0408,0.0923,-2.1341,-6.6463,-5.3659
1574147015603.0,0.0762,-0.0414,0.093,-0.4268,-7.2561,-5.4268
1574147015604.0,0.0772,-0.0396,0.093,0.4878,-9.6341,-5.4268
1574147015605.0,0.0799,-0.0371,0.0913,0.5488,-13.3537,-5.0
1574147015645.0,0.0818,-0.0345,0.0919,0.3659,-18.1098,-4.3902
1574147015646.0,0.0893,-0.0351,0.0928,-0.5488,-25.5488,-4.5732
1574147015647.0,0.093,-0.0354,0.0918,-2.0122,-31.4634,-4.2683
1574147015647.0,0.0886,-0.0331,0.1026,0.3049,-34.3902,-3.5976
1574147015690.0,0.0762,-0.0341,0.1053,1.3415,-37.9268,-3.5366
1574147015691.0,0.0661,-0.035,0.105,-1.1585,-45.2439,-0.7317
1574147015691.0,0.0711,-0.0305,0.1061,-5.0,-60.8537,1.8902
1574147015692.0,0.0857,-0.025,0.1033,-12.622,-86.0366,1.8902
1574147015693.0,0.1013,-0.0259,0.0973,-22.1951,-108.7805,2.9878
1574147015735.0,0.1111,-0.0295,0.0887,-28.9024,-117.6829,4.3293
1574147015736.0,0.1111,-0.0317,0.0851,-30.122,-112.9268,5.6098
1574147015736.0,0.1121,-0.0366,0.0853,-28.3537,-103.7805,6.8902
1574147015737.0,0.1149,-0.043,0.0839,-28.2927,-92.5,7.6829
1574147015780.0,0.111,-0.042,0.0766,-24.6951,-77.3781,8.3537
1574147015781.0,0.1033,-0.0354,0.061,-17.9268,-59.6951,8.1098
1574147015782.0,0.1012,-0.0283,0.0547,-13.5976,-45.2439,5.2439
1574147015782.0,0.0974,-0.0363,0.0612,-13.2317,-47.2561,-2.2561
1574147015783.0,0.098,-0.0402,0.0601,-22.5,-53.6585,1.3415
1574147015826.0,0.1015,-0.0428,0.0593,-21.0976,-47.561,4.7561
1574147015827.0,0.1025,-0.0456,0.0602,-18.5366,-43.8415,3.4756
1574147015828.0,0.103,-0.0461,0.0593,-18.4146,-37.9268,5.2439
1574147015828.0,0.1016,-0.0462,0.0569,-18.1098,-31.2195,6.2805
1574147015871.0,0.1,-0.0483,0.0555,-17.0122,-29.939,4.878
1574147015872.0,0.1047,-0.0521,0.0577,-15.8537,-30.7927,3.7195
1574147015872.0,0.1096,-0.0549,0.0594,-15.0,-30.6707,2.5
1574147015873.0,0.1042,-0.0533,0.0577,-12.439,-30.0,2.378
1574147015874.0,0.0966,-0.0531,0.0538,-7.6829,-30.4268,1.0976
1574147015916.0,0.091,-0.0547,0.0506,-4.0244,-34.3293,-2.5
1574147015916.0,0.0892,-0.0541,0.0504,-0.7317,-41.9512,-6.3415
1574147015917.0,0.0908,-0.0527,0.0485,1.3415,-51.5244,-8.9024
1574147015918.0,0.0921,-0.05,0.0469,3.4756,-59.4512,-10.2439
1574147015919.0,0.0952,-0.048,0.0479,7.439,-62.439,-12.6829
1574147015961.0,0.0963,-0.0471,0.0495,10.061,-59.2683,-15.061
1574147016051.0,0.0951,-0.0471,0.0511,12.8659,-53.5366,-14.4512
1574147016052.0,0.0951,-0.0473,0.0558,16.2195,-48.9024,-13.2317
1574147016053.0,0.0977,-0.0482,0.0613,18.7805,-45.4268,-12.8049
1574147016054.0,0.0958,-0.0472,0.0659,19.8171,-41.6463,-11.5854
1574147016055.0,0.0947,-0.0472,0.0671,21.0366,-37.7439,-10.7927
1574147016055.0,0.0965,-0.0477,0.0702,21.9512,-34.3293,-12.378
1574147016056.0,0.101,-0.0482,0.0726,21.5244,-32.7439,-13.4146
1574147016096.0,0.1017,-0.0468,0.0702,20.3049,-30.4268,-12.439
1574147016096.0,0.1044,-0.0479,0.0718,20.4878,-25.9146,-11.9512
1574147016097.0,0.105,-0.0504,0.0739,19.5122,-16.4634,-12.2561
1574147016098.0,0.1065,-0.0516,0.0784,18.6585,-3.3537,-11.0976
1574147016098.0,0.1101,-0.0512,0.0802,17.7439,12.3171,-9.939
1574147016099.0,0.1086,-0.0482,0.0765,16.3415,28.2317,-7.7439
1574147016099.0,0.1061,-0.0489,0.0661,15.122,40.5488,-5.7317
1574147016100.0,0.1069,-0.053,0.0642,11.2805,48.5976,-5.1829
1574147016100.0,0.0985,-0.0547,0.0689,8.4756,51.0976,-5.4878
1574147016101.0,0.0909,-0.0522,0.0737,5.7317,46.5854,-5.122
1574147016140.0,0.0873,-0.0493,0.076,3.4756,35.7927,-5.2439
1574147016141.0,0.0894,-0.054,0.0755,0.3659,15.7317,-7.6829
1574147016142.0,0.0945,-0.0579,0.0729,-3.2927,-6.7683,-7.5
1574147016142.0,0.1019,-0.0554,0.0674,-5.6098,-28.9024,-6.9512
1574147016186.0,0.1074,-0.054,0.0613,-8.6585,-46.3415,-10.061
1574147016187.0,0.1063,-0.0552,0.0562,-10.5488,-54.6341,-12.0122
1574147016188.0,0.0984,-0.0549,0.0493,-10.122,-57.439,-11.5854
1574147016189.0,0.0912,-0.0531,0.0433,-7.622,-56.4024,-12.3171
1574147016189.0,0.0951,-0.0527,0.0436,-5.0,-57.1951,-14.4512
1574147016231.0,0.1052,-0.0493,0.0504,-3.8415,-61.0976,-15.9756
1574147016232.0,0.1163,-0.0428,0.0563,-3.0488,-65.0,-15.7927
1574147016232.0,0.1237,-0.0366,0.0613,-1.3415,-66.8902,-14.6951
1574147016233.0,0.1292,-0.032,0.0653,-0.3049,-69.1463,-12.1341
1574147016276.0,0.1328,-0.0334,0.0636,-1.7683,-70.2439,-7.6829
1574147016277.0,0.132,-0.0389,0.0576,-3.7195,-65.9146,-5.122
1574147016278.0,0.124,-0.0408,0.0479,-4.4512,-52.7439,-2.5
1574147016279.0,0.1171,-0.0421,0.0364,-4.6951,-32.9878,-0.4268
1574147016280.0,0.1173,-0.0442,0.0338,-4.3902,-15.3659,-1.2805
1574147016321.0,0.1222,-0.042,0.038,-1.5244,-5.5488,-2.561
1574147016365.0,0.1225,-0.0391,0.0479,0.9146,-1.7073,-0.5488
1574147016411.0,0.1186,-0.0393,0.0511,0.2439,1.2805,0.6098
1574147016412.0,0.1149,-0.0405,0.0527,0.3049,10.1829,2.1951
1574147016412.0,0.1138,-0.0411,0.053,2.5,18.1707,2.6829
1574147016456.0,0.1164,-0.0414,0.0535,5.6707,22.1951,3.4756
1574147016456.0,0.1243,-0.0419,0.0527,6.8902,21.4634,3.4146
1574147016457.0,0.128,-0.0396,0.0515,9.0854,23.2317,3.9634
1574147016501.0,0.1189,-0.0331,0.0494,12.439,31.2195,4.6951
1574147016502.0,0.1051,-0.0261,0.0462,15.122,43.5976,3.3537
1574147016503.0,0.0989,-0.024,0.0435,16.7073,55.061,4.0854
1574147016503.0,0.0992,-0.0246,0.0418,15.5488,57.561,7.5
1574147016504.0,0.0966,-0.0248,0.0458,15.1829,50.3659,8.7195
1574147016505.0,0.0969,-0.0257,0.0528,14.4512,33.5366,8.1707
1574147016591.0,0.1075,-0.027,0.0549,12.2561,13.1098,6.7073
1574147016592.0,0.1144,-0.0272,0.0555,12.8659,-0.122,7.2561
1574147016593.0,0.1162,-0.026,0.0541,14.0244,-8.9024,8.1707
1574147016593.0,0.1158,-0.0268,0.0491,14.939,-13.4756,5.9756
1574147016594.0,0.114,-0.028,0.0479,16.8293,-15.061,3.9634
1574147016595.0,0.1102,-0.027,0.0521,18.4756,-19.3293,4.5122
1574147016596.0,0.1092,-0.0253,0.0526,17.561,-24.939,3.7195
1574147016597.0,0.1136,-0.0226,0.0521,16.9512,-23.2927,2.0122
1574147016597.0,0.117,-0.0206,0.0552,18.0488,-12.0122,2.2561
1574147016598.0,0.1145,-0.0205,0.0583,17.378,4.2073,2.3171
1574147016681.0,0.1105,-0.0215,0.0588,14.3902,19.4512,0.7317
1574147016682.0,0.1041,-0.0233,0.0576,11.0366,28.9024,-0.6098
1574147016683.0,0.098,-0.0248,0.0582,7.7439,30.9146,-1.8293
1574147016683.0,0.0955,-0.0254,0.0581,4.7561,25.1829,-4.6951
1574147016726.0,0.0983,-0.0277,0.0582,2.0122,12.561,-7.378
1574147016727.0,0.1011,-0.0295,0.0579,-1.5244,-2.9878,-7.9878
1574147016728.0,0.103,-0.0287,0.0593,-4.2683,-17.9268,-8.7805
1574147016728.0,0.1093,-0.0277,0.0632,-7.9878,-29.5122,-11.3415
1574147016729.0,0.1143,-0.0299,0.0673,-12.8659,-35.061,-13.3537
1574147016730.0,0.1147,-0.0335,0.0687,-16.0366,-32.6829,-14.3293
1574147016731.0,0.1146,-0.0363,0.0647,-17.8659,-23.3537,-14.2073
1574147016771.0,0.1146,-0.0378,0.0591,-19.6341,-15.7317,-12.3171
1574147016772.0,0.1147,-0.0396,0.0545,-20.122,-12.1341,-10.6098
1574147016772.0,0.117,-0.0419,0.0499,-19.4512,-11.1585,-10.3049
1574147016773.0,0.1196,-0.0411,0.0451,-17.1951,-15.2439,-11.3415
1574147016816.0,0.1241,-0.0378,0.0372,-14.7561,-26.9512,-10.3049
1574147016817.0,0.132,-0.035,0.0375,-14.0244,-41.7073,-9.5122
1574147016818.0,0.1432,-0.0358,0.0409,-16.4024,-50.5488,-9.8171
1574147016818.0,0.1523,-0.0396,0.0319,-19.2683,-40.8537,-8.7195
1574147016819.0,0.1426,-0.0361,0.0242,-14.8171,-11.7073,-4.6341
1574147016820.0,0.1275,-0.03,0.0339,-5.7927,18.8415,-1.4024
1574147016821.0,0.1249,-0.0282,0.0428,-7.8659,38.8415,2.2561
1574147016821.0,0.1286,-0.0278,0.0422,-9.7561,52.2561,4.1463
1574147016822.0,0.1316,-0.0274,0.038,-6.5854,72.0122,9.0854
1574147016823.0,0.1473,-0.0357,0.0379,-5.3659,95.122,18.4756
1574147016861.0,0.1635,-0.0414,0.0303,-4.6951,117.2561,27.561
1574147016863.0,0.162,-0.0417,0.0359,6.4024,161.4024,38.2317
1574147016864.0,0.1329,-0.0484,0.0542,14.3293,229.0854,45.4268
1574147016865.0,0.1034,-0.0431,0.076,25.061,293.7805,50.122
1574147016866.0,0.0897,-0.0394,0.1003,36.5244,326.5854,61.0366
1574147016867.0,0.1004,-0.0425,0.1081,37.3171,315.3049,75.4878
1574147016868.0,0.1086,-0.0505,0.1114,33.4756,291.0366,83.0488
1574147016869.0,0.0978,-0.0607,0.1085,26.3415,275.3659,86.7683
1574147016870.0,0.0918,-0.0662,0.0996,25.5488,265.9756,89.8781
1574147016871.0,0.0946,-0.0698,0.0886,28.5366,255.6707,93.0488
1574147016906.0,0.0851,-0.0656,0.0788,31.8902,238.9025,98.9024
1574147016906.0,0.077,-0.0603,0.0748,40.0,211.6463,102.3781
1574147016907.0,0.0704,-0.0511,0.0662,40.9146,171.3415,106.2805
1574147016907.0,0.0566,-0.0485,0.0584,39.3293,120.9756,115.3049
1574147016908.0,0.0385,-0.0461,0.0572,39.6341,74.6951,122.2561
1574147016950.0,0.0231,-0.0428,0.0601,43.1707,40.9146,121.7073
1574147016951.0,0.019,-0.0387,0.0717,45.0,14.6341,113.7195
1574147016952.0,0.0186,-0.0295,0.0896,46.1585,-4.878,104.6951
1574147016952.0,0.0084,-0.03,0.0993,45.4268,-12.561,93.5976
1574147016953.0,-0.0082,-0.0406,0.0998,45.6707,-13.1707,77.9878
1574147016995.0,-0.0073,-0.0467,0.0981,49.5732,-8.2317,62.2561
1574147016996.0,-0.0037,-0.0442,0.0993,48.9024,-3.2317,46.6463
1574147016997.0,-0.0095,-0.0392,0.1058,46.0366,3.9634,28.1707
1574147016997.0,-0.0165,-0.0335,0.1127,45.3049,11.4634,10.3049
1574147017041.0,-0.015,-0.032,0.1095,42.439,7.3171,-3.7805
1574147017041.0,-0.0144,-0.0319,0.0967,37.0122,-7.1341,-19.0854
1574147017042.0,-0.0256,-0.0215,0.091,34.6951,-25.061,-35.7317
1574147017043.0,-0.0231,-0.0142,0.0898,31.9512,-46.2195,-51.2805
1574147017044.0,0.0112,-0.0138,0.1017,18.9024,-66.6463,-65.3049
1574147017085.0,0.0671,-0.0201,0.1299,3.6585,-79.8171,-76.5244
1574147017086.0,0.1099,-0.0291,0.1556,-8.4756,-79.4512,-80.5488
1574147017087.0,0.117,-0.0276,0.1653,-12.378,-55.4878,-74.5122
1574147017087.0,0.1061,-0.0254,0.1613,-7.378,-15.3049,-63.9634
1574147017131.0,0.0979,-0.034,0.1462,-0.3659,19.0854,-60.061
1574147017132.0,0.0923,-0.038,0.1264,-0.122,25.6707,-56.8902
1574147017132.0,0.0851,-0.0334,0.1116,-6.2195,1.7073,-49.7561
1574147017133.0,0.0588,-0.0319,0.0983,-9.939,-25.3659,-46.8902
1574147017133.0,0.034,-0.0308,0.087,-7.9268,-44.6951,-45.9146
1574147017175.0,0.0349,-0.0242,0.0709,-4.8171,-65.3659,-47.2561
1574147017176.0,0.0622,-0.0177,0.0587,-3.1098,-85.7927,-50.6707
1574147017177.0,0.0984,-0.011,0.0627,0.8537,-89.1463,-46.4024
1574147017177.0,0.1152,-0.0126,0.0836,1.4024,-70.061,-38.6585
1574147017221.0,0.1053,-0.0129,0.107,3.0488,-37.378,-33.9634
1574147017221.0,0.0859,-0.0125,0.1116,10.8537,-6.1585,-26.7073
1574147017222.0,0.0646,-0.0207,0.1074,19.8171,0.9756,-20.4268
1574147017222.0,0.0649,-0.0331,0.1033,22.1951,-15.1829,-23.6585
1574147017223.0,0.0696,-0.0295,0.1057,15.3659,-40.6707,-23.4756
1574147017266.0,0.0816,-0.0226,0.1046,9.0854,-67.5,-14.5122
1574147017267.0,0.1002,-0.0269,0.1201,1.4634,-85.5488,-10.1829
1574147017267.0,0.1111,-0.0313,0.1399,-7.0732,-74.2683,-15.3659
1574147017268.0,0.1159,-0.0308,0.1366,-8.4146,-35.4878,-14.1463
1574147017311.0,0.101,-0.0298,0.1096,-10.0,0.5488,-0.9146
1574147017312.0,0.0685,-0.0302,0.0867,-7.8049,26.8902,6.6463
1574147017312.0,0.0525,-0.0308,0.0834,-3.4146,44.3293,2.3171
1574147017313.0,0.0535,-0.0244,0.0867,-2.2561,41.8293,-2.622
1574147017314.0,0.0522,-0.0174,0.0916,-3.2927,23.9634,-3.9024
1574147017356.0,0.0501,-0.0172,0.0891,-3.5366,12.1951,-4.8171
1574147017357.0,0.0604,-0.0198,0.0883,-1.2195,5.6098,-6.7683
1574147017357.0,0.0816,-0.025,0.0912,0.0,-5.5488,-10.3659
1574147017358.0,0.0889,-0.0229,0.101,1.9512,-14.0244,-10.0
1574147017359.0,0.0909,-0.0236,0.1088,4.2683,-12.3171,-5.3659
1574147017401.0,0.0955,-0.0261,0.1069,4.3293,-5.9146,-4.0854
1574147017402.0,0.0963,-0.0288,0.0995,3.1707,5.4268,-1.7683
1574147017402.0,0.0897,-0.0319,0.0918,3.9024,22.561,0.4878
1574147017403.0,0.0833,-0.0307,0.0895,8.5366,32.2561,0.4268
1574147017446.0,0.0784,-0.0304,0.0841,12.0732,31.2195,-1.4634
1574147017447.0,0.0752,-0.0309,0.085,14.8171,26.8293,-2.9268
1574147017447.0,0.072,-0.0333,0.093,17.7439,23.9024,-1.5854
1574147017448.0,0.0732,-0.0336,0.097,17.7439,18.2317,1.6463
1574147017449.0,0.0795,-0.0352,0.0987,16.4634,9.6951,2.8049
1574147017491.0,0.0831,-0.0366,0.1013,15.122,6.4634,1.4634
1574147017491.0,0.0816,-0.0386,0.1035,15.0,11.3415,1.9512
1574147017492.0,0.0801,-0.0405,0.1057,14.3902,17.9268,3.2317
1574147017493.0,0.08,-0.0374,0.111,12.8049,20.4268,3.5366
1574147017536.0,0.0787,-0.0323,0.1133,9.1463,17.6829,2.6829
1574147017537.0,0.0756,-0.0289,0.1097,5.122,16.0976,2.1341
1574147017538.0,0.0682,-0.0268,0.1056,3.1707,18.1707,2.8659
1574147017538.0,0.0626,-0.0246,0.1034,2.378,19.3293,2.622
1574147017539.0,0.0572,-0.0224,0.1024,2.5,17.8659,2.0732
1574147017581.0,0.0582,-0.0224,0.1038,2.5,11.7683,1.1585
1574147017582.0,0.0662,-0.0233,0.1068,0.9756,2.378,-0.061
1574147017583.0,0.0732,-0.0245,0.1056,-2.0732,-3.0488,0.9756
1574147017584.0,0.0769,-0.0247,0.1047,-2.7439,-0.7927,1.8293
1574147017626.0,0.0782,-0.0246,0.1024,-1.0976,4.8171,2.7439
1574147017627.0,0.0768,-0.0264,0.1001,0.7317,9.6341,5.8537
1574147017628.0,0.0671,-0.0258,0.1,1.9512,15.5488,8.7195
1574147017629.0,0.0601,-0.0237,0.0997,3.4756,20.061,7.8659
1574147017629.0,0.0583,-0.0204,0.1001,3.6585,17.561,5.3049
1574147017671.0,0.0547,-0.0177,0.1016,3.1098,7.8049,2.3171
1574147017672.0,0.0548,-0.0163,0.106,3.1707,-2.2561,-0.7927
1574147017672.0,0.0668,-0.0187,0.1104,2.439,-10.8537,-2.378
1574147017673.0,0.0806,-0.0226,0.1122,1.5854,-13.7805,-3.2317
1574147017674.0,0.083,-0.0264,0.1102,2.0732,-6.7683,-2.439
1574147017716.0,0.0784,-0.0311,0.1057,3.2317,1.4024,-0.2439
1574147017717.0,0.0731,-0.0305,0.1046,3.5366,5.061,0.4878
1574147017718.0,0.0676,-0.0261,0.1044,3.1707,6.1585,-1.4024
1574147017719.0,0.0654,-0.0216,0.1035,2.561,6.3415,-3.1098
1574147017761.0,0.0611,-0.0213,0.0956,2.0732,4.6341,-2.9878
1574147017762.0,0.0574,-0.0226,0.0938,3.4146,3.4756,-3.7195
1574147017763.0,0.0613,-0.0242,0.0952,4.6951,-1.3415,-4.6951
1574147017764.0,0.0665,-0.025,0.0979,4.5732,-7.5,-5.6707
1574147017764.0,0.071,-0.0264,0.1017,4.2683,-10.122,-5.7927
1574147017806.0,0.074,-0.0286,0.1046,3.9634,-10.7317,-5.3049
1574147017807.0,0.0771,-0.032,0.1053,4.1463,-8.1707,-3.7805
1574147017808.0,0.0758,-0.0322,0.1074,3.7805,-4.8171,-1.0976
1574147017809.0,0.0721,-0.0305,0.109,3.5366,-2.5,-0.8537
1574147017851.0,0.0706,-0.0286,0.1088,2.0122,-3.9024,-2.7439
1574147017852.0,0.0759,-0.0266,0.1089,-0.5488,-8.4146,-3.9024
1574147017853.0,0.08,-0.0234,0.1072,-2.378,-10.8537,-3.9024
1574147017854.0,0.078,-0.0197,0.1022,-3.5976,-7.5,-3.2317
1574147017855.0,0.0754,-0.0192,0.1,-4.2683,-2.5,-2.9878
1574147017896.0,0.0734,-0.0201,0.1013,-4.2683,0.4878,-3.0488
1574147017941.0,0.0708,-0.0216,0.1038,-3.9634,2.622,-1.4634
1574147017986.0,0.0665,-0.0234,0.1049,-3.7805,4.939,-0.122
1574147017987.0,0.0645,-0.0244,0.1054,-3.5976,6.4024,0.6098
1574147017988.0,0.065,-0.024,0.1063,-4.3293,4.0244,-0.061
1574147017989.0,0.0667,-0.0244,0.1061,-5.6707,-0.8537,-1.9512
1574147017990.0,0.0701,-0.0248,0.1073,-5.9756,-3.4756,-2.561
1574147017991.0,0.071,-0.0259,0.1109,-5.6707,-4.0854,-1.9512
1574147017992.0,0.0729,-0.0301,0.111,-5.4878,-3.8415,-0.6098
1574147017993.0,0.0758,-0.0319,0.1088,-6.5244,-5.6098,1.5244
1574147017994.0,0.075,-0.0297,0.1064,-7.6829,-6.4634,1.9512
1574147017994.0,0.0728,-0.027,0.103,-8.1098,-2.0122,-0.2439
1574147018031.0,0.0731,-0.0274,0.0981,-7.9878,3.1098,-0.8537
1574147018032.0,0.073,-0.0276,0.1002,-7.1341,7.561,0.4878
1574147018033.0,0.0797,-0.0215,0.1089,-5.8537,11.9512,2.2561
1574147018033.0,0.0781,-0.0174,0.0994,-7.8659,14.8171,2.5
1574147018034.0,0.0718,-0.0228,0.1022,-6.5854,14.2073,2.7439
1574147018035.0,0.0736,-0.0234,0.11,-4.2683,14.7561,5.4878
1574147018076.0,0.0637,-0.0256,0.0941,-3.9634,15.9756,6.2805
1574147018077.0,0.0626,-0.0236,0.0917,-1.2805,18.1707,5.6707
1574147018078.0,0.0708,-0.0266,0.095,-1.4634,9.5122,4.1463
1574147018079.0,0.0684,-0.0255,0.0918,0.5488,5.5488,2.9878
1574147018079.0,0.0728,-0.0283,0.1027,4.0854,5.9756,3.2317
1574147018121.0,0.0691,-0.0259,0.1068,5.061,6.0366,3.0488
1574147018121.0,0.0652,-0.0308,0.121,4.6341,5.7927,3.1098
1574147018122.0,0.0703,-0.0269,0.1298,5.0,10.8537,1.4024
1574147018122.0,0.0683,-0.0201,0.1218,1.0366,10.061,2.2561
1574147018166.0,0.0569,-0.0253,0.1232,-3.7805,3.7195,-1.5244
1574147018167.0,0.0565,-0.0192,0.1108,-3.6585,4.3902,-5.8537
1574147018168.0,0.0663,-0.0199,0.1113,-7.9268,-4.0244,-5.7927
1574147018169.0,0.0654,-0.0248,0.1091,-11.5854,-8.2927,-6.6463
1574147018169.0,0.0597,-0.0259,0.1024,-8.5366,0.8537,-4.6341
1574147018211.0,0.0681,-0.0255,0.1016,-5.9146,-0.6707,-3.2927
1574147018212.0,0.0729,-0.0279,0.0992,-6.4024,-10.7927,-5.4268
1574147018213.0,0.0776,-0.0307,0.0984,-2.1951,-6.7683,-3.9024
1574147018214.0,0.0853,-0.0312,0.1015,0.5488,-4.5122,0.2439
1574147018255.0,0.0829,-0.0333,0.1014,2.3171,-3.9634,3.4756
1574147018256.0,0.0812,-0.0349,0.0995,6.0976,3.1098,5.0
1574147018257.0,0.0803,-0.035,0.0994,8.7195,6.8293,7.622
1574147018257.0,0.0743,-0.0353,0.1062,8.7805,6.2195,10.3659
1574147018258.0,0.0627,-0.0342,0.1071,8.2927,10.1829,11.7683
1574147018301.0,0.0565,-0.0328,0.105,7.622,14.3902,11.2805
1574147018301.0,0.0549,-0.034,0.1072,4.6951,13.4146,9.3293
1574147018302.0,0.0558,-0.0336,0.1087,2.6829,11.5244,7.8049
1574147018302.0,0.0615,-0.0306,0.1097,0.6098,8.4146,5.6707
1574147018346.0,0.0623,-0.0287,0.1108,-2.439,4.3293,3.1707
1574147018347.0,0.064,-0.0275,0.1088,-4.5122,2.378,1.3415
1574147018348.0,0.0681,-0.0277,0.111,-6.8293,-0.7317,1.0366
1574147018349.0,0.0688,-0.0279,0.1089,-9.7561,-2.561,0.5488
1574147018350.0,0.0637,-0.0251,0.1003,-10.5488,1.9512,0.3659
1574147018391.0,0.0771,-0.02,0.1062,-10.7317,-0.4878,-0.6707
1574147018392.0,0.0857,-0.0153,0.1063,-15.3049,-7.0122,-2.622
1574147018392.0,0.0723,-0.0154,0.1099,-15.5488,5.1829,-0.7317
1574147018393.0,0.0564,-0.0098,0.1135,-13.7195,16.6463,1.3415
1574147018394.0,0.0532,-0.0031,0.1113,-16.3415,8.5366,-2.1341
1574147018436.0,0.062,-0.0027,0.1099,-22.1951,-7.8659,-5.7317
1574147018437.0,0.053,-0.0081,0.0988,-27.3171,-22.1951,-1.2805
1574147018438.0,0.0358,-0.0059,0.1096,-27.5,-37.622,4.939
1574147018438.0,0.0275,0.0071,0.1146,-30.0,-55.2439,1.5854
1574147018481.0,0.048,0.014,0.0934,-39.5122,-92.439,-10.3659
1574147018482.0,0.0804,0.0127,0.0626,-53.2317,-145.3659,-19.2073
1574147018483.0,0.1224,-0.0085,0.0676,-62.5,-173.8415,-22.5
1574147018483.0,0.1453,-0.0323,0.0894,-65.4878,-153.7805,-19.2683
1574147018484.0,0.1374,-0.0411,0.0957,-68.5366,-111.5854,-12.622
1574147018526.0,0.1245,-0.0426,0.1042,-69.2073,-55.6707,-14.939
1574147018527.0,0.1032,-0.0439,0.1197,-66.4634,6.2195,-28.6585
1574147018528.0,0.0868,-0.0439,0.1387,-68.1098,43.3537,-43.7805
1574147018571.0,0.0846,-0.0394,0.1401,-80.1829,44.5122,-47.8659
1574147018572.0,0.0842,-0.0367,0.1264,-95.2439,27.3171,-44.6951
1574147018572.0,0.0829,-0.0406,0.1093,-101.5244,16.0976,-41.4024
1574147018573.0,0.0819,-0.048,0.095,-102.3781,15.7317,-42.8659
1574147018574.0,0.0853,-0.0515,0.0859,-101.4024,16.3415,-46.7683
1574147018575.0,0.0938,-0.0556,0.0768,-101.2805,15.061,-45.6707
1574147018616.0,0.0986,-0.0598,0.0669,-100.061,17.7439,-42.0122
1574147018617.0,0.0936,-0.063,0.0604,-93.4146,26.3415,-43.1098
1574147018618.0,0.076,-0.0622,0.0567,-81.0366,38.4146,-45.3659
1574147018618.0,0.0505,-0.0552,0.0539,-67.561,45.6707,-44.5732
1574147018661.0,0.0308,-0.0459,0.051,-56.2805,38.9024,-44.8171
1574147018662.0,0.0275,-0.0397,0.0452,-47.0122,15.6098,-47.439
1574147018663.0,0.0369,-0.0377,0.0452,-36.2195,-20.0,-47.1951
1574147018664.0,0.0612,-0.0421,0.051,-25.6707,-64.6341,-42.8049
1574147018664.0,0.0922,-0.0501,0.0497,-21.2195,-106.5244,-37.8659
1574147018706.0,0.101,-0.047,0.0475,-15.1829,-130.1219,-32.1951
1574147018707.0,0.0961,-0.0439,0.0494,-3.9024,-137.2561,-25.9146
1574147018708.0,0.107,-0.0478,0.0491,4.3293,-139.6342,-22.1951
1574147018708.0,0.1179,-0.0498,0.0485,7.561,-137.3171,-14.3293
1574147018709.0,0.1226,-0.0489,0.0543,16.0366,-126.5854,-5.4878
1574147018751.0,0.1235,-0.051,0.0584,24.8171,-109.8171,0.7317
1574147018752.0,0.1194,-0.0538,0.0562,28.0488,-88.5976,5.4878
1574147018753.0,0.1025,-0.0517,0.054,32.8049,-60.6098,9.3293
1574147018753.0,0.0789,-0.0499,0.0527,41.2195,-34.0854,12.1341
1574147018796.0,0.0679,-0.0491,0.0502,45.7927,-26.7683,10.4878
1574147018797.0,0.0717,-0.0464,0.0447,45.4878,-42.1951,7.7439
1574147018798.0,0.077,-0.0448,0.0458,44.0854,-67.8049,8.0488
1574147018799.0,0.0829,-0.0494,0.051,41.2805,-93.7195,8.8415
1574147018800.0,0.0954,-0.0513,0.0558,36.2805,-115.0,6.5854
1574147018841.0,0.1087,-0.0482,0.0618,33.7805,-125.7927,6.3415
1574147018842.0,0.1164,-0.0449,0.0676,33.2927,-122.5,7.2561
1574147018843.0,0.1141,-0.0468,0.069,32.5,-107.0732,7.622
1574147018843.0,0.1074,-0.0503,0.0635,30.1829,-88.0488,5.4878
1574147018886.0,0.0962,-0.0491,0.0507,29.3293,-72.0122,2.561
1574147018887.0,0.0823,-0.0461,0.0341,29.7561,-64.6951,0.8537
1574147018888.0,0.0706,-0.0424,0.0246,30.6098,-68.6585,-2.3171
1574147018889.0,0.0755,-0.0405,0.0216,31.8902,-88.1098,-6.4024
1574147018931.0,0.1071,-0.0383,0.0334,31.8902,-119.3293,-8.1098
1574147018932.0,0.1438,-0.0375,0.0551,30.6098,-152.6219,-7.1951
1574147018932.0,0.1671,-0.0347,0.0761,25.4878,-167.6219,-6.2805
1574147018933.0,0.168,-0.0309,0.0847,22.9878,-149.2073,-7.9268
1574147018934.0,0.1516,-0.031,0.0763,25.122,-102.7439,-9.8171
1574147018976.0,0.1276,-0.0345,0.0564,28.9634,-49.1463,-9.6951
1574147018977.0,0.1237,-0.0373,0.0413,32.8659,-10.3049,-8.0488
1574147018978.0,0.1297,-0.0365,0.0389,36.1585,7.1951,-4.5122
1574147018978.0,0.1301,-0.0347,0.0462,35.7927,8.4146,0.3659
1574147018979.0,0.1259,-0.0335,0.0566,35.122,7.7439,1.2805
1574147019021.0,0.1233,-0.0322,0.063,36.2195,10.5488,0.9146
1574147019022.0,0.1243,-0.0342,0.0647,37.0122,14.4512,2.0732
1574147019023.0,0.1198,-0.0353,0.0617,37.9878,19.2073,3.9634
1574147019024.0,0.1173,-0.0334,0.0679,41.5244,26.1585,5.5488
1574147019024.0,0.1218,-0.0339,0.0759,40.5488,36.7073,5.8537
1574147019066.0,0.1309,-0.0336,0.0746,37.1951,52.5,7.622
1574147019067.0,0.1359,-0.0281,0.0704,40.6707,78.8415,10.7927
1574147019068.0,0.1311,-0.0269,0.069,43.1098,113.7805,11.8293
1574147019069.0,0.1191,-0.0276,0.0644,40.8537,149.939,10.3049
1574147019111.0,0.1044,-0.0278,0.0633,40.6098,176.5854,11.2195
1574147019112.0,0.1005,-0.0267,0.0658,40.8537,185.1829,11.8293
1574147019113.0,0.1001,-0.024,0.0775,40.5488,181.6463,11.5244
1574147019113.0,0.1014,-0.0234,0.0835,37.9878,172.561,12.6829
1574147019114.0,0.095,-0.0178,0.0903,40.061,165.4268,12.7439
1574147019156.0,0.0894,-0.0194,0.0936,39.2683,158.5976,10.6098
1574147019156.0,0.0968,-0.0221,0.0901,32.378,152.6829,9.0244
1574147019157.0,0.1052,-0.0239,0.0862,26.8902,146.7073,12.7439
1574147019157.0,0.1071,-0.0269,0.0828,25.1829,142.6829,15.3049
1574147019201.0,0.1055,-0.0319,0.0771,24.6951,142.8659,15.3049
1574147019202.0,0.0977,-0.0345,0.0754,26.2195,148.4756,14.2073
1574147019203.0,0.083,-0.0314,0.0796,29.0244,154.8781,12.0122
1574147019203.0,0.0675,-0.0261,0.0847,31.9512,154.3293,11.5854
1574147019204.0,0.0606,-0.0228,0.0931,33.5976,142.6219,12.378
1574147019246.0,0.061,-0.0225,0.1007,32.378,121.3415,13.2317
1574147019247.0,0.066,-0.0246,0.1021,28.4146,98.0488,14.0244
1574147019248.0,0.0778,-0.0302,0.098,24.878,79.939,13.3537
1574147019249.0,0.0957,-0.0359,0.094,22.3171,68.2317,13.0488
1574147019291.0,0.1028,-0.0347,0.095,23.0488,67.6829,12.6829
1574147019291.0,0.0873,-0.0297,0.0986,26.4634,82.8049,11.8293
1574147019292.0,0.0576,-0.0238,0.0992,31.8902,98.6585,12.378
1574147019292.0,0.0395,-0.0217,0.1011,35.7927,94.8781,11.0366
1574147019293.0,0.0449,-0.0216,0.1052,32.378,68.1098,6.3415
1574147019336.0,0.0629,-0.0207,0.1141,23.5366,34.5732,3.5976
1574147019336.0,0.0771,-0.02,0.1232,14.5732,12.8049,4.878
1574147019337.0,0.082,-0.022,0.1255,8.3537,7.0732,6.1585
1574147019337.0,0.0798,-0.024,0.1234,6.0366,15.2439,4.878
1574147019381.0,0.0734,-0.027,0.1136,5.122,30.1829,4.5122
1574147019381.0,0.0697,-0.0308,0.098,6.2195,44.1463,5.7927
1574147019382.0,0.0673,-0.0305,0.0918,9.2073,48.1707,6.7683
1574147019382.0,0.0651,-0.0273,0.0979,9.878,45.061,6.1585
1574147019383.0,0.0627,-0.0222,0.1085,9.4512,42.622,5.8537
1574147019426.0,0.0613,-0.0193,0.1157,8.9024,35.061,7.5
1574147019427.0,0.0568,-0.0211,0.1163,6.5244,22.2561,7.5
1574147019428.0,0.0568,-0.0227,0.1139,4.5732,12.1341,4.4512
1574147019429.0,0.0627,-0.0223,0.1128,2.2561,6.2805,2.5
1574147019429.0,0.0665,-0.022,0.1121,0.061,6.1585,3.8415
1574147019471.0,0.0673,-0.0245,0.1058,0.061,12.1951,6.4634
1574147019472.0,0.0737,-0.0287,0.0978,1.8293,20.6098,7.5
1574147019473.0,0.0755,-0.0266,0.101,5.9146,26.4634,7.561
1574147019475.0,0.0587,-0.0243,0.104,8.4146,29.5122,9.1463
1574147019516.0,0.0402,-0.0229,0.1024,10.7927,32.439,8.7805
1574147019517.0,0.042,-0.0228,0.1072,11.6463,27.0122,6.7683
1574147019518.0,0.0579,-0.0225,0.1165,7.1341,12.8049,6.3415
1574147019519.0,0.0655,-0.022,0.1182,1.8902,4.2073,7.8659
1574147019520.0,0.061,-0.0224,0.1131,1.4024,8.4146,8.7805
1574147019561.0,0.0593,-0.0222,0.1081,4.2073,19.2683,7.9268
1574147019561.0,0.0587,-0.0211,0.1039,6.3415,28.9634,8.4756
1574147019562.0,0.0569,-0.0219,0.1014,8.5976,31.5244,10.4268
1574147019562.0,0.0515,-0.02,0.0991,11.2805,27.3171,10.3049
1574147019606.0,0.0424,-0.021,0.1029,11.4024,18.4146,9.6341
1574147019606.0,0.0387,-0.0198,0.1135,12.5,14.0244,6.8902
1574147019607.0,0.0491,-0.0197,0.1207,10.8537,8.5366,8.3537
1574147019607.0,0.0609,-0.0228,0.1217,4.6951,-4.939,8.2927
1574147019608.0,0.0577,-0.0247,0.1177,1.4634,-9.5122,6.4024
1574147019651.0,0.052,-0.0257,0.1129,2.5,-2.1341,5.061
1574147019651.0,0.0513,-0.0255,0.1127,3.1098,4.2683,3.1707
1574147019652.0,0.0588,-0.0257,0.1095,2.561,4.3902,1.8293
1574147019652.0,0.0697,-0.0273,0.1077,1.0976,1.2195,0.8537
1574147019696.0,0.0638,-0.0271,0.1111,1.2195,-0.3049,3.1098
1574147019697.0,0.0522,-0.0265,0.1106,2.622,-0.5488,2.8659
1574147019698.0,0.0473,-0.0247,0.1083,1.5854,-6.0976,-0.8537
1574147019699.0,0.0481,-0.0243,0.1078,-2.2561,-17.3171,-1.7683
1574147019700.0,0.0571,-0.0243,0.1125,-5.2439,-25.3659,-1.7683
1574147019786.0,0.0645,-0.0237,0.1124,-7.8049,-26.8902,-1.2805
1574147019786.0,0.0611,-0.0247,0.1082,-7.8659,-21.1585,-0.9756
1574147019787.0,0.056,-0.0254,0.1088,-4.7561,-10.5488,-1.7073
1574147019787.0,0.0562,-0.0265,0.1084,-3.5976,-4.939,-2.0732
1574147019788.0,0.0571,-0.0274,0.1067,-3.5976,-4.5732,-1.5244
1574147019789.0,0.0578,-0.0261,0.1056,-2.7439,-4.2683,-2.439
1574147019789.0,0.0597,-0.025,0.1046,-1.9512,-3.9024,-3.2927
1574147019790.0,0.0613,-0.0234,0.1056,-1.9512,-4.6341,-3.3537
1574147019791.0,0.0622,-0.0228,0.1086,-1.8902,-4.0854,-3.4146
1574147019831.0,0.0639,-0.0205,0.1103,-1.1585,-2.6829,-3.4756
1574147019832.0,0.0634,-0.0196,0.1136,-0.4878,-0.5488,-1.7073
1574147019833.0,0.0613,-0.02,0.1219,0.4268,1.5854,0.5488
1574147019833.0,0.061,-0.021,0.1237,-0.1829,2.5,1.6463
1574147019834.0,0.0602,-0.0214,0.1211,-1.7073,1.3415,2.0122
1574147019876.0,0.0583,-0.0237,0.1177,-2.378,-0.7927,1.8293
1574147019877.0,0.0568,-0.0239,0.1159,-2.378,-1.6463,2.0122
1574147019878.0,0.0558,-0.0241,0.116,-3.2927,-0.8537,3.5366
1574147019878.0,0.0558,-0.024,0.1151,-3.7195,1.6463,3.9024
1574147019921.0,0.0521,-0.0237,0.111,-3.4146,4.5122,4.1463
1574147019922.0,0.0505,-0.0247,0.108,-3.1098,7.1341,2.7439
1574147019923.0,0.0514,-0.0234,0.1106,-2.5,8.2927,1.7683
1574147019924.0,0.0513,-0.0231,0.1121,-2.1951,7.378,1.9512
1574147019924.0,0.0508,-0.0242,0.1129,-1.9512,5.9146,2.1951
1574147019966.0,0.0525,-0.0251,0.1121,-1.7683,5.0,2.0122
1574147019967.0,0.0551,-0.0264,0.1107,-2.378,4.3293,0.8537
1574147019968.0,0.0543,-0.0257,0.1085,-1.8293,6.4024,0.6098
1574147019968.0,0.0535,-0.0258,0.1064,-0.4268,8.7195,0.9756
1574147020011.0,0.0528,-0.0246,0.1074,0.7927,10.6098,0.061
1574147020012.0,0.0528,-0.0248,0.1079,1.1585,10.3049,-0.3049
1574147020013.0,0.0583,-0.0262,0.1081,1.4634,7.5,0.122
1574147020013.0,0.0615,-0.0251,0.111,1.8293,3.8415,0.6098
1574147020014.0,0.0576,-0.0234,0.1127,1.8293,3.5976,0.061
1574147020056.0,0.0534,-0.0228,0.1132,3.1098,4.939,-1.5244
1574147020057.0,0.0543,-0.0227,0.1142,2.6829,1.1585,-2.0122
1574147020058.0,0.0534,-0.0217,0.1146,0.3049,-5.4268,-1.0976
1574147020058.0,0.0538,-0.0232,0.1175,-1.4024,-8.5366,-1.1585
1574147020059.0,0.0581,-0.0232,0.1151,-3.1707,-7.0732,-2.2561
1574147020101.0,0.0593,-0.0215,0.1102,-4.3293,-3.5366,-2.8659
1574147020102.0,0.0598,-0.0247,0.1093,-4.0854,-2.8049,-3.1098
1574147020146.0,0.056,-0.0257,0.108,-2.9268,-6.8293,-4.1463
1574147020146.0,0.048,-0.0265,0.1039,-2.7439,-13.1707,-4.5732
1574147020147.0,0.0416,-0.0247,0.1027,-2.6829,-22.0732,-6.4024
1574147020148.0,0.0405,-0.0231,0.1045,-3.5366,-38.7195,-8.4146
1574147020148.0,0.0427,-0.0222,0.1063,-7.0732,-60.4878,-10.122
1574147020149.0,0.0456,-0.0214,0.1097,-10.061,-80.5488,-12.3171
1574147020149.0,0.0565,-0.0208,0.1129,-13.0488,-96.4024,-14.5732
1574147020191.0,0.0729,-0.0206,0.1136,-16.2805,-105.6707,-15.6098
1574147020192.0,0.0853,-0.0248,0.116,-17.439,-104.4512,-14.3293
1574147020193.0,0.0906,-0.0309,0.1158,-15.5488,-91.0976,-11.7073
1574147020193.0,0.0831,-0.0331,0.1153,-10.8537,-71.3415,-9.4512
1574147020236.0,0.0674,-0.0352,0.1107,-6.2195,-54.2683,-8.5366
1574147020237.0,0.0551,-0.0365,0.107,-4.2683,-55.2439,-9.0244
1574147020238.0,0.051,-0.0349,0.1065,-5.8537,-83.4756,-7.1951
1574147020238.0,0.0563,-0.037,0.1022,-12.2561,-129.0244,-7.439
1574147020239.0,0.0723,-0.0406,0.1007,-18.8415,-173.2317,-11.2195
1574147020281.0,0.1061,-0.0465,0.0986,-23.1098,-201.3415,-14.7561
1574147020282.0,0.1314,-0.0472,0.0941,-22.1341,-196.5244,-12.7439
1574147020283.0,0.1431,-0.0419,0.1119,-20.6707,-154.939,-6.2805
1574147020283.0,0.1406,-0.0427,0.1245,-22.7439,-89.939,-8.2317
1574147020326.0,0.1235,-0.0416,0.116,-21.3415,-19.6951,-13.7805
1574147020327.0,0.0948,-0.0302,0.1,-13.7195,46.7073,-7.622
1574147020328.0,0.0707,-0.0243,0.0899,-5.4878,92.0122,-5.1829
1574147020328.0,0.0637,-0.027,0.0814,-4.0854,110.5488,-9.878
1574147020329.0,0.0601,-0.0245,0.0772,-2.9268,110.7317,-9.0854
1574147020371.0,0.0544,-0.02,0.0772,0.8537,95.5488,-4.5732
1574147020372.0,0.0599,-0.0167,0.0743,3.3537,67.1341,-5.8537
1574147020372.0,0.0734,-0.0114,0.0707,4.2073,36.2195,-10.061
1574147020373.0,0.0804,-0.0106,0.0714,5.2439,13.5366,-12.7439
1574147020374.0,0.0844,-0.0144,0.0736,7.622,0.6707,-13.4756
1574147020416.0,0.0936,-0.0158,0.074,11.9512,-7.2561,-12.378
1574147020416.0,0.1053,-0.0132,0.088,17.622,-12.1341,-9.0854
1574147020417.0,0.0875,-0.0142,0.0984,19.878,-9.5732,-6.3415
1574147020417.0,0.0634,-0.0142,0.0928,18.0488,-12.7439,-8.1707
1574147020461.0,0.0594,-0.0136,0.0963,15.7317,-25.9146,-13.4756
1574147020461.0,0.0704,-0.019,0.0939,12.5,-49.1463,-15.0
1574147020462.0,0.0836,-0.0244,0.0878,5.7317,-83.1098,-8.7195
1574147020463.0,0.0994,-0.034,0.0919,-1.9512,-116.7073,-4.4512
1574147020463.0,0.1094,-0.0421,0.0959,-4.3293,-134.0244,-7.561
1574147020506.0,0.1116,-0.0474,0.0985,-4.6951,-135.5488,-9.1463
1574147020507.0,0.1031,-0.0442,0.0965,-3.9024,-121.5854,-7.8049
1574147020508.0,0.1071,-0.0441,0.0921,-1.2805,-97.1341,-6.7683
1574147020509.0,0.1249,-0.0485,0.0842,-0.6707,-67.1341,-4.7561
1574147020551.0,0.1203,-0.0515,0.0831,-3.0488,-38.7805,3.0488
1574147020552.0,0.092,-0.0551,0.0834,-1.2805,-15.061,7.6829
1574147020553.0,0.0646,-0.0532,0.0884,3.8415,-8.9024,2.5
1574147020553.0,0.0577,-0.0519,0.0957,4.0854,-40.0,-4.939
1574147020554.0,0.0736,-0.0554,0.0994,-4.2073,-93.3537,-9.0244
1574147020596.0,0.1022,-0.0596,0.0995,-15.5488,-136.0976,-10.122
1574147020597.0,0.1187,-0.0627,0.1007,-22.9268,-144.6951,-9.939
1574147020598.0,0.1345,-0.0609,0.0913,-23.7805,-119.3902,-8.6585
1574147020598.0,0.1348,-0.0573,0.0826,-20.8537,-73.5366,-5.7927
1574147020641.0,0.1056,-0.0513,0.076,-19.878,-22.9268,-6.8293
1574147020642.0,0.0776,-0.0438,0.0804,-18.7805,10.3659,-8.9634
1574147020643.0,0.0795,-0.0394,0.0892,-19.5732,14.4512,-17.1341
1574147020643.0,0.0786,-0.0289,0.0752,-21.6463,5.122,-26.2805
1574147020644.0,0.0496,-0.0035,0.012,-18.5366,-2.378,-33.1098
1574147020686.0,0.0784,-0.017,0.0609,-4.4512,-5.6707,-41.9512
1574147020687.0,0.0836,-0.0253,0.1033,-4.1463,-1.1585,-43.0488
1574147020689.0,0.0897,0.0073,0.0532,-12.2561,-20.5488,-50.0
1574147020690.0,0.1363,0.0078,0.0587,-1.0366,-56.1585,-47.5
1574147020731.0,0.1513,0.0003,0.0696,0.9756,-63.9634,-47.439
1574147020732.0,0.1443,-0.0008,0.0352,-6.4634,-46.0976,-41.2805
1574147020733.0,0.1358,-0.0042,0.0269,-4.6951,-19.3902,-30.9146
1574147020734.0,0.1064,-0.0098,0.0511,3.5976,13.7195,-22.0122
1574147020734.0,0.0811,0.0027,0.039,4.5122,35.9146,-18.8415
1574147020776.0,0.0786,0.0067,0.0396,11.3415,28.4146,-18.1707
1574147020777.0,0.0945,0.0013,0.0613,12.8659,10.6707,-17.5
1574147020778.0,0.1111,0.006,0.0831,7.3171,3.7805,-15.7317
1574147020779.0,0.1084,0.0035,0.0917,4.3902,9.1463,-17.9878
1574147020779.0,0.1017,0.0094,0.0788,-2.1341,12.8659,-24.3293
1574147020821.0,0.1089,0.0206,0.0562,-5.3049,0.122,-31.0976
1574147020822.0,0.1218,0.021,0.042,-6.5854,-19.2683,-33.2927
1574147020823.0,0.109,0.0139,0.031,-8.7195,-20.7317,-26.0366
1574147020824.0,0.1155,-0.0004,0.0341,-8.4756,-7.378,-16.5244
1574147020866.0,0.1154,-0.0187,0.0545,-7.1951,5.6707,-3.7195
1574147020867.0,0.0851,-0.0219,0.0753,-8.7805,27.0732,-1.2195
1574147020868.0,0.0872,-0.0077,0.0898,-10.122,35.122,-10.3049
1574147020869.0,0.1059,-0.0034,0.0963,-9.6341,19.1463,-16.4024
1574147020869.0,0.1143,-0.0038,0.0868,-14.5122,3.6585,-22.439
1574147020911.0,0.1333,0.0038,0.0656,-17.622,-3.5366,-28.6585
1574147020912.0,0.1479,0.0168,0.0492,-15.3659,-7.8659,-30.5488
1574147020913.0,0.1152,0.0167,0.0265,-11.2195,2.2561,-23.1707
1574147020914.0,0.0892,-0.0084,0.0459,-10.4268,20.0,-11.5854
1574147020956.0,0.0723,-0.0267,0.069,-12.2561,34.7561,-5.3049
1574147020957.0,0.0771,-0.0034,0.0667,-11.7073,29.8171,-6.3415
1574147020958.0,0.0768,0.0057,0.0542,-3.2317,4.7561,-11.3415
1574147020959.0,0.0863,0.003,0.0613,-3.8415,-16.6463,-19.6341
1574147020959.0,0.1063,0.001,0.0861,-5.8537,-24.4512,-19.5732
1574147021001.0,0.1351,0.0073,0.0844,-9.0244,-27.3171,-19.2683
1574147021002.0,0.1315,0.0062,0.0588,-10.4268,-29.3902,-16.7073
1574147021003.0,0.1074,-0.0067,0.0447,-12.7439,-19.0854,-15.4268
1574147021004.0,0.0913,-0.0113,0.0438,-15.122,-2.6829,-13.3537
1574147021046.0,0.0864,-0.0057,0.0386,-13.2317,2.378,-12.3171
1574147021047.0,0.0942,-0.0101,0.0422,-11.4024,-1.4634,-12.8659
1574147021048.0,0.0944,0.0178,0.0943,-11.7683,3.3537,-16.6463
1574147021049.0,0.1013,0.0319,0.0732,-2.7439,17.7439,-22.2561
1574147021050.0,0.1829,0.0089,0.0795,-3.0488,-13.9024,-15.061
1574147021091.0,0.1925,0.0132,0.0535,-8.2317,-44.3902,-8.0488
1574147021092.0,0.1696,0.0031,0.0388,-6.0976,-28.5976,3.7805
1574147021093.0,0.1365,-0.0046,0.0278,-0.4878,9.8171,11.0366
1574147021094.0,0.1169,-0.0009,0.0236,7.9268,35.9146,20.4268
1574147021136.0,0.1046,0.003,0.0323,16.4634,40.3049,24.3902
1574147021137.0,0.088,0.0086,0.0485,22.9878,49.4512,27.378
1574147021138.0,0.0925,0.0071,0.0765,28.4756,60.0,28.8415
1574147021139.0,0.0953,0.0027,0.086,29.1463,60.7317,25.3659
1574147021139.0,0.0969,-0.0037,0.0881,28.5976,60.3049,22.9878
1574147021181.0,0.0983,-0.0089,0.0977,28.8415,61.8902,16.7683
1574147021182.0,0.0942,-0.0122,0.1005,26.0366,65.7927,11.4024
1574147021182.0,0.0893,-0.0185,0.088,20.7927,71.5244,13.1707
1574147021183.0,0.0826,-0.0247,0.074,17.1341,72.3171,14.0854
1574147021184.0,0.0782,-0.0269,0.0688,17.1951,71.8902,11.9512
1574147021226.0,0.0814,-0.0283,0.0872,21.2805,72.9268,12.622
1574147021227.0,0.0833,-0.0208,0.1165,25.8537,72.9268,14.878
1574147021228.0,0.0801,-0.0101,0.1254,26.0976,63.2927,17.2561
1574147021228.0,0.0751,-0.0077,0.1125,21.6463,50.4268,19.6951
1574147021271.0,0.0833,-0.0172,0.1021,19.3293,45.3659,23.1707
1574147021272.0,0.108,-0.0237,0.1003,16.6463,36.6463,22.7439
1574147021273.0,0.1324,-0.0175,0.102,12.7439,17.8659,18.6585
1574147021274.0,0.1318,-0.0081,0.107,10.061,1.5244,19.4512
1574147021274.0,0.108,-0.0095,0.1082,8.3537,-7.561,23.6585
1574147021316.0,0.0953,-0.0253,0.1042,5.3049,-23.1098,22.1341
1574147021317.0,0.1074,-0.0374,0.1069,-0.8537,-39.2683,21.0366
1574147021318.0,0.1016,-0.03,0.1123,-7.9268,-43.1707,26.5244
1574147021318.0,0.0831,-0.024,0.108,-7.9878,-39.5122,28.4146
1574147021361.0,0.0739,-0.0291,0.0947,-12.1341,-45.6098,24.6951
1574147021362.0,0.0817,-0.0364,0.0808,-21.2195,-68.9024,25.7927
1574147021363.0,0.0995,-0.0447,0.0732,-25.122,-92.3171,30.9756
1574147021364.0,0.1246,-0.0544,0.069,-23.4756,-99.6341,31.8293
1574147021364.0,0.1413,-0.0602,0.0675,-19.3902,-81.7073,31.6463
1574147021406.0,0.1354,-0.0547,0.0672,-12.8659,-46.7683,36.0976
1574147021407.0,0.12,-0.0476,0.0665,-2.5,-7.0122,35.4268
1574147021408.0,0.1043,-0.046,0.0691,5.9756,27.8659,27.3171
1574147021409.0,0.0827,-0.0436,0.0679,10.4268,54.1463,22.3171
1574147021451.0,0.0601,-0.0411,0.0545,17.8659,70.8537,21.0366
1574147021451.0,0.0484,-0.0364,0.048,27.5,70.0,17.6829
1574147021452.0,0.0577,-0.0275,0.0586,34.0244,44.878,12.5
1574147021452.0,0.0765,-0.0211,0.0705,34.0244,4.878,7.0732
1574147021453.0,0.0858,-0.0195,0.0723,31.5854,-27.8049,3.0488
1574147021496.0,0.0869,-0.0156,0.0717,32.0732,-43.6585,-0.2439
1574147021496.0,0.0921,-0.011,0.0689,33.3537,-52.8659,-3.0488
1574147021497.0,0.1009,-0.0081,0.0635,33.6585,-61.6463,-3.9634
1574147021498.0,0.1088,-0.0084,0.0577,34.2683,-67.6829,-4.0854
1574147021498.0,0.1174,-0.0103,0.053,35.7927,-69.2683,-5.2439
1574147021541.0,0.1301,-0.0112,0.062,38.2317,-65.7927,-6.2805
1574147021542.0,0.1428,-0.0118,0.077,40.4878,-54.6951,-7.6829
1574147021543.0,0.142,-0.0113,0.0854,38.6585,-30.7927,-9.1463
1574147021543.0,0.1251,-0.0082,0.0899,37.1341,3.1098,-7.439
1574147021586.0,0.1055,-0.0024,0.0982,37.0122,38.6585,-4.3902
1574147021587.0,0.095,0.0038,0.0997,37.1341,68.0488,-2.2561
1574147021588.0,0.0971,0.0068,0.0979,33.4756,83.7805,1.8902
1574147021589.0,0.0971,0.0089,0.0928,27.9878,87.622,8.9634
1574147021589.0,0.0923,0.0118,0.0824,24.2073,78.2927,16.4634
1574147021631.0,0.09,0.0154,0.0729,21.0366,52.8049,20.3049
1574147021632.0,0.0919,0.016,0.0674,16.0976,21.4024,18.5976
1574147021633.0,0.0958,0.0121,0.0675,10.122,-4.3293,16.2195
1574147021634.0,0.1025,0.0078,0.0703,4.4512,-19.6341,14.6951
1574147021676.0,0.1097,0.0059,0.0713,2.1341,-23.5366,13.3537
1574147021677.0,0.1176,0.0071,0.0789,4.0244,-15.7927,13.2317
1574147021678.0,0.1205,0.0084,0.0875,5.5488,0.4268,14.4512
1574147021679.0,0.1207,0.0038,0.0865,2.3171,18.7805,16.0976
1574147021679.0,0.1212,-0.0029,0.0838,-1.4024,33.9024,17.5
1574147021721.0,0.1174,-0.0082,0.08,-3.4146,47.439,19.6341
1574147021722.0,0.1115,-0.0115,0.0753,-5.061,61.0366,20.5488
1574147021723.0,0.1049,-0.0123,0.0719,-5.9146,76.1585,19.4512
1574147021724.0,0.0992,-0.0124,0.072,-4.3902,89.1463,16.2195
1574147021766.0,0.0944,-0.0082,0.0769,-2.2561,96.5244,12.378
1574147021767.0,0.0946,-0.0039,0.0833,-0.1829,100.3049,9.2073
1574147021768.0,0.095,-0.0048,0.0844,-1.8902,104.1463,8.7195
1574147021769.0,0.0935,-0.0051,0.0861,-3.6585,104.6341,13.4756
1574147021769.0,0.0939,-0.0044,0.0896,-3.2317,104.3293,18.2317
1574147021811.0,0.0916,-0.0095,0.091,-6.2195,109.4512,20.9146
1574147021812.0,0.0854,-0.0139,0.0903,-8.2317,117.3171,25.3659
1574147021813.0,0.0816,-0.0125,0.0911,-4.2073,120.0,29.2073
1574147021814.0,0.0832,-0.0108,0.0942,0.9146,118.2927,29.0854
1574147021814.0,0.0832,-0.0114,0.1002,1.3415,119.1463,25.9146
1574147021856.0,0.0771,-0.015,0.1065,-0.1829,124.8781,22.0122
1574147021857.0,0.0641,-0.0134,0.1118,1.4024,130.6707,18.9634
1574147021858.0,0.0518,-0.0151,0.1139,3.1707,132.3781,18.1098
1574147021859.0,0.0459,-0.0173,0.1074,2.5,133.7805,16.9512
1574147021901.0,0.0427,-0.0165,0.1016,5.061,130.2439,15.6098
1574147021903.0,0.0428,-0.014,0.099,5.2439,115.6707,16.0976
1574147021904.0,0.0543,-0.0142,0.1043,2.439,94.8781,16.2805
1574147021905.0,0.0663,-0.018,0.1121,-3.1098,75.4878,14.5122
1574147021906.0,0.0677,-0.0207,0.119,-4.878,59.0244,13.0488
1574147021946.0,0.0637,-0.0202,0.1208,-0.3659,47.3781,11.9512
1574147021947.0,0.0555,-0.0215,0.1183,2.0122,44.2073,10.6098
1574147021947.0,0.0457,-0.0249,0.1147,2.0122,47.3171,9.7561
1574147021948.0,0.0435,-0.0247,0.1113,2.9878,50.061,8.1707
1574147021991.0,0.0501,-0.023,0.1113,4.5732,48.2927,5.9146
1574147021991.0,0.0565,-0.0237,0.1137,2.378,45.6707,5.3659
1574147021992.0,0.0516,-0.0246,0.1125,0.061,45.061,6.0366
1574147021992.0,0.0392,-0.0257,0.1083,2.0122,44.3293,7.0732
1574147021993.0,0.0323,-0.0277,0.1085,4.878,39.1463,6.7073
1574147022036.0,0.0345,-0.0251,0.113,4.8171,28.4756,6.2805
1574147022036.0,0.0473,-0.0256,0.1186,1.8902,13.9634,5.4268
1574147022037.0,0.0599,-0.0245,0.1208,-1.4024,-0.8537,2.1951
1574147022038.0,0.0604,-0.0243,0.1171,-0.7317,-5.6098,0.6707
1574147022081.0,0.0507,-0.024,0.114,2.0732,4.1463,-2.2561
1574147022083.0,0.0444,-0.0228,0.1127,5.7317,18.1707,-4.6951
1574147022084.0,0.045,-0.0211,0.1132,7.1341,22.8659,-3.5976
1574147022085.0,0.0454,-0.02,0.1169,6.2195,15.6707,-0.6098
1574147022085.0,0.0523,-0.0209,0.1219,4.4512,4.939,0.061
1574147022126.0,0.0565,-0.0222,0.1233,1.7073,-3.0488,-0.122
1574147022127.0,0.0415,-0.0233,0.1248,2.5,-4.5122,0.7927
1574147022128.0,0.0365,-0.0217,0.1167,5.7317,-6.7073,-2.9268
1574147022129.0,0.0511,-0.0187,0.1047,5.0,-14.1463,-6.1585
1574147022171.0,0.0617,-0.0213,0.0994,1.5854,-14.3293,-4.2073
1574147022172.0,0.0601,-0.0215,0.106,4.2683,-2.5,3.6585
1574147022173.0,0.0578,-0.0181,0.1133,5.7317,12.9878,8.2927
1574147022173.0,0.0406,-0.015,0.1185,6.5854,25.9756,7.3171
1574147022174.0,0.0277,-0.0184,0.1164,9.8171,27.7439,3.2927
1574147022217.0,0.0235,-0.0187,0.1099,5.0,14.3902,1.0976
1574147022218.0,0.019,-0.0113,0.1116,-0.3049,-6.8293,1.9512
1574147022219.0,0.0288,-0.012,0.1161,-3.4756,-38.3537,-3.7805
1574147022220.0,0.0425,-0.0131,0.1145,-8.6585,-73.2317,-15.122
1574147022220.0,0.0508,-0.0115,0.1115,-7.1341,-90.4268,-18.9634
1574147022261.0,0.0599,-0.0137,0.1104,-5.122,-88.7805,-20.4878
1574147022262.0,0.0731,-0.0121,0.114,-6.7073,-76.0976,-18.0488
1574147022263.0,0.0796,-0.012,0.1173,-7.378,-58.1707,-12.5
1574147022263.0,0.0728,-0.016,0.1177,-7.378,-39.1463,-10.2439
1574147022306.0,0.0619,-0.02,0.1134,-6.1585,-20.2439,-9.6951
1574147022307.0,0.0545,-0.0181,0.1119,-4.878,-8.8415,-7.6829
1574147022308.0,0.0596,-0.0159,0.1163,-5.3659,-12.6829,-7.6829
1574147022309.0,0.067,-0.0168,0.122,-10.061,-25.5488,-9.939
1574147022310.0,0.0701,-0.0156,0.1265,-13.7195,-38.6585,-9.7561
1574147022351.0,0.068,-0.0165,0.1223,-15.4268,-45.9756,-10.7317
1574147022352.0,0.0624,-0.0154,0.121,-15.2439,-49.8781,-11.8902
1574147022353.0,0.0656,-0.016,0.118,-15.3049,-53.1707,-10.061
1574147022354.0,0.0714,-0.0155,0.1174,-18.3537,-57.3171,-6.5244
1574147022396.0,0.0732,-0.0146,0.1174,-20.6707,-63.5366,-5.1829
1574147022397.0,0.0687,-0.0192,0.1109,-21.8902,-79.2073,-9.5732
1574147022398.0,0.0554,-0.0227,0.1072,-21.7073,-96.9512,-14.3902
1574147022399.0,0.0382,-0.0269,0.1017,-18.5366,-114.7561,-16.2805
1574147022400.0,0.0449,-0.0301,0.1007,-19.878,-147.8049,-17.439
1574147022441.0,0.0758,-0.0343,0.0973,-30.6707,-190.061,-12.9268
1574147022442.0,0.0967,-0.0433,0.0837,-42.7439,-216.7683,-5.2439
1574147022443.0,0.106,-0.0508,0.0624,-46.6463,-216.2195,-4.6341
1574147022443.0,0.1139,-0.0501,0.0462,-39.2073,-199.1463,-9.5122
1574147022486.0,0.1268,-0.0468,0.0503,-28.2317,-176.7073,-13.3537
1574147022486.0,0.1335,-0.049,0.0521,-21.1585,-147.9878,-16.3415
1574147022487.0,0.127,-0.0509,0.0555,-14.8171,-111.7073,-18.4756
1574147022488.0,0.1172,-0.0506,0.0662,-4.2073,-76.5244,-17.622
1574147022488.0,0.1069,-0.0446,0.0742,7.439,-43.7195,-14.878
1574147022531.0,0.1036,-0.0379,0.0746,18.6585,-16.5854,-13.9634
1574147022531.0,0.1138,-0.0353,0.0764,23.7195,-3.5366,-18.1707
1574147022532.0,0.1193,-0.0366,0.0863,21.0366,-1.7683,-18.2317
1574147022533.0,0.1062,-0.0338,0.0894,19.7561,2.9268,-13.7195
1574147022533.0,0.0854,-0.0269,0.0887,22.378,14.2683,-10.3659
1574147022576.0,0.0697,-0.0234,0.0899,22.8049,23.9634,-14.2073
1574147022577.0,0.0496,-0.0202,0.0853,21.1585,26.5244,-21.2805
1574147022578.0,0.0412,-0.0167,0.0787,19.8171,19.5732,-23.9634
1574147022579.0,0.0677,-0.0139,0.0723,18.1707,8.2927,-24.6951
1574147022621.0,0.1003,-0.0076,0.0723,17.3171,0.3659,-18.7195
1574147022622.0,0.1187,-0.001,0.0803,16.5244,-5.4268,-6.9512
1574147022623.0,0.1217,-0.0031,0.0898,13.8415,-5.4268,1.4024
1574147022624.0,0.1141,-0.0095,0.0994,10.7317,-1.1585,3.7805
1574147022666.0,0.1066,-0.0117,0.1008,9.5122,1.2805,4.6951
1574147022667.0,0.1057,-0.0099,0.0932,10.1829,1.4634,3.5976
1574147022668.0,0.1056,-0.0041,0.092,12.8659,5.6098,5.0
1574147022669.0,0.1052,-0.0045,0.0885,13.7805,14.3902,8.6585
1574147022670.0,0.098,-0.0098,0.0806,14.5732,31.5244,11.0976
1574147022711.0,0.0884,-0.0091,0.0798,19.878,47.3171,11.4024
1574147022712.0,0.0816,-0.0023,0.0889,22.8659,52.9268,7.0122
1574147022713.0,0.0656,0.0008,0.0962,21.7073,54.2073,2.2561
1574147022714.0,0.0562,0.0033,0.1002,17.622,38.9024,-1.0366
1574147022714.0,0.0583,0.0103,0.108,12.0122,5.9146,-4.939
1574147022756.0,0.0747,0.0186,0.1172,7.378,-22.1951,-9.5732
1574147022757.0,0.1017,0.0227,0.1213,1.4024,-31.3415,-4.5122
1574147022758.0,0.1145,0.0178,0.1084,-4.939,-16.2805,2.1951
1574147022759.0,0.105,0.0074,0.0909,-9.4512,18.5976,7.1341
1574147022801.0,0.0869,0.002,0.0836,-6.9512,55.4268,7.8659
1574147022802.0,0.0692,-0.0078,0.0721,-1.2195,72.7439,9.6951
1574147022803.0,0.0748,-0.0195,0.0599,4.3293,72.3781,9.8171
1574147022804.0,0.1076,-0.0147,0.072,17.7439,61.2195,9.1463
1574147022804.0,0.1155,-0.0059,0.0987,27.0732,44.2683,10.8537
1574147022846.0,0.1,-0.0035,0.1159,27.561,51.5854,4.878
1574147022847.0,0.0941,0.0002,0.1111,29.6951,88.8415,-0.6707
1574147022848.0,0.0903,0.0032,0.1027,32.5,116.5854,0.5488
1574147022849.0,0.0859,-0.003,0.098,31.2195,117.3781,2.439
1574147022850.0,0.0845,-0.0132,0.1028,27.378,105.7927,1.8293
1574147022891.0,0.0882,-0.0144,0.1099,26.3415,98.7805,6.6463
1574147022892.0,0.0817,-0.0095,0.1183,28.9024,97.439,10.9146
1574147022893.0,0.0604,-0.0078,0.1207,29.5732,98.2927,7.8049
1574147022894.0,0.0453,-0.0086,0.1169,25.6098,97.9878,2.7439
1574147022936.0,0.0463,-0.0093,0.1116,21.0976,87.9268,-0.9756
1574147022937.0,0.0546,-0.0098,0.1086,16.3415,63.9634,-3.5366
1574147022938.0,0.0572,-0.0089,0.1084,11.5854,40.061,-7.1951
1574147022939.0,0.0528,-0.0051,0.1052,9.0854,30.0,-12.0732
1574147022940.0,0.0649,-0.0048,0.1025,7.6829,25.061,-16.3415
1574147022981.0,0.0916,-0.0069,0.0998,3.4146,14.8171,-19.0854
1574147022982.0,0.1005,-0.006,0.0962,0.7927,14.6341,-16.6463
1574147022983.0,0.0923,-0.006,0.0912,2.5,30.122,-12.0122
1574147022984.0,0.0872,-0.0103,0.0916,6.3415,45.6707,-8.9024
1574147023026.0,0.0864,-0.0121,0.093,9.3902,50.9756,-4.2683
1574147023027.0,0.0823,-0.0133,0.0981,12.2561,48.5976,1.5854
1574147023028.0,0.073,-0.0115,0.1028,15.4878,45.7927,4.5122
1574147023029.0,0.0608,-0.0083,0.1064,17.0122,43.9634,5.6098
1574147023029.0,0.0506,-0.0052,0.1089,16.4634,37.8659,4.939
1574147023071.0,0.0383,-0.0032,0.1117,14.0244,27.1341,3.2317
1574147023072.0,0.035,-0.0033,0.11,10.4878,14.7561,-0.7317
1574147023073.0,0.0486,-0.0043,0.1058,6.0366,0.0,-6.3415
1574147023074.0,0.0552,-0.0034,0.1071,1.4634,-7.2561,-9.939
1574147023116.0,0.059,-0.0023,0.1154,-0.3049,-0.4268,-11.6463
1574147023118.0,0.0768,-0.0042,0.1188,-0.9146,5.5488,-12.2561
1574147023119.0,0.0819,-0.0052,0.1172,-3.7195,5.061,-7.7439
1574147023120.0,0.0691,-0.0092,0.1143,-4.0854,7.2561,-4.1463
1574147023121.0,0.0552,-0.0123,0.1098,-3.3537,8.6585,-5.3659
1574147023161.0,0.0562,-0.013,0.1052,-2.378,5.4878,-6.6463
1574147023161.0,0.0594,-0.0104,0.1053,-1.8902,-0.6098,-5.122
1574147023162.0,0.0615,-0.0067,0.1091,-0.9146,-3.1098,-3.5976
1574147023163.0,0.0618,-0.0027,0.1145,0.061,-2.5,-4.8171
1574147023206.0,0.0688,-0.0006,0.1177,0.8537,-2.8049,-6.0366
1574147023207.0,0.076,-0.002,0.1183,0.5488,-3.3537,-5.6707
1574147023207.0,0.0688,-0.0035,0.1188,0.3659,0.122,-3.7805
1574147023208.0,0.0688,-0.0052,0.1174,0.7927,3.4756,-2.5
1574147023209.0,0.0723,-0.0052,0.1192,0.2439,-2.1951,-1.0366
1574147023251.0,0.0734,-0.0033,0.1169,-1.0976,-6.7073,1.0366
1574147023252.0,0.0732,-0.0026,0.112,-2.9878,-2.378,2.2561
1574147023253.0,0.064,-0.0031,0.1067,-3.8415,5.0,3.7195
1574147023254.0,0.0534,-0.0031,0.1019,-2.3171,14.5732,4.878
1574147023254.0,0.0468,-0.0042,0.101,-0.3049,19.1463,3.3537
1574147023296.0,0.0352,-0.003,0.1008,2.622,19.7561,2.0732
1574147023297.0,0.0361,-0.0031,0.1006,5.4878,16.2195,0.9146
1574147023298.0,0.051,-0.0034,0.1033,6.8293,2.1951,-2.9268
1574147023299.0,0.0616,-0.0021,0.1064,7.5,-10.9146,-6.2805
1574147023341.0,0.0671,-0.0015,0.105,7.9268,-12.7439,-8.6585
1574147023342.0,0.0752,-0.004,0.1021,7.5,-11.7683,-11.5244
1574147023343.0,0.0765,-0.0079,0.0927,5.9146,-11.4634,-11.7073
1574147023344.0,0.0766,-0.0126,0.0814,5.2439,-10.4268,-9.2683
1574147023345.0,0.0895,-0.0177,0.0849,5.2439,-14.5732,-6.1585
1574147023386.0,0.0917,-0.0153,0.0963,5.3049,-15.9756,-2.1341
1574147023387.0,0.0677,-0.0065,0.1061,8.0488,0.2439,-0.4268
1574147023388.0,0.0615,-0.0035,0.1095,7.8659,12.9268,-2.9878
1574147023389.0,0.0626,-0.0025,0.1127,4.5122,10.4878,-5.1829
1574147023431.0,0.054,-0.0014,0.1147,1.8293,7.439,-3.7195
1574147023432.0,0.05,-0.0022,0.1144,-1.2195,5.7927,-5.3049
1574147023433.0,0.0541,-0.0034,0.1154,-5.0,-1.2805,-7.6829
1574147023434.0,0.0592,-0.0046,0.1137,-9.0244,-10.0,-8.2317
1574147023435.0,0.0632,-0.006,0.1133,-12.561,-14.5732,-9.0854
1574147023476.0,0.066,-0.0053,0.1118,-14.5122,-15.061,-10.3659
1574147023477.0,0.0678,-0.0002,0.105,-15.8537,-13.2927,-11.8902
1574147023478.0,0.0652,0.0038,0.1017,-14.6951,-8.8415,-11.8293
1574147023479.0,0.067,0.0007,0.1006,-11.6463,-7.0732,-11.0366
1574147023521.0,0.07,-0.001,0.0989,-9.4512,-9.5732,-8.8415
1574147023521.0,0.0663,0.0004,0.0952,-6.3415,-9.878,-6.4634
1574147023522.0,0.0593,0.0016,0.0886,-2.561,-9.0244,-5.2439
1574147023523.0,0.0591,0.0031,0.0892,0.4268,-12.5,-5.061
1574147023523.0,0.0649,0.0095,0.1111,2.8049,-18.6585,-4.6341
1574147023566.0,0.0617,0.0173,0.1257,5.0,-18.5976,-4.6341
1574147023567.0,0.0474,0.0187,0.1263,5.8537,-16.2195,-5.2439
1574147023567.0,0.0468,0.0107,0.1276,2.3171,-19.7561,-7.0732
1574147023568.0,0.0544,0.0068,0.123,-5.5488,-31.1585,-10.122
1574147023568.0,0.0604,0.0049,0.1134,-13.9024,-49.0854,-12.0732
1574147023611.0,0.0623,0.0028,0.098,-20.6707,-66.2195,-14.8171
1574147023612.0,0.0578,0.0053,0.0835,-26.4634,-82.1951,-15.6707
1574147023613.0,0.0587,0.017,0.0726,-31.7073,-101.1585,-13.9024
1574147023614.0,0.0687,0.0258,0.079,-35.9756,-122.1341,-11.2805
1574147023656.0,0.0814,0.0334,0.0955,-42.1341,-121.5244,-13.4756
1574147023657.0,0.0649,0.0449,0.1033,-40.6098,-94.0854,-15.7927
1574147023658.0,0.0583,0.0421,0.1005,-48.7805,-93.5976,-8.5976
1574147023658.0,0.0732,0.0338,0.0937,-63.9024,-129.1463,-11.7073
1574147023659.0,0.0932,0.0267,0.0825,-77.2561,-174.6342,-10.8537
1574147023701.0,0.1046,0.0195,0.0782,-85.8537,-202.8049,-3.7195
1574147023702.0,0.1147,0.0115,0.0721,-91.8902,-210.9146,3.0488
1574147023703.0,0.1242,0.0026,0.0654,-95.7317,-199.8781,7.5
1574147023704.0,0.1299,-0.0032,0.0646,-93.4756,-173.2317,9.0244
1574147023746.0,0.1285,-0.0095,0.066,-85.9146,-135.9756,11.7683
1574147023747.0,0.1227,-0.0166,0.0626,-78.4146,-95.0,15.0
1574147023748.0,0.1126,-0.0187,0.0587,-68.4146,-56.8902,16.1585
1574147023749.0,0.1044,-0.0205,0.0567,-56.8293,-30.9146,15.122
1574147023749.0,0.1027,-0.0237,0.0543,-48.9634,-18.9634,13.2927
1574147023791.0,0.1011,-0.0232,0.0557,-43.5976,-18.0488,11.0366
1574147023792.0,0.1018,-0.022,0.0583,-38.1707,-23.4756,10.3659
1574147023793.0,0.1057,-0.024,0.063,-34.1463,-29.1463,10.0
1574147023794.0,0.1093,-0.0277,0.0665,-33.7195,-32.0732,9.2683
1574147023836.0,0.1099,-0.0313,0.0695,-33.2317,-30.5488,8.1098
1574147023837.0,0.1084,-0.0353,0.0694,-31.1585,-25.6098,5.2439
1574147023838.0,0.1028,-0.0402,0.0676,-29.939,-17.6829,1.8902
1574147023839.0,0.097,-0.045,0.0656,-28.9634,-9.4512,-0.9146
1574147023840.0,0.094,-0.0457,0.0661,-27.8049,-2.561,-4.2073
1574147023881.0,0.0946,-0.0452,0.0709,-26.4634,0.061,-8.2927
1574147023882.0,0.1004,-0.0428,0.075,-25.122,0.7927,-11.5244
1574147023883.0,0.1082,-0.0432,0.0797,-25.6098,1.6463,-12.3171
1574147023884.0,0.1105,-0.0434,0.0823,-27.7439,4.939,-12.6829
1574147023885.0,0.1028,-0.0409,0.0819,-27.561,12.0122,-12.622
1574147023926.0,0.0944,-0.0402,0.0799,-26.1585,19.0854,-13.5366
1574147023927.0,0.0884,-0.0408,0.0782,-26.3415,23.0488,-15.1829
1574147023928.0,0.0846,-0.0416,0.0756,-26.5244,22.561,-15.4878
1574147023929.0,0.0814,-0.044,0.0744,-26.2195,17.9268,-16.2805
1574147023971.0,0.0772,-0.0535,0.0777,-25.0,10.061,-18.6585
1574147023972.0,0.0848,-0.0605,0.1,-26.0366,-3.5366,-16.9512
1574147023973.0,0.1219,-0.0707,0.1316,-32.5,-23.2317,-6.9512
1574147023974.0,0.1613,-0.0897,0.1251,-43.1707,-37.6829,2.378
1574147023975.0,0.1623,-0.0867,0.0848,-53.3537,-32.7439,17.0732
1574147024016.0,0.135,-0.0666,0.0641,-50.122,-9.3902,26.2805
1574147024017.0,0.1001,-0.0526,0.0635,-37.9268,11.5244,13.0488
1574147024018.0,0.0746,-0.0484,0.0652,-30.061,11.0976,0.0
1574147024019.0,0.0698,-0.0457,0.0685,-31.8902,-12.8659,-0.6098
1574147024061.0,0.0845,-0.0425,0.0703,-33.5366,-45.061,-1.6463
1574147024062.0,0.0992,-0.0408,0.0684,-31.6463,-65.2439,-6.5854
1574147024063.0,0.1061,-0.0422,0.064,-30.0,-69.6341,-8.5976
1574147024064.0,0.1084,-0.0426,0.0614,-27.0732,-61.2805,-8.4146
1574147024065.0,0.1113,-0.0417,0.06,-22.3171,-46.8902,-7.5
1574147024106.0,0.1155,-0.0397,0.059,-17.8659,-30.7927,-5.122
1574147024107.0,0.1182,-0.0359,0.0585,-12.5,-15.4878,-1.5854
1574147024108.0,0.1185,-0.0327,0.0577,-7.3171,-5.1829,3.0488
1574147024109.0,0.1156,-0.0314,0.0569,-4.5122,-1.7073,6.4024
1574147024151.0,0.1119,-0.0291,0.0587,-1.8902,-3.1098,7.1951
1574147024152.0,0.1116,-0.0261,0.0612,1.2195,-8.4146,5.9146
1574147024153.0,0.1144,-0.0242,0.063,2.5,-15.5488,5.122
1574147024154.0,0.1167,-0.0248,0.0631,2.622,-20.1829,5.3049
1574147024155.0,0.1166,-0.0266,0.063,3.6585,-19.7561,5.122
1574147024196.0,0.1152,-0.0269,0.0618,6.4024,-13.2317,5.4878
1574147024197.0,0.1138,-0.0263,0.0604,8.7195,-5.3049,6.2195
1574147024241.0,0.1101,-0.0256,0.059,10.9146,-0.1829,6.5244
1574147024242.0,0.1055,-0.0247,0.0596,12.9268,-0.9146,7.0732
1574147024243.0,0.1056,-0.0238,0.0623,14.2683,-7.7439,7.378
1574147024244.0,0.1108,-0.0236,0.0648,13.2317,-16.8902,7.8049
1574147024245.0,0.1152,-0.0244,0.0645,10.4878,-22.9268,8.3537
1574147024246.0,0.1164,-0.0255,0.0631,8.6585,-21.1585,8.9024
1574147024246.0,0.1138,-0.0255,0.061,8.7195,-12.8659,9.2683
1574147024286.0,0.111,-0.0247,0.0597,9.0244,-3.9024,9.8171
1574147024287.0,0.1081,-0.0243,0.0583,8.4146,1.6463,10.5488
1574147024288.0,0.1064,-0.0259,0.0582,7.1341,2.1951,11.0366
1574147024289.0,0.1074,-0.0281,0.0587,5.4268,-0.4268,11.0366
1574147024290.0,0.1104,-0.0297,0.0591,3.2317,-3.9024,11.2195
1574147024331.0,0.1115,-0.0327,0.0589,0.9146,-6.2805,11.0976
1574147024332.0,0.1107,-0.0358,0.0582,-0.1829,-7.9878,10.5488
1574147024333.0,0.1096,-0.0372,0.0567,-0.7927,-7.1341,10.7317
1574147024334.0,0.1086,-0.0377,0.0549,-1.7073,-6.5244,10.3659
1574147024376.0,0.1082,-0.0378,0.0541,-2.9268,-6.9512,9.2683
1574147024378.0,0.1089,-0.0386,0.0553,-3.8415,-8.0488,8.2927
1574147024379.0,0.1105,-0.0392,0.0558,-5.0,-10.122,8.0488
1574147024380.0,0.1123,-0.0401,0.056,-6.2805,-10.7927,8.2927
1574147024381.0,0.1122,-0.0403,0.0567,-7.0732,-8.0488,8.0488
1574147024421.0,0.1118,-0.0405,0.0568,-7.0122,-3.2317,7.378
1574147024422.0,0.1111,-0.0402,0.0572,-6.7073,1.7073,6.7683
1574147024423.0,0.1112,-0.04,0.0577,-6.5244,5.2439,6.0976
