0,1,2,3,4,5,6
1574147025638.0,0.1342,0.0234,0.0706,2.8049,1.8293,-34.6341
1574147025639.0,0.124,0.0204,0.0685,2.8049,30.7927,-29.6951
1574147025640.0,0.1136,0.0164,0.0642,4.2073,52.9878,-23.2317
1574147025681.0,0.1109,0.0121,0.0609,7.7439,61.9512,-17.1341
1574147025681.0,0.1199,0.0097,0.0569,11.3415,55.4878,-11.8293
1574147025682.0,0.1296,0.0121,0.0606,12.9878,35.2439,-6.7073
1574147025683.0,0.1276,0.0147,0.0662,10.122,9.7561,-3.2927
1574147025726.0,0.115,0.0142,0.0679,7.8659,-4.2073,-3.7805
1574147025727.0,0.1041,0.0121,0.0698,7.1341,-10.6098,-4.0244
1574147025727.0,0.1007,0.0093,0.0712,5.9756,-19.4512,-3.6585
1574147025728.0,0.1046,0.0059,0.0789,4.0854,-29.4512,-4.6341
1574147025729.0,0.1074,0.0035,0.0831,1.5854,-35.0,-4.7561
1574147025771.0,0.1148,0.0021,0.0874,-0.4878,-33.1707,-4.2073
1574147025772.0,0.1177,0.004,0.0857,-2.1341,-23.2317,-4.878
1574147025772.0,0.1216,0.0035,0.0712,-2.7439,-10.061,-3.1098
1574147025773.0,0.1307,-0.0043,0.0518,-4.3293,5.7927,-3.9634
1574147025816.0,0.1249,-0.0109,0.0468,-5.4878,19.2683,-7.0732
1574147025817.0,0.0977,-0.0112,0.0501,-4.1463,23.4146,-7.8659
1574147025818.0,0.0789,-0.0096,0.0582,-1.1585,22.3171,-8.6585
1574147025818.0,0.0845,-0.0067,0.0656,0.122,12.7439,-13.2317
1574147025819.0,0.1,-0.0048,0.0674,-1.6463,-3.5366,-16.7073
1574147025861.0,0.1108,-0.0062,0.0647,-5.6098,-17.1951,-17.0122
1574147025862.0,0.1111,-0.0083,0.059,-8.6585,-22.622,-18.3537
1574147025863.0,0.1041,-0.0087,0.0541,-9.1463,-23.8415,-20.1829
1574147025864.0,0.1014,-0.0067,0.0509,-8.9024,-29.2073,-20.7927
1574147025906.0,0.1097,-0.0061,0.0476,-10.9146,-39.2073,-19.4512
1574147025907.0,0.1177,-0.0076,0.0479,-13.5366,-41.2805,-17.439
1574147025908.0,0.1231,-0.0099,0.0514,-13.0488,-30.061,-17.2561
1574147025909.0,0.1255,-0.006,0.0612,-10.9756,-9.1463,-17.9268
1574147025910.0,0.1318,0.003,0.0649,-8.9024,15.3659,-16.8902
1574147025951.0,0.1476,0.0025,0.0615,-7.5,37.9878,-17.1341
1574147025952.0,0.1467,-0.0026,0.0576,-5.6707,52.8049,-15.9756
1574147025953.0,0.1272,-0.0023,0.0539,-3.3537,65.6707,-9.8171
1574147025954.0,0.1105,0.0016,0.0524,1.7683,71.5854,-8.2927
1574147025955.0,0.1082,0.0031,0.0546,3.2927,56.8902,-7.561
1574147025996.0,0.1154,0.0037,0.0586,1.0366,26.7683,-1.7683
1574147025997.0,0.123,0.0035,0.0592,-1.5244,-1.0366,4.5732
1574147025998.0,0.1304,0.0046,0.0582,-3.5366,-14.2073,7.5
1574147025999.0,0.1365,0.007,0.0631,-2.2561,-15.3659,8.5366
1574147026041.0,0.1426,0.009,0.0733,-2.378,-15.7927,10.7927
1574147026042.0,0.1506,0.016,0.0695,-5.9756,-14.6341,14.4512
1574147026043.0,0.1576,0.0291,0.0633,-9.5122,-9.6341,20.061
1574147026044.0,0.1485,0.0389,0.0593,-14.878,-15.3659,29.5732
1574147026045.0,0.1204,0.0333,0.0583,-23.6585,-32.0122,39.878
1574147026086.0,0.0953,0.0178,0.0552,-31.0976,-45.4268,46.3415
1574147026087.0,0.0879,0.0048,0.0498,-32.9878,-55.1829,51.9512
1574147026088.0,0.1005,-0.0035,0.0454,-32.8659,-68.5366,56.2805
1574147026089.0,0.1227,-0.0128,0.0477,-34.1463,-79.939,57.7439
1574147026176.0,0.1339,-0.0211,0.0554,-35.6707,-81.2195,57.5
1574147026177.0,0.1229,-0.0256,0.0587,-32.0122,-65.061,55.3659
1574147026178.0,0.1064,-0.0266,0.0535,-28.7195,-40.6707,53.9634
1574147026179.0,0.0966,-0.0268,0.0545,-26.2805,-25.0,50.2439
1574147026180.0,0.0892,-0.0306,0.0554,-24.0854,-24.6951,43.9634
1574147026181.0,0.0845,-0.0363,0.0532,-21.9512,-27.561,36.6463
1574147026181.0,0.0858,-0.0397,0.0522,-18.4756,-30.4878,33.1707
1574147026182.0,0.0903,-0.0414,0.0528,-14.2073,-35.6098,30.6098
1574147026183.0,0.0914,-0.0431,0.0564,-10.9146,-39.2073,24.0244
1574147026184.0,0.0898,-0.0444,0.0576,-7.561,-39.939,16.0976
1574147026221.0,0.0887,-0.0417,0.0551,-3.8415,-35.061,9.7561
1574147026222.0,0.0881,-0.0394,0.0524,1.1585,-25.9756,2.1341
1574147026223.0,0.0894,-0.0388,0.0519,5.061,-18.5366,-5.9146
1574147026224.0,0.0929,-0.035,0.053,6.6463,-13.5366,-11.2195
1574147026266.0,0.0944,-0.0288,0.0525,7.8659,-7.1951,-17.561
1574147026267.0,0.0957,-0.0235,0.0496,8.4756,1.7683,-24.878
1574147026268.0,0.0983,-0.0193,0.0461,7.9878,11.5244,-30.6098
1574147026269.0,0.1018,-0.0178,0.0404,8.1098,19.6951,-37.439
1574147026311.0,0.0977,-0.0161,0.0291,8.2317,26.2805,-42.561
1574147026312.0,0.0838,-0.0111,0.0217,8.4146,27.378,-45.5488
1574147026313.0,0.0955,-0.0098,0.0223,9.3293,16.1585,-50.4878
1574147026314.0,0.1566,-0.011,0.035,4.1463,-5.5488,-52.0732
1574147026314.0,0.2427,-0.0058,0.0557,-4.1463,-17.9878,-36.7683
1574147026356.0,0.2493,-0.0055,0.0621,-9.6951,2.378,-15.122
1574147026357.0,0.1641,0.0017,0.0566,-10.5488,55.7317,3.4756
1574147026358.0,0.1124,-0.0027,0.0504,-9.2683,95.3049,10.7317
1574147026359.0,0.1202,-0.0267,0.0516,-12.9878,66.4634,-5.7927
1574147026360.0,0.1314,-0.032,0.0524,-17.378,6.9512,-9.1463
1574147026401.0,0.1317,-0.0272,0.0538,-10.1829,-22.8659,7.1341
1574147026402.0,0.132,-0.0298,0.0504,-7.3171,-25.6098,11.9512
1574147026403.0,0.127,-0.0324,0.0474,-3.4756,-18.6585,-0.1829
1574147026404.0,0.1207,-0.0305,0.0452,-0.122,-14.6951,-6.5854
1574147026446.0,0.1181,-0.0256,0.0504,1.8902,-10.9146,-4.939
1574147026447.0,0.1138,-0.0215,0.0543,7.3171,-4.3902,-7.0122
1574147026448.0,0.1177,-0.0219,0.0566,11.4634,4.0244,-11.7683
1574147026449.0,0.1263,-0.02,0.0579,11.6463,11.0366,-12.0732
1574147026491.0,0.1242,-0.0164,0.0591,14.6341,19.4512,-11.5854
1574147026492.0,0.1165,-0.0157,0.0563,18.4146,29.4512,-11.0366
1574147026493.0,0.1132,-0.0163,0.0524,20.3659,34.8171,-11.5244
1574147026494.0,0.1127,-0.0142,0.0494,20.9146,31.5244,-11.4024
1574147026495.0,0.114,-0.0123,0.0505,22.378,25.9146,-11.4024
1574147026536.0,0.1162,-0.0107,0.0567,22.2561,20.4878,-11.4634
1574147026538.0,0.1176,-0.01,0.0613,20.2439,17.7439,-11.4634
1574147026539.0,0.111,-0.0073,0.0647,17.5,22.1341,-10.9756
1574147026540.0,0.1081,-0.0021,0.065,16.2805,29.6951,-10.9146
1574147026540.0,0.1147,0.0031,0.0625,15.7317,33.8415,-10.061
1574147026581.0,0.1124,0.015,0.0624,14.3902,30.7317,-6.3415
1574147026582.0,0.117,0.0245,0.0529,15.4268,17.3171,1.9512
1574147026582.0,0.1458,0.0286,0.0517,13.1707,-1.0366,8.0488
1574147026583.0,0.172,0.0338,0.0608,6.8902,-4.5122,15.5488
1574147026626.0,0.1705,0.0442,0.0698,4.2683,11.3415,30.4268
1574147026627.0,0.164,0.0472,0.0682,3.6585,36.7683,45.9756
1574147026627.0,0.1636,0.0447,0.0701,0.8537,53.3537,59.2683
1574147026628.0,0.1648,0.035,0.0712,-6.0366,51.5244,77.0732
1574147026628.0,0.1627,0.0242,0.0699,-15.1829,42.6829,94.8171
1574147026671.0,0.1483,0.0209,0.0703,-21.0366,35.3659,107.0732
1574147026672.0,0.1329,0.0204,0.066,-24.878,26.7683,113.1707
1574147026672.0,0.1216,0.0169,0.0555,-28.4146,13.0488,115.7927
1574147026673.0,0.1236,0.0123,0.0469,-32.2561,-12.9878,118.3537
1574147026673.0,0.1334,0.0116,0.0317,-35.4268,-43.5976,123.3537
1574147026716.0,0.1348,0.0103,0.0203,-32.8049,-62.1341,129.7561
1574147026717.0,0.1292,-0.0029,0.0276,-27.3171,-66.8902,129.939
1574147026717.0,0.1183,-0.0148,0.0348,-26.0366,-60.5488,122.8049
1574147026718.0,0.1067,-0.0151,0.04,-19.0244,-43.7805,118.9024
1574147026761.0,0.0974,-0.0157,0.0383,-8.3537,-25.5488,119.939
1574147026762.0,0.0953,-0.0199,0.0321,-3.6585,-10.7927,117.1341
1574147026762.0,0.0828,-0.0195,0.0324,-0.6707,4.6951,113.0488
1574147026763.0,0.0668,-0.0146,0.032,3.4756,6.7683,110.3659
1574147026763.0,0.0696,-0.0187,0.0304,7.0122,-1.7073,104.8781
1574147026806.0,0.0766,-0.0284,0.0371,3.9634,-12.622,99.939
1574147026807.0,0.0839,-0.0317,0.0463,2.9268,-21.2195,94.3293
1574147026808.0,0.0908,-0.034,0.0497,4.2683,-23.0488,88.8415
1574147026808.0,0.0856,-0.04,0.0382,1.4024,-24.3902,85.7317
1574147026851.0,0.0793,-0.046,0.0303,-0.6098,-27.439,82.7439
1574147026852.0,0.0754,-0.0511,0.0304,-0.3049,-36.9512,73.9024
1574147026853.0,0.0757,-0.0576,0.0324,-2.8049,-49.8781,63.5976
1574147026853.0,0.0766,-0.0594,0.0355,-5.6707,-61.9512,55.6707
1574147026854.0,0.0729,-0.0565,0.0371,-4.8171,-72.5,47.1951
1574147026896.0,0.0673,-0.0574,0.0326,-3.1098,-80.0,37.561
1574147026897.0,0.058,-0.0604,0.0264,-3.2317,-84.8781,30.6098
1574147026897.0,0.0505,-0.0604,0.0276,-2.1951,-90.7927,27.8659
1574147026898.0,0.0583,-0.0613,0.0304,-1.8293,-100.4268,25.7927
1574147026941.0,0.072,-0.0682,0.0318,-4.0244,-109.2073,19.8171
1574147026986.0,0.0876,-0.075,0.0466,-6.5244,-116.5854,14.8171
1574147027031.0,0.0925,-0.0746,0.0555,-8.1707,-125.6098,10.9146
1574147027032.0,0.0955,-0.0737,0.0548,-10.6707,-135.9146,5.6098
1574147027033.0,0.0983,-0.0746,0.0475,-17.622,-145.5488,-1.1585
1574147027034.0,0.096,-0.0779,0.0469,-27.5,-154.6951,-8.2317
1574147027035.0,0.071,-0.0764,0.0273,-35.1829,-167.0122,-15.3659
1574147027036.0,0.0662,-0.0773,0.0129,-37.9878,-188.5366,-22.8659
1574147027037.0,0.0784,-0.0798,0.0014,-41.3415,-207.1951,-31.4634
1574147027037.0,0.099,-0.0809,-0.0025,-44.3902,-223.5976,-35.6098
1574147027038.0,0.1196,-0.082,-0.0017,-46.4024,-226.9512,-39.1463
1574147027076.0,0.1317,-0.0856,-0.0009,-42.7439,-205.3049,-44.6951
1574147027077.0,0.1295,-0.0814,0.0088,-35.122,-164.3902,-49.0244
1574147027077.0,0.124,-0.0762,0.0175,-25.4268,-118.7195,-52.7439
1574147027078.0,0.1285,-0.0788,0.0151,-17.0122,-72.439,-57.622
1574147027079.0,0.1373,-0.0791,0.0125,-10.7927,-28.5976,-59.0244
1574147027121.0,0.1328,-0.0767,0.0112,-6.7683,3.1707,-60.061
1574147027122.0,0.1211,-0.0797,0.0045,-3.8415,28.9024,-61.2195
1574147027123.0,0.1166,-0.0837,-0.0005,0.061,52.1951,-61.1585
1574147027124.0,0.1146,-0.0861,0.0025,4.3293,61.5854,-62.3781
1574147027125.0,0.1124,-0.0839,0.0009,5.6707,63.2927,-62.8659
1574147027125.0,0.1178,-0.076,0.0023,6.7683,60.4268,-60.122
1574147027126.0,0.1309,-0.0684,0.0144,8.4146,48.5366,-55.1829
1574147027166.0,0.1514,-0.0692,0.0204,6.4024,40.122,-52.5
1574147027167.0,0.1629,-0.0717,0.0219,5.7927,50.9756,-52.6829
1574147027211.0,0.1557,-0.0703,0.0225,9.0244,76.1585,-46.9512
1574147027212.0,0.148,-0.0713,0.0162,10.7927,106.1585,-36.8293
1574147027213.0,0.1382,-0.0712,0.0096,10.0,135.7317,-29.878
1574147027214.0,0.1262,-0.0656,0.0109,11.2195,156.0366,-26.0366
1574147027214.0,0.1188,-0.061,0.014,15.122,159.5732,-25.6098
1574147027215.0,0.1221,-0.0602,0.0178,16.1585,144.0244,-23.2317
1574147027216.0,0.1263,-0.0598,0.0221,15.9756,117.561,-15.6098
1574147027217.0,0.1298,-0.0602,0.0208,15.4878,92.9268,-8.2317
1574147027256.0,0.1378,-0.0602,0.0205,16.0976,79.3293,-5.9756
1574147027257.0,0.1472,-0.0565,0.0228,17.9268,75.7317,-4.878
1574147027257.0,0.1537,-0.0532,0.0245,21.0976,82.8049,-2.2561
1574147027258.0,0.1481,-0.0521,0.0225,25.6098,102.622,-0.4268
1574147027302.0,0.1246,-0.0477,0.0222,32.8659,127.8049,1.9512
1574147027346.0,0.1017,-0.0381,0.0266,41.4634,139.2683,4.5732
1574147027347.0,0.0921,-0.0318,0.0253,45.9756,132.0122,8.6585
1574147027348.0,0.0903,-0.0329,0.0228,46.2195,104.2683,13.5366
1574147027349.0,0.0979,-0.0319,0.0269,45.1829,61.1585,19.0244
1574147027349.0,0.1161,-0.0358,0.0322,41.8293,16.8902,25.061
1574147027350.0,0.1343,-0.0379,0.035,35.6707,1.2195,23.5366
1574147027351.0,0.1304,-0.0302,0.0339,37.7439,20.9146,19.3293
1574147027352.0,0.1251,-0.0298,0.0411,42.0732,38.9634,18.2317
1574147027391.0,0.1188,-0.0289,0.0536,40.7927,54.5732,17.439
1574147027392.0,0.1082,-0.0261,0.0536,38.3537,67.3171,18.9634
1574147027393.0,0.1004,-0.025,0.0482,36.0366,68.4756,18.4756
1574147027394.0,0.0934,-0.0247,0.0487,35.7317,62.0732,16.8293
1574147027395.0,0.0998,-0.0275,0.0536,34.2073,49.1463,15.3049
1574147027436.0,0.1116,-0.0287,0.0529,30.8537,32.561,11.1585
1574147027437.0,0.1114,-0.0326,0.0526,28.5366,30.2439,7.622
1574147027438.0,0.1052,-0.037,0.0521,24.3902,53.3537,3.1098
1574147027439.0,0.1033,-0.0377,0.056,21.0366,87.2561,0.7317
1574147027481.0,0.1027,-0.0399,0.0701,17.5,121.5244,1.8902
1574147027482.0,0.1009,-0.0382,0.0817,15.7927,153.6585,2.8049
1574147027483.0,0.0988,-0.0326,0.0859,18.8415,171.2195,3.0488
1574147027484.0,0.0941,-0.0289,0.0818,20.122,156.6463,4.4512
1574147027485.0,0.0934,-0.0303,0.0725,17.0732,113.1098,4.5122
1574147027526.0,0.1004,-0.03,0.0601,12.2561,63.2317,2.8659
1574147027528.0,0.1097,-0.0253,0.0488,9.5122,22.622,1.0976
1574147027529.0,0.127,-0.0193,0.0528,8.2927,5.9146,0.0
1574147027529.0,0.1526,-0.0146,0.0731,9.6951,21.7073,3.7195
1574147027571.0,0.1619,-0.0185,0.0912,8.8415,60.5488,13.9024
1574147027572.0,0.1326,-0.0187,0.1085,13.9024,107.3171,24.7561
1574147027573.0,0.0985,-0.0243,0.1074,17.9878,141.0976,28.1098
1574147027574.0,0.0892,-0.0311,0.097,14.6951,151.4024,25.0
1574147027575.0,0.092,-0.0307,0.0884,11.0366,144.3902,22.9268
1574147027616.0,0.0887,-0.0302,0.08,5.0,131.9512,22.3171
1574147027617.0,0.0755,-0.0291,0.0773,0.6098,122.2561,23.9024
1574147027618.0,0.0637,-0.0292,0.0775,0.2439,117.3781,20.0
1574147027619.0,0.0649,-0.0275,0.09,3.1707,109.5122,15.6098
1574147027661.0,0.0815,-0.0306,0.1039,0.6098,88.1707,15.4268
1574147027662.0,0.091,-0.0289,0.1042,-7.9268,65.7927,12.8049
1574147027663.0,0.0867,-0.0275,0.0933,-14.6341,56.5854,11.0366
1574147027664.0,0.0728,-0.0305,0.084,-17.8049,60.1829,10.4878
1574147027665.0,0.0704,-0.0352,0.0836,-16.5854,62.622,8.7195
1574147027706.0,0.0809,-0.0415,0.0902,-12.6829,48.1098,7.8049
1574147027707.0,0.0859,-0.0416,0.0995,-11.0976,22.8049,13.1098
1574147027708.0,0.0829,-0.0374,0.0978,-10.7927,-2.8659,14.6951
1574147027709.0,0.0819,-0.0385,0.0893,-10.9756,-29.4512,11.5854
1574147027710.0,0.0797,-0.0476,0.0775,-10.0,-60.6707,10.5488
1574147027751.0,0.0657,-0.0568,0.0749,-4.0244,-90.7317,10.8537
1574147027752.0,0.0557,-0.0601,0.0745,2.378,-117.1341,8.1098
1574147027752.0,0.0531,-0.0593,0.0726,4.3293,-146.6463,5.5488
1574147027753.0,0.0537,-0.0628,0.0743,5.3049,-179.8171,1.7683
1574147027796.0,0.059,-0.0692,0.074,1.7683,-200.3049,-3.5366
1574147027797.0,0.0645,-0.0662,0.0774,-1.1585,-196.7073,-5.9146
1574147027797.0,0.061,-0.0634,0.0765,-2.2561,-173.7195,-10.8537
1574147027798.0,0.0496,-0.068,0.0668,-1.5244,-132.8049,-24.3902
1574147027799.0,0.037,-0.0663,0.0646,4.6341,-82.561,-35.7927
1574147027841.0,0.0424,-0.0567,0.0781,10.1829,-46.8293,-41.3415
1574147027842.0,0.0677,-0.0463,0.0892,10.122,-32.9268,-44.0244
1574147027842.0,0.0995,-0.0419,0.0934,6.0976,-38.7195,-45.6098
1574147027843.0,0.1174,-0.046,0.0884,-1.1585,-46.2195,-45.5488
1574147027886.0,0.1232,-0.048,0.0767,-1.1585,-45.2439,-44.2073
1574147027887.0,0.1411,-0.0474,0.0674,5.2439,-35.4268,-44.0854
1574147027887.0,0.1493,-0.0401,0.0566,8.9634,-10.5488,-41.4634
1574147027888.0,0.1409,-0.0358,0.0577,16.2805,24.8171,-31.2195
1574147027889.0,0.1182,-0.0407,0.0562,15.2439,70.2439,-25.7927
1574147027931.0,0.0905,-0.0327,0.06,15.9756,114.8171,-25.2439
1574147027932.0,0.0954,-0.0256,0.0705,21.5854,134.6342,-20.4878
1574147027933.0,0.1233,-0.0223,0.0862,22.8049,122.3781,-16.2195
1574147027933.0,0.1404,-0.0196,0.0885,16.4024,99.8781,-8.1707
1574147027976.0,0.1368,-0.019,0.0823,12.8659,93.8415,-1.5854
1574147027977.0,0.1257,-0.0212,0.0736,16.3415,99.5122,0.3659
1574147027978.0,0.1113,-0.0236,0.0696,20.3049,100.5488,4.4512
1574147027979.0,0.1034,-0.0257,0.0747,24.2073,91.5244,8.9024
1574147027980.0,0.0991,-0.0234,0.0859,28.2317,77.561,11.0976
1574147028021.0,0.0956,-0.0213,0.1052,28.9634,61.5854,13.0488
1574147028022.0,0.0909,-0.0244,0.1061,23.6585,43.1098,19.2683
1574147028023.0,0.0929,-0.0286,0.0967,15.9756,25.4268,22.0122
1574147028024.0,0.0948,-0.0291,0.0914,16.2195,27.439,18.6585
1574147028025.0,0.0919,-0.0295,0.0879,16.3415,42.3171,16.8902
1574147028066.0,0.0808,-0.0229,0.0876,15.0,62.0122,14.3293
1574147028067.0,0.0627,-0.0189,0.0881,15.7317,83.6585,11.2805
1574147028068.0,0.0513,-0.0181,0.0916,14.5122,93.9634,6.8902
1574147028069.0,0.0543,-0.0159,0.0991,11.3415,88.1098,2.5
1574147028111.0,0.0648,-0.0164,0.1106,6.4634,71.2805,-3.4146
1574147028112.0,0.0758,-0.0171,0.1139,0.5488,57.9878,-11.6463
1574147028113.0,0.077,-0.0153,0.1104,-3.7805,52.5,-15.8537
1574147028114.0,0.0789,-0.0174,0.107,-9.1463,47.2561,-18.1707
1574147028115.0,0.0854,-0.0201,0.1006,-14.4512,41.0976,-19.3293
1574147028156.0,0.0852,-0.025,0.0903,-18.3537,35.122,-17.9268
1574147028157.0,0.0803,-0.0298,0.0793,-17.8049,32.0732,-15.9756
1574147028158.0,0.0794,-0.033,0.0768,-14.4512,26.0976,-13.1707
1574147028159.0,0.0864,-0.0324,0.0807,-11.4634,14.1463,-11.8293
1574147028201.0,0.0991,-0.0313,0.0856,-7.8049,2.0122,-9.3902
1574147028202.0,0.1086,-0.0327,0.0908,-3.4146,-8.0488,-3.3537
1574147028203.0,0.1058,-0.0353,0.0911,1.7073,-11.8902,4.3902
1574147028204.0,0.1005,-0.0372,0.0849,7.8659,-9.878,12.439
1574147028205.0,0.0908,-0.036,0.0821,14.0244,-11.6463,18.9024
1574147028246.0,0.0788,-0.0379,0.0779,18.4756,-22.3171,23.9024
1574147028247.0,0.0737,-0.0433,0.0746,21.4634,-38.2317,26.9512
1574147028248.0,0.0784,-0.0519,0.0726,25.2439,-55.3659,31.0366
1574147028249.0,0.0858,-0.0578,0.0726,30.3659,-65.5488,35.6707
1574147028291.0,0.082,-0.0605,0.0817,36.9512,-60.9146,41.0366
1574147028292.0,0.0697,-0.0588,0.0949,42.8659,-40.8537,43.4756
1574147028292.0,0.0601,-0.0556,0.1052,46.5244,-13.4756,42.439
1574147028293.0,0.0569,-0.0482,0.1152,45.9146,8.1098,39.1463
1574147028294.0,0.0457,-0.0385,0.1292,42.3171,23.1707,32.5
1574147028336.0,0.0304,-0.0311,0.1411,33.8415,38.2317,20.6098
1574147028337.0,0.0264,-0.0228,0.1405,22.3171,52.0732,8.7195
1574147028337.0,0.0354,-0.0153,0.1331,9.4512,55.3049,-1.6463
1574147028338.0,0.0447,-0.0131,0.1321,-2.622,49.7561,-12.8049
1574147028381.0,0.0536,-0.0104,0.1329,-13.4756,44.1463,-22.0732
1574147028382.0,0.062,-0.0035,0.129,-23.6585,43.6585,-29.1463
1574147028383.0,0.07,0.0018,0.1245,-32.561,44.8171,-37.439
1574147028383.0,0.0718,0.0079,0.1228,-37.9268,46.7683,-44.5732
1574147028384.0,0.0667,0.0103,0.1184,-41.5244,49.1463,-48.6585
1574147028426.0,0.0751,0.0093,0.1023,-42.378,49.7561,-51.2805
1574147028427.0,0.0814,0.0068,0.0882,-41.2195,41.2195,-48.4146
1574147028427.0,0.0832,0.0004,0.0793,-35.6707,22.7439,-43.5366
1574147028428.0,0.0937,-0.0062,0.0685,-27.9268,-0.3049,-38.8415
1574147028429.0,0.1102,-0.0145,0.0644,-21.2195,-26.5854,-31.5854
1574147028471.0,0.1259,-0.0267,0.0652,-11.3415,-41.7683,-20.122
1574147028472.0,0.1335,-0.0349,0.0676,1.4634,-40.061,-6.2195
1574147028473.0,0.1274,-0.0399,0.0717,15.9756,-27.3171,6.6463
1574147028474.0,0.1171,-0.0454,0.074,27.622,-15.5488,16.4634
1574147028516.0,0.1075,-0.0487,0.0732,34.8171,-13.9634,23.1098
1574147028517.0,0.0906,-0.0507,0.0709,38.4756,-25.6098,27.439
1574147028518.0,0.0743,-0.0546,0.0721,39.4512,-45.3659,29.2683
1574147028519.0,0.0726,-0.0592,0.074,38.5976,-67.8049,29.6951
1574147028520.0,0.0861,-0.061,0.0717,36.5854,-87.5,32.1341
1574147028561.0,0.0911,-0.0585,0.0758,34.6951,-92.561,36.2805
1574147028562.0,0.0809,-0.0546,0.0845,34.939,-75.4878,36.6463
1574147028563.0,0.0688,-0.0489,0.0944,36.6463,-41.1585,33.1707
1574147028564.0,0.0565,-0.042,0.106,35.7317,-6.6463,30.122
1574147028606.0,0.0369,-0.0356,0.1168,32.2561,16.1585,25.4878
1574147028607.0,0.0273,-0.0332,0.1223,25.2439,26.2805,15.061
1574147028608.0,0.0246,-0.0273,0.1244,15.122,28.0488,3.8415
1574147028609.0,0.0245,-0.0228,0.1277,3.1098,20.7927,-3.8415
1574147028610.0,0.0333,-0.021,0.1342,-8.9634,12.0732,-14.2683
1574147028651.0,0.0468,-0.0184,0.1366,-20.1829,6.5244,-24.0244
1574147028652.0,0.0679,-0.0132,0.1389,-31.8902,2.8659,-29.6341
1574147028653.0,0.0917,-0.0021,0.1354,-41.3415,7.3171,-34.3293
1574147028654.0,0.1044,0.0094,0.1312,-48.0488,18.9024,-39.7561
1574147028696.0,0.1036,0.0159,0.1283,-51.7683,34.8171,-45.6098
1574147028697.0,0.0988,0.0153,0.1179,-52.561,50.7927,-48.9634
1574147028698.0,0.0894,0.0119,0.1052,-50.6098,58.1098,-47.561
1574147028699.0,0.0811,0.009,0.0922,-45.2439,47.7439,-41.0976
1574147028700.0,0.0897,0.0051,0.0715,-37.7439,19.8171,-33.2317
1574147028741.0,0.1066,-0.0058,0.0552,-32.0732,-21.5244,-25.122
1574147028742.0,0.121,-0.0207,0.0496,-23.0488,-57.2561,-13.7805
1574147028743.0,0.129,-0.0338,0.0525,-7.0122,-68.5366,1.7073
1574147028744.0,0.1323,-0.0435,0.0558,10.6707,-59.4512,15.122
1574147028745.0,0.1304,-0.05,0.0563,27.8049,-41.2195,25.3659
1574147028786.0,0.1216,-0.0564,0.061,41.7073,-26.9512,33.7805
1574147028787.0,0.105,-0.0617,0.0695,50.4268,-22.0122,39.878
1574147028787.0,0.0903,-0.0645,0.0763,53.6585,-25.3049,43.9024
1574147028788.0,0.0769,-0.0652,0.0789,51.9512,-33.0488,46.8293
1574147028831.0,0.0673,-0.0665,0.0816,47.7439,-42.6829,46.6463
1574147028832.0,0.0547,-0.0663,0.0867,41.5854,-51.7683,44.1463
1574147028833.0,0.0507,-0.0695,0.0872,34.6341,-56.7683,39.7561
1574147028833.0,0.0616,-0.0667,0.0927,28.6585,-54.8171,33.5976
1574147028834.0,0.06,-0.0554,0.1125,22.9878,-44.8171,29.5732
1574147028876.0,0.0528,-0.0429,0.1295,16.9512,-17.378,19.939
1574147028877.0,0.0518,-0.0289,0.1313,8.6585,21.5854,8.4146
1574147028878.0,0.045,-0.0175,0.133,-1.6463,53.5976,-0.1829
1574147028879.0,0.0387,-0.0106,0.1344,-9.6951,70.6098,-9.5122
1574147028921.0,0.0457,-0.004,0.1355,-19.6951,66.9512,-18.9024
1574147028923.0,0.064,0.0043,0.1379,-33.4146,44.939,-26.8293
1574147028923.0,0.0811,0.0133,0.1402,-46.0366,20.9146,-33.4756
1574147028924.0,0.0957,0.0179,0.1298,-54.1463,6.9512,-38.1707
1574147028925.0,0.1083,0.0151,0.1066,-57.9268,2.3171,-39.0244
1574147028966.0,0.1117,0.0079,0.0935,-56.0976,5.1829,-35.061
1574147028967.0,0.1082,0.0045,0.092,-46.8293,14.2683,-27.9878
1574147028968.0,0.1041,0.0032,0.0876,-35.0,23.1098,-20.1829
1574147028969.0,0.1014,-0.0025,0.0783,-24.0244,26.5854,-11.2195
1574147029011.0,0.0985,-0.0112,0.0744,-13.0488,20.4878,-1.9512
1574147029012.0,0.1045,-0.0237,0.0701,-4.3902,1.4634,5.5488
1574147029012.0,0.1171,-0.0377,0.0684,2.561,-18.4146,13.1098
1574147029013.0,0.1203,-0.0447,0.0716,11.8902,-26.7683,21.8902
1574147029014.0,0.1108,-0.0456,0.07,21.5244,-23.4756,28.8415
1574147029056.0,0.1075,-0.0497,0.0582,28.6585,-18.5366,30.8537
1574147029057.0,0.1102,-0.0533,0.0593,33.7195,-22.8659,32.7439
1574147029057.0,0.0975,-0.0549,0.0755,36.8293,-32.3171,36.5244
1574147029058.0,0.0795,-0.0566,0.0818,38.2317,-30.6098,36.5854
1574147029059.0,0.07,-0.0574,0.0793,38.1707,-19.6951,35.3049
1574147029101.0,0.0615,-0.0592,0.0824,36.7073,-11.9512,35.4268
1574147029102.0,0.0507,-0.0606,0.0889,34.5732,-6.8293,33.9024
1574147029102.0,0.0449,-0.0598,0.0933,30.4878,0.0,30.1829
1574147029103.0,0.0394,-0.055,0.097,24.878,8.6585,24.3902
1574147029146.0,0.0317,-0.0505,0.1015,18.9634,17.0732,17.2561
1574147029147.0,0.0266,-0.0448,0.1102,13.0488,23.6585,9.1463
1574147029147.0,0.0308,-0.0363,0.121,5.6098,24.5732,-0.2439
1574147029148.0,0.0497,-0.0246,0.1328,-3.7805,19.5122,-10.6707
1574147029149.0,0.0707,-0.0103,0.1396,-14.2683,11.9512,-19.2683
1574147029191.0,0.0836,0.0031,0.1401,-24.6341,4.2683,-25.9756
1574147029193.0,0.0817,0.0147,0.1299,-33.5366,-4.5122,-31.9512
1574147029193.0,0.0698,0.0255,0.1031,-41.0366,-22.6829,-37.1341
1574147029194.0,0.0563,0.0296,0.0754,-48.3537,-50.6707,-41.2195
1574147029236.0,0.053,0.0255,0.0673,-52.561,-85.9146,-43.9634
1574147029238.0,0.0793,0.0242,0.0718,-52.8659,-130.2439,-41.5244
1574147029238.0,0.1141,0.0251,0.0868,-47.9268,-182.8659,-31.4024
1574147029239.0,0.1328,0.0171,0.1038,-58.5366,-244.5732,-15.8537
1574147029240.0,0.1423,0.003,0.1127,-81.0976,-298.5976,-10.122
1574147029281.0,0.1461,-0.0164,0.0994,-100.8537,-320.8537,-12.1341
1574147029282.0,0.1265,-0.0259,0.0813,-107.622,-315.2439,-12.9268
1574147029282.0,0.1242,-0.0297,0.0744,-109.5122,-317.6829,-12.1341
1574147029283.0,0.1274,-0.0274,0.0678,-120.6707,-327.6829,-8.5366
1574147029326.0,0.1143,-0.0233,0.0581,-122.9268,-333.2927,-1.1585
1574147029327.0,0.1254,-0.0297,0.039,-126.8902,-350.1219,2.7439
1574147029328.0,0.147,-0.0342,0.0265,-134.2683,-372.2561,6.4634
1574147029328.0,0.1372,-0.0401,0.0077,-133.9634,-374.8171,18.8415
1574147029329.0,0.1144,-0.0524,-0.0076,-125.3049,-343.5366,31.6463
1574147029371.0,0.1094,-0.0621,-0.0164,-116.9512,-293.9634,39.6341
1574147029372.0,0.1254,-0.0624,-0.0188,-111.5244,-245.1829,44.1463
1574147029372.0,0.1235,-0.0582,-0.0125,-104.3293,-192.9268,42.0732
1574147029373.0,0.0982,-0.0502,-0.0222,-95.0,-143.5366,34.3902
1574147029416.0,0.0872,-0.0525,-0.0399,-84.5122,-102.622,27.0732
1574147029418.0,0.0927,-0.0657,-0.0471,-76.0976,-76.0366,24.2683
1574147029419.0,0.1056,-0.0705,-0.0383,-67.2561,-62.0122,23.9634
1574147029420.0,0.1187,-0.0634,-0.0239,-56.9512,-44.5122,19.7561
1574147029420.0,0.1075,-0.0586,-0.0115,-50.4268,-15.1829,15.122
1574147029461.0,0.0999,-0.0546,-0.0092,-48.2317,20.7317,8.4146
1574147029463.0,0.118,-0.0543,-0.0199,-45.4268,59.6341,0.7927
1574147029464.0,0.1385,-0.0589,-0.0266,-42.622,104.3293,-1.8902
1574147029465.0,0.1426,-0.0601,-0.0342,-39.3902,161.8293,-6.2195
1574147029466.0,0.1385,-0.0572,-0.0372,-32.378,211.0976,-12.6829
1574147029506.0,0.1274,-0.0507,-0.03,-24.7561,232.6829,-16.8293
1574147029507.0,0.1141,-0.0455,-0.0161,-14.2683,232.0122,-14.5122
1574147029508.0,0.1124,-0.0602,-0.0151,-7.8659,218.8415,-19.2073
1574147029509.0,0.0964,-0.0573,-0.0203,-4.2073,195.6098,-31.0976
1574147029552.0,0.0914,-0.0574,-0.0216,6.4634,149.6951,-27.622
1574147029553.0,0.0883,-0.0665,-0.014,1.5244,110.122,-19.8171
1574147029553.0,0.0913,-0.0571,-0.0101,2.7439,68.4146,-22.0732
1574147029554.0,0.1099,-0.0408,0.0019,12.5,22.439,-21.1585
1574147029555.0,0.1288,-0.0434,0.0119,15.7317,-13.8415,-14.5732
1574147029596.0,0.1483,-0.0541,0.0117,15.122,-24.1463,-16.5244
1574147029597.0,0.1548,-0.0536,0.0125,19.5122,-9.2683,-18.9024
1574147029598.0,0.1452,-0.0472,0.0142,26.0366,11.4024,-13.7195
1574147029599.0,0.1359,-0.0437,0.0187,28.9024,28.9634,-12.7439
1574147029641.0,0.1273,-0.0419,0.0233,30.2439,40.9146,-15.2439
1574147029643.0,0.1223,-0.0426,0.0273,30.7927,50.9756,-15.7927
1574147029643.0,0.1132,-0.0411,0.026,30.1829,58.7805,-15.061
1574147029644.0,0.0966,-0.0375,0.028,30.9146,60.2439,-12.0732
1574147029645.0,0.0963,-0.0306,0.0209,29.5122,49.0244,-10.122
1574147029686.0,0.108,-0.0252,0.0098,29.5732,32.2561,-7.1951
1574147029688.0,0.1141,-0.0317,0.0098,27.7439,18.4756,-3.7805
1574147029688.0,0.1209,-0.0317,0.0151,23.0488,15.7927,-10.7927
1574147029689.0,0.1276,-0.0237,0.0244,22.7439,17.6829,-12.9878
1574147029731.0,0.1401,-0.028,0.0314,19.7561,16.7073,-4.0854
1574147029733.0,0.1467,-0.0343,0.0327,15.6098,28.7805,-0.6707
1574147029733.0,0.1389,-0.0268,0.0344,19.2683,55.9146,-2.8659
1574147029734.0,0.1336,-0.0248,0.0411,23.0488,82.6829,-2.8659
1574147029735.0,0.1196,-0.0243,0.0492,18.0488,96.8293,0.7927
1574147029776.0,0.108,-0.0269,0.0569,14.8171,97.8659,-0.122
1574147029821.0,0.1044,-0.0356,0.0587,13.1707,87.3781,-3.9634
1574147029823.0,0.0966,-0.0411,0.0493,8.1707,65.2439,-2.9878
1574147029824.0,0.0754,-0.0392,0.0307,6.4024,34.939,-2.8659
1574147029824.0,0.0743,-0.0421,0.0198,4.878,-12.9878,-6.2195
1574147029825.0,0.0903,-0.0359,0.015,-0.2439,-64.8171,-15.6098
1574147029826.0,0.1013,-0.0399,0.0188,3.3537,-105.7317,-11.3415
1574147029827.0,0.119,-0.0463,0.0291,0.0,-130.8537,-9.8171
1574147029828.0,0.1414,-0.045,0.035,-0.4878,-129.939,-15.1829
1574147029866.0,0.1547,-0.0367,0.0417,1.8293,-105.122,-17.378
1574147029867.0,0.1454,-0.0365,0.0387,5.5488,-64.1463,-14.6341
1574147029867.0,0.1375,-0.0377,0.0323,4.5122,-32.0122,-10.8537
1574147029868.0,0.1323,-0.0363,0.0239,6.0976,-15.6098,-9.6341
1574147029869.0,0.1149,-0.034,0.0077,9.3902,-8.7805,-7.439
1574147029911.0,0.0859,-0.0328,0.0037,15.061,-14.878,-3.4146
1574147029956.0,0.0757,-0.0334,0.0071,20.2439,-49.2073,-2.3171
1574147030002.0,0.0911,-0.0385,0.0078,20.0,-100.6098,-4.0854
1574147030003.0,0.1109,-0.0376,0.0019,17.1951,-142.9268,-9.6951
1574147030003.0,0.1332,-0.0336,-0.011,21.2195,-158.2317,-15.061
1574147030004.0,0.1638,-0.0363,-0.0214,26.2195,-149.939,-14.7561
1574147030005.0,0.1813,-0.037,-0.0243,27.9268,-117.561,-13.9024
1574147030006.0,0.1746,-0.0291,-0.0231,36.0366,-56.7073,-14.939
1574147030006.0,0.1624,-0.0223,-0.0187,49.5122,18.7805,-12.3171
1574147030007.0,0.1528,-0.0233,-0.0067,58.5366,90.2439,-6.5854
1574147030008.0,0.1443,-0.0287,0.0093,63.1707,147.9878,-2.1341
1574147030008.0,0.1374,-0.0285,0.0283,67.3171,186.0976,0.2439
1574147030047.0,0.1281,-0.0231,0.0408,69.0244,202.8049,3.2317
1574147030048.0,0.1173,-0.0206,0.0462,68.4756,205.4268,8.4146
1574147030048.0,0.1101,-0.0272,0.0455,65.9146,201.1585,13.4146
1574147030049.0,0.1094,-0.0324,0.0423,62.0732,186.4025,16.8293
1574147030050.0,0.1074,-0.0305,0.0438,57.7439,164.0854,18.1707
1574147030051.0,0.1031,-0.0253,0.0504,55.3049,146.7683,16.5244
1574147030091.0,0.0972,-0.0242,0.0538,51.7683,137.1951,15.1829
1574147030093.0,0.0965,-0.0252,0.0583,47.0122,127.5,15.061
1574147030093.0,0.1049,-0.0278,0.0644,43.6585,117.7439,14.5122
1574147030095.0,0.1131,-0.0286,0.0685,42.8049,110.6707,14.878
1574147030096.0,0.1199,-0.0277,0.074,42.622,108.7195,15.4878
1574147030137.0,0.1212,-0.0272,0.0787,40.5488,117.8659,15.1829
1574147030138.0,0.1161,-0.0261,0.0747,39.7561,136.4024,14.2073
1574147030138.0,0.1068,-0.0248,0.0692,38.9634,154.5122,13.4146
1574147030139.0,0.1007,-0.0231,0.0709,39.1463,161.3415,13.1098
1574147030182.0,0.0904,-0.019,0.0768,37.5,152.0732,12.378
1574147030183.0,0.086,-0.0159,0.0886,33.1707,126.6463,9.6951
1574147030183.0,0.0908,-0.0151,0.1063,26.7683,95.1829,9.7561
1574147030184.0,0.1016,-0.0154,0.1133,21.6463,66.0366,11.9512
1574147030185.0,0.1097,-0.0182,0.1065,13.9024,43.8415,13.2317
1574147030227.0,0.1038,-0.0202,0.0941,6.7683,37.378,15.4268
1574147030228.0,0.0892,-0.0248,0.0799,2.9268,41.6463,14.3293
1574147030228.0,0.0817,-0.0289,0.0709,0.4878,43.6585,11.7683
1574147030229.0,0.0871,-0.026,0.0706,-0.6098,33.9024,9.3902
1574147030271.0,0.0902,-0.0229,0.0727,-1.8902,17.9878,5.7317
1574147030272.0,0.088,-0.0221,0.0733,-3.2317,9.0854,2.8049
1574147030273.0,0.087,-0.0242,0.0744,-2.1951,9.878,2.7439
1574147030273.0,0.0889,-0.0283,0.0773,-0.2439,13.3537,1.9512
1574147030274.0,0.0941,-0.029,0.0724,4.0854,19.878,-0.122
1574147030317.0,0.1007,-0.0297,0.0687,8.2317,27.3171,-0.9756
1574147030318.0,0.101,-0.0291,0.0729,7.8049,30.2439,1.3415
1574147030319.0,0.0984,-0.0288,0.0801,5.1829,26.7683,0.2439
1574147030319.0,0.1004,-0.0285,0.0807,2.7439,22.1951,-2.8049
1574147030362.0,0.1005,-0.0275,0.0778,1.6463,17.5,-0.6707
1574147030363.0,0.0991,-0.0295,0.0741,1.7073,13.9634,1.5244
1574147030363.0,0.0974,-0.0294,0.0748,1.5244,12.3171,2.439
1574147030364.0,0.0955,-0.0255,0.076,0.4268,13.3537,2.6829
1574147030365.0,0.0918,-0.0223,0.0781,1.0976,17.8049,1.4024
1574147030407.0,0.0918,-0.0226,0.0811,2.0732,19.5732,1.0976
1574147030408.0,0.0985,-0.02,0.0806,2.5,19.3902,1.8293
1574147030451.0,0.0969,-0.0175,0.0809,4.2683,23.1098,3.8415
1574147030452.0,0.0928,-0.0216,0.0839,4.7561,31.5244,3.7195
1574147030453.0,0.0974,-0.0227,0.0861,5.6707,34.878,2.8659
1574147030455.0,0.0969,-0.0217,0.0863,5.3049,30.9756,3.2317
1574147030456.0,0.0883,-0.0218,0.0866,4.6341,31.7683,2.7439
1574147030457.0,0.085,-0.0241,0.096,5.2439,34.939,2.5
1574147030458.0,0.0898,-0.025,0.1047,4.7561,37.0122,4.5122
1574147030497.0,0.0928,-0.0242,0.1036,5.7317,46.1585,7.8049
1574147030498.0,0.0806,-0.0281,0.1028,6.7683,62.5,9.2683
1574147030498.0,0.0663,-0.032,0.1009,6.5244,74.8781,7.0732
1574147030499.0,0.0644,-0.0308,0.0944,8.4756,73.9634,4.2683
1574147030500.0,0.0829,-0.033,0.0918,8.6585,61.4024,2.2561
1574147030542.0,0.103,-0.0332,0.0947,8.8415,50.9146,0.1829
1574147030543.0,0.0947,-0.0316,0.102,10.5488,53.7805,0.9756
1574147030544.0,0.0804,-0.0296,0.1132,13.4756,63.6585,1.5244
1574147030544.0,0.0835,-0.0322,0.1216,14.0244,71.4024,1.8293
1574147030586.0,0.0862,-0.0366,0.125,10.8537,79.3293,4.7561
1574147030587.0,0.0716,-0.0398,0.1212,11.1585,89.7561,9.6341
1574147030588.0,0.058,-0.0415,0.1194,13.4756,99.5122,11.5244
1574147030589.0,0.0502,-0.0366,0.1041,14.1463,102.2561,10.061
1574147030590.0,0.0591,-0.0396,0.0834,12.622,86.5854,5.4878
1574147030632.0,0.084,-0.0412,0.0946,14.4512,64.6341,1.8293
1574147030633.0,0.0963,-0.0388,0.1234,18.0488,55.5488,8.9634
1574147030633.0,0.0712,-0.0325,0.1207,22.0122,69.6951,18.1707
1574147030634.0,0.0308,-0.0275,0.098,27.378,87.439,16.6463
1574147030677.0,0.0165,-0.0233,0.0722,29.4512,82.9878,4.5122
1574147030678.0,0.0233,-0.0195,0.0727,31.6463,59.7561,-2.561
1574147030679.0,0.0339,-0.0161,0.0889,34.1463,29.878,-1.7073
1574147030680.0,0.0529,-0.0079,0.0965,35.122,8.5976,-4.4512
1574147030681.0,0.0786,-0.0057,0.1156,32.6829,-4.6341,-11.0976
1574147030722.0,0.102,-0.012,0.1226,30.122,-8.4756,-15.3659
1574147030723.0,0.1063,-0.023,0.108,29.5732,-4.4512,-9.878
1574147030724.0,0.0991,-0.0305,0.1053,30.3049,3.5976,-3.4756
1574147030724.0,0.0955,-0.0231,0.0963,29.878,14.4512,-2.0732
1574147030767.0,0.0815,-0.0169,0.1018,29.0854,22.1951,2.1341
1574147030768.0,0.0642,-0.0129,0.1023,28.9634,26.7073,4.1463
1574147030769.0,0.0556,-0.0128,0.1028,28.1707,24.8171,4.3293
1574147030769.0,0.0514,-0.0134,0.1039,27.1951,16.0976,4.5122
1574147030770.0,0.0479,-0.0132,0.1022,26.3415,4.5122,3.9024
1574147030812.0,0.0402,-0.0126,0.0946,25.3049,-8.7805,1.0976
1574147030813.0,0.0341,-0.0132,0.0916,25.122,-29.1463,-2.439
1574147030813.0,0.0421,-0.0137,0.0978,24.1463,-59.6341,-5.9756
1574147030814.0,0.0649,-0.0154,0.1061,21.0976,-94.0244,-8.2927
1574147030815.0,0.1063,-0.0172,0.113,17.9268,-117.622,-8.2927
1574147030857.0,0.1364,-0.0183,0.1188,12.2561,-117.1951,-5.122
1574147030858.0,0.1273,-0.0151,0.1195,9.8171,-92.9268,0.7317
1574147030858.0,0.095,-0.0164,0.1151,13.2927,-61.2805,4.6951
1574147030859.0,0.0706,-0.0175,0.1094,11.1585,-47.439,7.378
1574147030901.0,0.064,-0.019,0.1151,6.2805,-62.8659,7.622
1574147030902.0,0.0666,-0.0153,0.123,-1.1585,-100.9146,8.1098
1574147030903.0,0.0771,-0.0117,0.1143,-8.8415,-151.7683,9.7561
1574147030903.0,0.0823,-0.017,0.1191,-22.1951,-201.6463,15.2439
1574147030904.0,0.0869,-0.0243,0.1328,-37.5,-217.7439,14.8171
1574147030946.0,0.0801,-0.0228,0.134,-49.7561,-194.4512,11.4634
1574147030947.0,0.0779,-0.0248,0.1287,-59.4512,-169.6951,16.0976
1574147030948.0,0.0814,-0.0315,0.1149,-70.0,-160.9146,17.622
1574147030948.0,0.0825,-0.0381,0.0954,-80.1829,-169.6342,17.378
1574147030992.0,0.078,-0.0411,0.073,-88.5976,-181.3415,17.9878
1574147030993.0,0.0786,-0.0462,0.0496,-91.0366,-180.2439,18.0488
1574147030993.0,0.1024,-0.0559,0.0238,-87.622,-171.7073,16.0976
1574147030994.0,0.1428,-0.0571,0.0076,-78.2927,-163.7195,18.7195
1574147030995.0,0.1768,-0.0551,0.0153,-64.8781,-147.8049,30.1829
1574147031037.0,0.1816,-0.0599,0.0242,-53.6585,-116.5244,37.439
1574147031038.0,0.1523,-0.0596,0.0273,-46.2195,-70.4268,37.0732
1574147031039.0,0.1246,-0.0486,0.0383,-35.3659,-15.5488,36.8293
1574147031039.0,0.1225,-0.0435,0.0484,-21.4024,33.7195,35.4878
1574147031082.0,0.1335,-0.0372,0.0529,-13.7195,71.7073,37.6829
1574147031083.0,0.1301,-0.0347,0.052,-6.8293,107.1341,51.5244
1574147031084.0,0.1101,-0.04,0.0482,0.4878,143.3537,58.6585
1574147031084.0,0.076,-0.0429,0.0505,4.8171,173.8415,55.8537
1574147031085.0,0.0554,-0.0409,0.0507,12.378,186.4634,51.4634
1574147031127.0,0.0578,-0.035,0.0559,22.622,173.9634,49.8781
1574147031127.0,0.0725,-0.0238,0.0753,27.1341,139.2073,48.7195
1574147031128.0,0.0648,-0.0368,0.0899,27.9878,92.3781,54.0244
1574147031129.0,0.0612,-0.0357,0.0816,14.2073,45.3659,41.9512
1574147031130.0,0.0746,-0.0206,0.0734,19.7561,30.122,29.2683
1574147031172.0,0.0916,-0.024,0.0728,29.2073,26.8902,31.5854
1574147031173.0,0.1006,-0.0307,0.0766,24.0244,22.2561,34.2073
1574147031173.0,0.1044,-0.0331,0.0865,21.0976,28.9634,39.5122
1574147031174.0,0.1023,-0.0365,0.0887,25.0,47.5,41.2805
1574147031217.0,0.0848,-0.0408,0.0776,30.2439,64.3902,40.3659
1574147031218.0,0.0667,-0.0463,0.0671,35.8537,70.2439,40.9756
1574147031219.0,0.0612,-0.0443,0.0704,42.8049,66.3415,36.7073
1574147031219.0,0.0713,-0.0415,0.0784,48.2317,49.3902,29.878
1574147031220.0,0.0775,-0.0378,0.093,46.2805,28.1098,25.6098
1574147031262.0,0.0699,-0.033,0.1014,45.2439,20.061,21.8902
1574147031263.0,0.0647,-0.0341,0.1011,45.4268,24.5122,14.3902
1574147031264.0,0.0707,-0.0333,0.1016,42.5,25.0,12.1951
1574147031307.0,0.077,-0.032,0.0909,38.9024,15.061,20.3049
1574147031308.0,0.0765,-0.0291,0.083,39.1463,3.6585,20.9756
1574147031308.0,0.0676,-0.0275,0.0778,38.2927,-2.9268,12.378
1574147031309.0,0.0645,-0.0268,0.0793,38.4756,-10.122,5.3659
1574147031310.0,0.074,-0.0237,0.0859,39.5122,-19.2683,2.378
1574147031311.0,0.0966,-0.0232,0.0935,40.8537,-22.6829,-0.122
1574147031352.0,0.1073,-0.0206,0.1066,40.2439,-13.2927,-1.4024
1574147031353.0,0.0944,-0.0176,0.1077,39.7561,2.6829,1.5854
1574147031353.0,0.0771,-0.0178,0.0959,37.7439,15.3049,2.561
1574147031354.0,0.0695,-0.0148,0.0833,36.8293,12.8049,2.561
1574147031397.0,0.0846,-0.0157,0.0822,36.6463,-9.0854,2.1341
1574147031398.0,0.1093,-0.0165,0.0889,33.7805,-36.2195,0.6098
1574147031399.0,0.1224,-0.0219,0.0979,30.3049,-41.2805,2.9268
1574147031399.0,0.1168,-0.0272,0.1007,26.4024,-14.3293,9.2073
1574147031400.0,0.0971,-0.0289,0.0987,26.4634,23.0488,15.5488
1574147031442.0,0.0775,-0.03,0.0957,26.5244,47.561,16.0976
1574147031443.0,0.0635,-0.0275,0.0907,25.6098,54.2683,12.7439
1574147031444.0,0.0591,-0.0223,0.0909,24.5732,46.7073,9.878
1574147031444.0,0.0772,-0.032,0.1011,22.378,27.2561,10.061
1574147031487.0,0.1019,-0.038,0.1028,15.6098,7.378,13.5366
1574147031488.0,0.0961,-0.0324,0.1078,15.1829,12.0732,19.4512
1574147031488.0,0.0737,-0.0318,0.1041,20.0,38.9024,17.1951
1574147031489.0,0.069,-0.0374,0.0988,20.4878,56.1585,12.0732
1574147031490.0,0.0724,-0.0402,0.0949,17.622,49.8171,15.5488
1574147031532.0,0.0728,-0.0433,0.0928,18.3537,37.7439,17.6829
1574147031533.0,0.0695,-0.0419,0.0959,21.9512,34.8171,17.3171
1574147031534.0,0.0637,-0.0382,0.0987,26.0976,35.7317,18.6585
1574147031534.0,0.0665,-0.0343,0.104,28.7805,33.4146,18.5366
1574147031535.0,0.0877,-0.031,0.1053,29.3902,23.8415,15.2439
1574147031577.0,0.1078,-0.0287,0.1092,28.9024,17.6829,13.4756
1574147031578.0,0.1049,-0.0222,0.1133,30.3049,28.4146,15.6098
1574147031579.0,0.08,-0.0161,0.1152,31.5854,55.9756,15.9146
1574147031579.0,0.0558,-0.0116,0.1082,30.6707,82.622,11.8293
1574147031622.0,0.0472,-0.01,0.1014,26.7683,89.2683,10.122
1574147031623.0,0.0488,-0.0096,0.1011,22.7439,76.6463,12.9268
1574147031624.0,0.0515,-0.0081,0.1078,22.5,61.3415,15.7927
1574147031624.0,0.05,-0.0079,0.1102,22.7439,50.7927,14.3902
1574147031625.0,0.0528,-0.0089,0.1035,22.5,44.8171,10.4268
1574147031667.0,0.0626,-0.0073,0.1057,23.1098,44.1463,8.1707
1574147031668.0,0.0654,-0.0018,0.1129,24.8171,46.9512,6.1585
1574147031669.0,0.0519,0.0012,0.1216,24.6951,51.6463,2.9268
1574147031670.0,0.0392,0.0048,0.1262,22.3171,56.0366,-2.9268
1574147031712.0,0.0458,0.0079,0.1276,17.1951,51.0976,-6.4024
1574147031713.0,0.0594,0.0089,0.1274,9.6951,32.0732,-6.0366
1574147031715.0,0.0721,0.0079,0.1207,2.6829,11.1585,-5.9146
1574147031716.0,0.0785,0.0065,0.1162,-2.1951,-1.8902,-4.2683
1574147031717.0,0.0745,0.0021,0.1089,-4.5122,-5.2439,-1.3415
1574147031756.0,0.0726,-0.0039,0.0936,-4.6951,-4.0244,2.5
1574147031757.0,0.08,-0.0148,0.081,-2.8659,-8.0488,8.9024
1574147031758.0,0.0898,-0.0318,0.0768,2.7439,-19.8171,15.3049
1574147031758.0,0.0938,-0.0425,0.0828,10.3659,-29.4512,21.2805
1574147031801.0,0.0808,-0.0485,0.0944,18.7805,-27.5,25.4878
1574147031802.0,0.0632,-0.0524,0.0995,24.0244,-13.9024,25.9146
1574147031803.0,0.0538,-0.0533,0.1004,26.9512,0.4268,28.3537
1574147031803.0,0.0472,-0.0533,0.1016,27.9268,4.5732,30.2439
1574147031804.0,0.0399,-0.0549,0.1047,26.2195,4.878,26.9512
1574147031847.0,0.032,-0.056,0.1081,22.622,8.1707,21.8293
1574147031847.0,0.0263,-0.0533,0.1074,19.8171,12.2561,17.439
1574147031848.0,0.0277,-0.0488,0.1067,18.5366,13.2317,11.9512
1574147031848.0,0.0419,-0.0447,0.1088,16.6463,8.1707,4.8171
1574147031849.0,0.0616,-0.0355,0.1149,14.7561,1.8293,-2.0732
1574147031892.0,0.0641,-0.0252,0.1232,14.4512,5.4268,-7.622
1574147031893.0,0.0556,-0.0197,0.126,12.2561,24.878,-14.5122
1574147031893.0,0.0411,-0.0092,0.1326,9.1463,49.2683,-19.939
1574147031894.0,0.028,-0.0008,0.1339,6.8293,63.3537,-21.2195
1574147031937.0,0.0309,0.0052,0.1324,2.7439,63.1707,-24.8171
1574147031938.0,0.0463,0.0139,0.1349,-2.9878,50.061,-27.1341
1574147031938.0,0.0585,0.0208,0.1348,-8.8415,31.4634,-28.4146
1574147031939.0,0.0642,0.0261,0.1281,-13.9634,14.8171,-29.7561
1574147031940.0,0.0651,0.0279,0.1165,-16.9512,0.7317,-27.622
1574147031981.0,0.0748,0.0258,0.1,-18.5366,-15.0,-24.2683
1574147031982.0,0.0885,0.0248,0.0923,-19.1463,-27.8659,-18.1707
1574147031983.0,0.093,0.0204,0.0943,-16.4634,-31.5854,-10.1829
1574147031983.0,0.0841,0.0159,0.1,-8.7805,-25.2439,-3.6585
1574147032026.0,0.0716,0.0081,0.1057,-4.0244,-18.4146,3.2927
1574147032027.0,0.0698,0.0032,0.1044,-0.6707,-20.8537,5.9146
1574147032028.0,0.0717,-0.0032,0.1013,2.6829,-31.6463,9.6951
1574147032028.0,0.0706,-0.0162,0.1022,3.9634,-44.6341,14.3293
1574147032029.0,0.0746,-0.0314,0.1028,3.8415,-51.3415,16.6463
1574147032072.0,0.0848,-0.0431,0.0998,3.9024,-48.3537,18.8415
1574147032073.0,0.0795,-0.0499,0.1018,6.1585,-37.439,21.7683
1574147032074.0,0.0621,-0.0578,0.1044,9.8171,-20.1829,23.0488
1574147032074.0,0.0463,-0.0645,0.1046,10.6707,-3.2927,21.5244
1574147032117.0,0.0309,-0.0682,0.1039,9.5732,1.6463,20.2439
1574147032118.0,0.0299,-0.0687,0.1009,7.9878,-1.7683,16.1585
1574147032119.0,0.0366,-0.0638,0.1042,5.1829,-6.4634,11.3415
1574147032119.0,0.0359,-0.0593,0.1056,2.0122,-9.0854,5.9756
1574147032120.0,0.0382,-0.0541,0.1048,-0.4268,-5.8537,-2.6829
1574147032162.0,0.0463,-0.0484,0.1051,-2.439,-1.2805,-8.5976
1574147032163.0,0.0535,-0.0454,0.1118,-3.6585,2.0732,-10.4268
1574147032164.0,0.0599,-0.0423,0.1194,-4.4512,8.1707,-11.7073
1574147032164.0,0.0645,-0.034,0.1254,-5.3659,14.6341,-13.7195
1574147032165.0,0.0626,-0.0239,0.1292,-5.6707,22.2561,-16.0366
1574147032207.0,0.0629,-0.014,0.1308,-6.2805,31.0366,-19.5122
1574147032208.0,0.0637,-0.0023,0.1352,-8.4146,36.8902,-21.1585
1574147032208.0,0.0623,0.0074,0.1327,-10.6098,40.9146,-20.5488
1574147032209.0,0.0616,0.0162,0.1281,-12.7439,41.7683,-18.9024
1574147032252.0,0.0648,0.0219,0.1249,-13.6585,34.4512,-18.3537
1574147032253.0,0.0723,0.0245,0.1198,-13.2927,22.9878,-17.8659
1574147032254.0,0.0833,0.0253,0.1139,-12.378,14.878,-13.9024
1574147032255.0,0.0842,0.0273,0.1105,-10.3659,12.3171,-7.5
1574147032256.0,0.077,0.0251,0.1114,-6.8293,15.6098,-4.5732
1574147032297.0,0.0677,0.0233,0.113,-3.9634,19.939,-0.9756
1574147032298.0,0.0609,0.0211,0.1136,-2.561,17.622,3.1098
1574147032299.0,0.0631,0.0176,0.1104,-1.7683,8.8415,5.061
1574147032300.0,0.0706,0.011,0.1065,-1.0366,-2.8659,7.0732
1574147032342.0,0.07,-0.0012,0.1026,-2.378,-11.0366,10.7927
1574147032343.0,0.0638,-0.0153,0.0988,-1.5854,-13.9024,13.4756
1574147032344.0,0.0595,-0.0261,0.0934,0.4878,-14.3293,14.8171
1574147032344.0,0.0588,-0.0351,0.0918,2.1951,-16.7073,16.4024
1574147032345.0,0.0629,-0.0443,0.0952,5.061,-21.1585,17.439
1574147032387.0,0.0646,-0.0533,0.1044,7.561,-24.8171,17.8659
1574147032388.0,0.0627,-0.0607,0.1091,8.8415,-25.8537,17.8659
1574147032388.0,0.0582,-0.0654,0.106,8.4146,-25.061,18.7195
1574147032389.0,0.0522,-0.0687,0.0959,7.622,-23.4146,21.2195
1574147032432.0,0.0552,-0.0712,0.0898,6.4024,-25.3049,20.7317
1574147032433.0,0.0591,-0.0693,0.0923,6.5244,-26.2195,17.9878
1574147032434.0,0.0477,-0.0656,0.0957,7.5,-17.3171,18.0488
1574147032434.0,0.0316,-0.0588,0.0947,9.0854,2.0122,14.939
1574147032435.0,0.0226,-0.0505,0.0975,10.2439,16.2195,9.5732
1574147032477.0,0.0255,-0.0479,0.1041,9.1463,14.6951,4.2073
1574147032478.0,0.0341,-0.0432,0.1115,5.6098,5.4878,-0.122
1574147032479.0,0.039,-0.0368,0.1196,2.439,-1.5244,-0.7317
1574147032479.0,0.0478,-0.0316,0.1251,-0.3659,-3.4756,-4.3293
1574147032522.0,0.0564,-0.0232,0.1266,-3.9024,-4.878,-8.8415
1574147032523.0,0.0579,-0.0137,0.1252,-5.3659,-5.122,-12.622
1574147032524.0,0.0682,-0.0056,0.1192,-6.2805,-1.9512,-16.7073
1574147032525.0,0.0771,0.0051,0.1181,-7.1951,5.061,-17.622
1574147032526.0,0.0659,0.0128,0.1227,-7.439,17.378,-17.378
1574147032567.0,0.0519,0.0179,0.1271,-6.2805,34.4512,-22.8659
1574147032568.0,0.0493,0.0228,0.132,-6.8293,42.2561,-27.622
1574147032568.0,0.0528,0.0265,0.1344,-9.939,34.7561,-27.622
1574147032569.0,0.0587,0.0269,0.1323,-13.2927,22.0732,-25.2439
1574147032570.0,0.0693,0.0253,0.131,-15.7317,10.061,-23.4146
1574147032612.0,0.0745,0.0241,0.1271,-17.1951,1.4024,-22.6829
1574147032612.0,0.0767,0.0238,0.1227,-18.7195,-2.1341,-20.3049
1574147032613.0,0.0836,0.0206,0.1147,-19.4512,-3.7195,-15.2439
1574147032614.0,0.087,0.0137,0.1087,-20.5488,-7.0122,-9.5732
1574147032657.0,0.0806,0.006,0.1031,-18.5976,-7.0122,-5.122
1574147032658.0,0.0707,-0.0016,0.0983,-13.4756,-4.0854,-0.7927
1574147032658.0,0.0635,-0.0119,0.0937,-8.2317,-4.7561,3.1098
1574147032659.0,0.0632,-0.025,0.0929,-4.8171,-11.7073,6.8902
1574147032659.0,0.0645,-0.0366,0.0933,-2.0122,-19.8171,10.5488
1574147032702.0,0.0656,-0.0466,0.0949,1.5244,-26.4024,12.439
1574147032703.0,0.064,-0.0552,0.1003,5.122,-32.8049,12.2561
1574147032704.0,0.0632,-0.0661,0.1021,6.7073,-38.4756,11.6463
1574147032705.0,0.0696,-0.077,0.097,6.8293,-41.6463,12.378
1574147032747.0,0.0745,-0.0826,0.0953,6.8293,-40.3049,16.6463
1574147032748.0,0.0661,-0.0824,0.0985,8.1098,-29.878,18.4146
1574147032748.0,0.05,-0.0774,0.0985,9.5732,-11.5854,16.3415
1574147032749.0,0.0427,-0.0682,0.1018,10.4878,3.0488,13.4756
1574147032750.0,0.0354,-0.0574,0.1041,10.7927,4.3902,10.8537
1574147032792.0,0.0272,-0.0513,0.1017,9.3293,-0.7317,7.0732
1574147032793.0,0.0344,-0.0464,0.0992,6.7073,-3.3537,2.0732
1574147032793.0,0.0491,-0.0405,0.1042,5.2439,-5.3049,-0.5488
1574147032794.0,0.0502,-0.036,0.1124,4.878,-4.2073,-2.378
1574147032837.0,0.0462,-0.0294,0.118,4.2073,5.3049,-7.0122
1574147032838.0,0.0521,-0.0201,0.1262,3.4146,15.9146,-12.1951
1574147032839.0,0.0573,-0.0102,0.1346,1.4024,19.6341,-13.5976
1574147032839.0,0.0616,-0.0005,0.1362,-1.7683,20.5488,-13.3537
1574147032840.0,0.0737,0.0106,0.1355,-4.8171,22.0122,-15.5488
1574147032882.0,0.0858,0.0197,0.133,-7.5,22.9878,-17.7439
1574147032883.0,0.0799,0.0257,0.1298,-10.122,30.1829,-18.2927
1574147032884.0,0.0632,0.0276,0.1237,-11.4024,43.2927,-18.8415
1574147032885.0,0.0547,0.0288,0.1189,-11.5244,50.8537,-20.6098
1574147032886.0,0.0552,0.0281,0.1173,-11.5854,47.0122,-20.1829
1574147032927.0,0.0568,0.0234,0.1169,-13.8415,36.7073,-17.0122
1574147032972.0,0.0593,0.0162,0.1157,-14.1463,28.1098,-12.1341
1574147033016.0,0.063,0.0103,0.1134,-12.439,21.0366,-9.1463
1574147033017.0,0.0607,0.0063,0.1084,-10.6707,11.7073,-7.3171
1574147033018.0,0.057,-0.0024,0.0982,-9.8171,-4.3293,-6.7683
1574147033018.0,0.0695,-0.0173,0.0859,-8.8415,-27.8049,-5.7317
1574147033019.0,0.0947,-0.0359,0.0772,-7.7439,-51.2805,0.8537
1574147033020.0,0.1129,-0.0529,0.08,-2.8659,-62.439,11.0366
1574147033020.0,0.1154,-0.0643,0.0886,7.1341,-54.2073,19.7561
1574147033021.0,0.1019,-0.069,0.0981,17.9268,-33.4756,25.5488
1574147033021.0,0.0837,-0.0683,0.1013,25.2439,-13.7195,28.4756
1574147033022.0,0.0665,-0.0661,0.1013,28.3537,-3.0488,31.7683
1574147033062.0,0.0542,-0.0635,0.1004,28.4756,0.2439,34.8171
1574147033062.0,0.041,-0.0598,0.1013,27.378,-0.122,36.4634
1574147033063.0,0.0302,-0.0564,0.1008,25.4268,-3.5366,35.3659
1574147033063.0,0.0258,-0.0524,0.0966,21.9512,-7.7439,32.8049
1574147033064.0,0.0304,-0.0482,0.0953,18.2927,-12.9268,30.3049
1574147033065.0,0.0422,-0.0427,0.0977,16.0366,-20.3049,26.1585
1574147033107.0,0.0569,-0.0347,0.1068,13.5366,-22.9268,20.9146
1574147033108.0,0.0584,-0.0226,0.1171,12.3171,-11.2805,14.8171
1574147033108.0,0.041,-0.0137,0.1232,11.6463,12.561,6.3415
1574147033109.0,0.0283,-0.0048,0.1293,11.0976,35.0,-4.5122
1574147033152.0,0.0368,0.0033,0.1376,7.1341,37.6829,-14.3293
1574147033153.0,0.0442,0.0132,0.1418,-0.7927,27.1341,-17.9878
1574147033153.0,0.0414,0.0178,0.1421,-9.2683,20.0,-18.7195
1574147033154.0,0.0361,0.0213,0.1403,-15.9146,16.5244,-23.8415
1574147033155.0,0.0396,0.0246,0.1352,-22.439,8.7195,-29.3902
1574147033197.0,0.0476,0.0308,0.1257,-30.4268,-4.3902,-31.8293
1574147033198.0,0.0375,0.0358,0.1133,-37.9268,-22.1951,-32.7439
1574147033199.0,0.0171,0.0359,0.0952,-43.2317,-41.0366,-39.0244
1574147033200.0,0.0099,0.0374,0.0787,-46.6463,-60.6707,-47.8049
1574147033200.0,0.018,0.0372,0.0701,-50.4268,-90.2439,-49.6341
1574147033242.0,0.0385,0.0353,0.0739,-53.7195,-133.7195,-48.5976
1574147033243.0,0.0674,0.0318,0.0787,-57.8659,-182.6829,-52.2561
1574147033244.0,0.0947,0.0227,0.0921,-64.7561,-223.4146,-57.561
1574147033245.0,0.1129,0.0108,0.103,-72.8049,-246.6463,-57.5
1574147033287.0,0.1252,-0.0014,0.1041,-83.6585,-255.3659,-51.8293
1574147033288.0,0.1312,-0.0131,0.1014,-97.439,-255.8537,-49.2683
1574147033289.0,0.1306,-0.0237,0.0942,-109.2683,-247.9268,-47.8659
1574147033289.0,0.1211,-0.0284,0.0883,-117.1951,-232.3781,-45.1829
1574147033290.0,0.1093,-0.0305,0.0721,-122.3781,-219.7561,-42.0732
1574147033332.0,0.116,-0.0361,0.0525,-128.0488,-216.9512,-40.0
1574147033333.0,0.1276,-0.0373,0.0411,-129.0244,-211.8902,-34.3293
1574147033333.0,0.1167,-0.0388,0.0468,-123.9024,-196.9512,-24.0854
1574147033334.0,0.0847,-0.0413,0.041,-120.3659,-180.0,-17.0122
1574147033377.0,0.0817,-0.0447,0.0349,-117.0732,-173.2927,-16.2195
1574147033378.0,0.105,-0.0473,0.0284,-114.2683,-183.2927,-21.1585
1574147033379.0,0.1243,-0.0511,0.0238,-116.7073,-198.0488,-19.0854
1574147033380.0,0.1254,-0.0538,0.0352,-119.6341,-196.2195,-16.2805
1574147033380.0,0.1188,-0.0533,0.0414,-119.5732,-181.7683,-17.5
1574147033422.0,0.1349,-0.0568,0.043,-119.1463,-167.3171,-19.1463
1574147033423.0,0.1495,-0.0546,0.0428,-118.9024,-150.3659,-15.0
1574147033424.0,0.1451,-0.0591,0.0353,-115.7927,-117.561,-8.6585
1574147033425.0,0.1367,-0.0634,0.0309,-110.3049,-69.0854,-11.4634
1574147033467.0,0.1352,-0.056,0.0365,-100.9756,-24.0854,-12.378
1574147033468.0,0.131,-0.0496,0.0334,-95.9756,3.1707,-12.6829
1574147033469.0,0.1219,-0.0499,0.0182,-95.9756,21.4634,-14.8171
1574147033469.0,0.1068,-0.0507,0.0198,-91.7073,46.2805,-15.9756
1574147033470.0,0.0857,-0.0494,0.0268,-83.4756,74.0854,-20.3049
1574147033512.0,0.1122,-0.0498,0.0154,-76.7073,81.5244,-26.5244
1574147033513.0,0.1392,-0.0516,0.0178,-69.7561,83.4756,-26.0366
1574147033514.0,0.1392,-0.0572,0.0245,-63.3537,87.622,-22.622
1574147033514.0,0.1387,-0.0595,0.0325,-58.7805,104.6341,-26.2195
1574147033557.0,0.1387,-0.0526,0.0485,-52.8659,124.8781,-30.0
1574147033558.0,0.1331,-0.0459,0.0505,-50.6707,143.7805,-29.4512
1574147033559.0,0.1259,-0.0463,0.0395,-50.0,171.2805,-27.561
1574147033559.0,0.1091,-0.0465,0.041,-46.2195,198.7195,-30.9146
1574147033560.0,0.1042,-0.0442,0.0446,-37.1951,212.1951,-33.3537
1574147033602.0,0.1094,-0.043,0.0485,-32.0732,208.2927,-34.939
1574147033603.0,0.1231,-0.0431,0.0565,-34.3293,192.0732,-34.6951
1574147033604.0,0.1363,-0.0435,0.0668,-35.5488,189.6951,-37.3171
1574147033605.0,0.1332,-0.0406,0.0663,-35.4268,196.4634,-38.7195
1574147033605.0,0.1131,-0.0391,0.0626,-34.6951,207.6829,-35.3049
1574147033647.0,0.0992,-0.0402,0.0669,-32.8659,213.2927,-36.6463
1574147033648.0,0.0903,-0.0386,0.0673,-30.9146,199.0854,-39.7561
1574147033648.0,0.0897,-0.0405,0.0627,-30.6098,165.9146,-38.4756
1574147033649.0,0.0881,-0.0427,0.0618,-31.9512,125.4268,-37.3171
1574147033692.0,0.0787,-0.0421,0.0649,-33.4756,90.9146,-37.561
1574147033693.0,0.0773,-0.0356,0.0703,-32.2561,67.7439,-39.6341
1574147033694.0,0.0869,-0.028,0.0718,-29.1463,42.9878,-38.4146
1574147033694.0,0.1045,-0.0276,0.0703,-27.8659,19.0244,-35.6707
1574147033695.0,0.1201,-0.0309,0.07,-25.6707,10.061,-31.1585
1574147033737.0,0.1169,-0.0329,0.067,-22.5,15.2439,-26.2805
1574147033738.0,0.1006,-0.0309,0.071,-15.6707,26.2195,-22.0122
1574147033739.0,0.1003,-0.032,0.0803,-10.7317,27.622,-19.4512
1574147033740.0,0.1167,-0.0359,0.0845,-11.6463,16.8902,-16.7073
1574147033782.0,0.1181,-0.0353,0.0849,-13.3537,2.7439,-11.0366
1574147033783.0,0.0948,-0.0313,0.0835,-13.5976,-7.9268,-7.9878
1574147033784.0,0.0746,-0.0283,0.0788,-12.8049,-17.9878,-11.2805
1574147033784.0,0.086,-0.0344,0.0708,-16.6463,-42.5,-11.9512
1574147033785.0,0.0974,-0.0344,0.0723,-23.0488,-68.3537,-11.3415
1574147033827.0,0.0881,-0.0303,0.0699,-21.2805,-78.6585,-8.7195
1574147033828.0,0.0892,-0.0328,0.0616,-19.7561,-81.7073,-7.9268
1574147033829.0,0.1024,-0.0392,0.0616,-20.061,-84.0854,-10.3659
1574147033829.0,0.1125,-0.0458,0.0511,-19.6341,-80.9146,-14.0854
1574147033872.0,0.1102,-0.0328,0.0527,-18.2927,-67.0732,-20.5488
1574147033873.0,0.0927,-0.0234,0.0491,-8.2317,-50.1829,-20.5488
1574147033874.0,0.095,-0.0267,0.0361,-3.5976,-47.6829,-25.0
1574147033875.0,0.0931,-0.0195,0.0323,-0.9756,-50.5488,-27.0732
1574147033875.0,0.0823,-0.0211,0.0432,11.2195,-49.7561,-20.3659
1574147033917.0,0.0961,-0.0245,0.0581,15.061,-48.8415,-19.5732
1574147033918.0,0.1168,-0.0168,0.0706,15.0,-49.5732,-20.061
1574147033962.0,0.124,-0.0153,0.0801,18.3537,-42.5,-16.7683
1574147033963.0,0.1171,-0.0202,0.079,18.2317,-24.3902,-15.7317
1574147033964.0,0.1044,-0.024,0.0737,15.5488,-3.7805,-17.5
1574147033964.0,0.0959,-0.0232,0.0693,13.2927,9.5732,-21.6463
1574147033965.0,0.0905,-0.0215,0.0682,11.4634,10.061,-26.9512
1574147033966.0,0.0906,-0.0226,0.064,8.2317,1.6463,-31.2805
1574147033967.0,0.098,-0.0198,0.0627,6.3415,-4.5122,-33.4146
1574147034007.0,0.1158,-0.0143,0.0602,7.1341,-10.4268,-33.8415
1574147034008.0,0.1285,-0.0111,0.0588,9.0244,-3.7195,-34.6341
1574147034009.0,0.1366,-0.0146,0.06,10.3659,24.1463,-32.5
1574147034009.0,0.1357,-0.017,0.0662,13.9024,60.9756,-28.9634
1574147034010.0,0.12,-0.0145,0.0662,19.7561,94.8171,-23.5976
1574147034052.0,0.0974,-0.0122,0.0613,25.0,116.7683,-19.3902
1574147034052.0,0.0753,-0.0098,0.0589,29.2683,119.6951,-19.6951
1574147034053.0,0.066,-0.0095,0.0574,34.2683,103.9024,-19.6951
1574147034053.0,0.1025,-0.0024,0.084,35.8537,73.5366,-18.1707
1574147034097.0,0.1515,-0.0177,0.0999,35.4268,32.439,-7.2561
1574147034097.0,0.1694,-0.0264,0.0999,16.6463,-15.061,0.0
1574147034098.0,0.1458,-0.0196,0.0953,7.9878,-4.0244,-2.8049
1574147034098.0,0.1044,-0.0197,0.0863,12.6829,45.9756,-2.0122
1574147034099.0,0.0843,-0.0292,0.079,12.0732,71.6463,-1.4634
1574147034142.0,0.0858,-0.0327,0.08,6.9512,60.6098,-2.5
1574147034143.0,0.0929,-0.0267,0.085,2.0732,33.8415,0.8537
1574147034144.0,0.0934,-0.0204,0.0828,1.2805,14.0244,1.8293
1574147034145.0,0.0906,-0.0167,0.0786,1.7683,4.939,-1.0976
1574147034187.0,0.0914,-0.0209,0.0773,1.6463,-0.6098,-3.5976
1574147034187.0,0.0988,-0.0233,0.0784,1.8902,-9.0244,-5.7927
1574147034188.0,0.1125,-0.0182,0.0786,3.2317,-14.6951,-6.9512
1574147034188.0,0.1213,-0.012,0.0775,7.0122,-10.9756,-4.939
1574147034189.0,0.1188,-0.008,0.075,9.7561,4.3293,-0.8537
1574147034232.0,0.1064,-0.0054,0.0806,12.9878,25.061,2.2561
1574147034232.0,0.1009,-0.0048,0.0911,16.0366,41.1585,3.1098
1574147034233.0,0.1013,-0.0126,0.0886,16.6463,44.3293,6.8293
1574147034277.0,0.0975,-0.0064,0.0783,13.6585,37.0122,7.5
1574147034277.0,0.0705,-0.0035,0.0757,21.4024,44.7561,9.3902
1574147034278.0,0.0548,-0.0193,0.0735,23.4756,37.378,9.878
1574147034278.0,0.075,-0.0252,0.0742,16.0366,8.0488,1.5854
1574147034279.0,0.0947,-0.0172,0.0806,15.1829,-20.2439,1.2805
1574147034280.0,0.1035,-0.0133,0.0849,17.0732,-34.1463,2.1951
1574147034322.0,0.1121,-0.0073,0.0775,15.061,-30.4268,-1.5854
1574147034322.0,0.1188,-0.0005,0.0825,11.7073,-16.9512,-3.3537
1574147034323.0,0.1129,0.0014,0.0898,10.3659,-0.6707,-4.7561
1574147034323.0,0.1151,0.0028,0.0934,7.439,12.8659,-5.061
1574147034324.0,0.133,0.0101,0.0978,2.0732,18.0488,-3.6585
1574147034367.0,0.1483,0.0164,0.1002,-3.3537,16.8293,5.061
1574147034368.0,0.1482,0.02,0.092,-10.9756,18.8415,13.5976
1574147034369.0,0.128,0.0278,0.0881,-16.5854,24.5732,19.0244
1574147034369.0,0.1119,0.0281,0.0911,-22.1951,22.0732,21.8902
1574147034412.0,0.0988,0.027,0.0889,-33.7805,5.3049,25.7927
1574147034413.0,0.0954,0.0225,0.0844,-45.3049,-19.4512,31.7073
1574147034414.0,0.1146,0.0131,0.0779,-55.5488,-42.1341,36.5854
1574147034415.0,0.1328,0.012,0.0726,-63.7805,-55.5488,43.1707
1574147034415.0,0.1346,0.0159,0.0663,-70.5488,-55.7317,50.1829
1574147034457.0,0.1215,0.0164,0.0494,-78.3537,-41.4634,54.2073
1574147034458.0,0.1022,0.0091,0.0323,-81.0976,-17.9878,57.1341
1574147034459.0,0.0875,-0.0062,0.0214,-77.1951,0.6098,61.1585
1574147034459.0,0.0813,-0.0255,0.0135,-70.2439,2.439,64.6341
1574147034502.0,0.0825,-0.0375,0.0097,-59.939,-7.0122,66.5244
1574147034503.0,0.0866,-0.0496,0.0118,-44.3293,-14.6951,69.6951
1574147034504.0,0.0883,-0.0643,0.0213,-26.8293,-17.7439,71.8293
1574147034505.0,0.0885,-0.0745,0.036,-8.1707,-17.0122,73.7805
1574147034505.0,0.0898,-0.0764,0.0486,12.2561,-10.9756,76.5244
1574147034547.0,0.0853,-0.0714,0.0582,33.4146,-2.5,79.4512
1574147034548.0,0.0756,-0.071,0.0676,54.1463,2.2561,83.5366
1574147034549.0,0.077,-0.0848,0.0788,70.3659,0.7317,86.6463
1574147034549.0,0.0778,-0.0929,0.0888,81.2805,-10.7317,91.0976
1574147034592.0,0.0735,-0.0908,0.0927,91.5244,-23.0488,101.8902
1574147034593.0,0.0732,-0.0864,0.0908,105.3659,-35.3659,101.8902
1574147034594.0,0.0591,-0.0814,0.0869,117.8049,-46.4024,91.4634
1574147034594.0,0.0518,-0.0848,0.0927,124.3902,-61.2805,72.3781
1574147034595.0,0.0575,-0.0846,0.0945,115.0,-98.4756,55.061
1574147034637.0,0.0622,-0.0812,0.1028,105.4268,-117.561,50.8537
1574147034638.0,0.0672,-0.0864,0.0998,100.8537,-127.3171,31.5854
1574147034639.0,0.05,-0.0699,0.0768,97.8049,-98.6585,23.1707
1574147034640.0,0.0555,-0.0607,0.0737,100.7927,-85.8537,17.0122
1574147034640.0,0.0919,-0.0594,0.0617,99.1463,-86.0366,2.0732
1574147034682.0,0.1401,-0.0529,0.0727,94.4512,-75.3659,0.6098
1574147034683.0,0.1795,-0.0447,0.084,96.1585,-72.439,-1.2805
1574147034684.0,0.1777,-0.0326,0.0981,96.2195,-47.2561,3.7805
1574147034684.0,0.1375,-0.0228,0.1081,94.5732,-12.3171,7.1951
1574147034727.0,0.0922,-0.0225,0.1112,92.6829,23.9024,3.1098
1574147034728.0,0.0671,-0.023,0.1086,87.1951,35.2439,-2.9268
1574147034729.0,0.062,-0.0186,0.1024,77.7439,20.9756,-3.3537
1574147034730.0,0.0721,-0.0159,0.0936,67.6829,-6.2195,0.4268
1574147034730.0,0.0861,-0.0195,0.0765,57.3781,-30.4268,3.9634
1574147034772.0,0.1075,-0.0198,0.0579,53.0488,-43.0488,5.7317
1574147034773.0,0.1356,-0.0113,0.0566,56.8902,-41.2195,7.439
1574147034774.0,0.1503,-0.0097,0.0688,56.0976,-29.3293,6.4634
1574147034775.0,0.1465,-0.0089,0.0818,50.8537,-4.3902,3.8415
1574147034817.0,0.1275,-0.0037,0.0919,50.4878,35.9146,1.5854
1574147034818.0,0.1083,-0.004,0.0941,50.7927,77.8659,1.8293
1574147034819.0,0.0931,-0.0073,0.0885,48.7805,108.4756,5.1829
1574147034820.0,0.0844,-0.007,0.0834,48.3537,117.6829,10.3659
1574147034820.0,0.0832,-0.0088,0.079,46.8293,106.0976,14.3293
1574147034862.0,0.076,-0.0121,0.0669,43.5976,84.3293,12.9268
1574147034863.0,0.072,-0.0085,0.0664,44.0854,60.2439,10.122
1574147034864.0,0.0871,-0.0024,0.0726,45.0,37.8049,9.878
1574147034864.0,0.1047,-0.0011,0.0761,41.3415,19.4512,13.9634
1574147034907.0,0.1099,-0.0073,0.0815,37.7439,11.5244,20.061
1574147034908.0,0.1049,-0.0153,0.0871,36.5854,12.6829,18.8415
1574147034909.0,0.0994,-0.0215,0.0878,36.2195,15.6707,13.2927
1574147034909.0,0.1035,-0.0201,0.089,35.6098,17.8659,12.7439
1574147034910.0,0.1101,-0.0145,0.0894,35.8537,21.1585,15.9756
1574147034952.0,0.1094,-0.0133,0.0845,34.878,27.8659,16.5854
1574147034953.0,0.1016,-0.0109,0.0816,34.1463,40.061,15.8537
1574147034954.0,0.0916,-0.0073,0.0834,34.8171,50.9756,15.7927
1574147034954.0,0.0857,-0.0114,0.0842,32.8659,50.3049,13.2927
1574147034955.0,0.0817,-0.0147,0.087,27.3171,41.2195,10.7927
1574147034997.0,0.0813,-0.0135,0.0867,24.0854,32.8049,9.6341
1574147034998.0,0.0887,-0.0082,0.0911,25.5488,27.439,7.5
1574147034999.0,0.0946,-0.0049,0.0967,21.8293,26.1585,5.6707
1574147035000.0,0.1008,-0.0062,0.0962,13.7805,29.4512,4.3902
1574147035042.0,0.0989,-0.0103,0.088,9.4512,39.1463,5.8537
1574147035043.0,0.0964,-0.017,0.0798,12.0732,47.439,10.1829
1574147035044.0,0.1063,-0.009,0.0793,24.6951,46.7683,13.2317
1574147035045.0,0.1018,-0.0096,0.0829,27.622,43.2317,12.378
1574147035045.0,0.0802,-0.0166,0.0872,19.7561,51.8293,5.7317
1574147035087.0,0.0715,-0.016,0.1082,22.2561,66.7073,0.0
1574147035087.0,0.0874,-0.0146,0.1229,20.7927,60.061,-2.0732
1574147035088.0,0.1019,-0.0125,0.1099,7.1341,51.7683,-3.4756
1574147035088.0,0.0808,-0.0109,0.1028,0.7317,68.2317,0.8537
1574147035132.0,0.052,-0.0217,0.1089,0.9146,79.5122,-3.3537
1574147035132.0,0.0477,-0.0403,0.1158,-4.3293,61.4634,-15.4878
1574147035133.0,0.0578,-0.0433,0.1213,-12.7439,22.378,-20.6707
1574147035133.0,0.0753,-0.0411,0.1251,-11.2195,-9.4512,-20.7317
1574147035134.0,0.0859,-0.0427,0.1142,-8.9634,-23.2317,-14.939
1574147035222.0,0.0854,-0.0464,0.1055,-11.4634,-28.7805,-6.6463
1574147035223.0,0.0842,-0.055,0.1065,-11.8293,-28.1098,-6.0366
1574147035224.0,0.087,-0.0584,0.1076,-12.378,-28.9634,-7.378
1574147035225.0,0.0911,-0.0509,0.1088,-13.1707,-42.8049,-5.122
1574147035225.0,0.0877,-0.0355,0.1075,-12.8049,-67.6829,-3.5976
1574147035226.0,0.0961,-0.0264,0.108,-10.122,-94.1463,-3.7195
1574147035227.0,0.1091,-0.0206,0.095,-9.878,-109.6951,-2.0122
1574147035228.0,0.1227,-0.0067,0.0591,-9.0244,-103.0488,-0.6707
1574147035228.0,0.1094,0.0117,0.0432,-0.9756,-69.8781,1.8902
1574147035267.0,0.0786,0.0095,0.0341,7.2561,-35.9756,4.0244
1574147035268.0,0.0663,-0.0111,0.0236,5.4878,-20.9146,6.4024
1574147035269.0,0.0671,-0.013,0.0144,5.3049,-26.5244,12.0122
1574147035269.0,0.0699,-0.0005,0.0146,18.8415,-33.9634,11.5244
1574147035270.0,0.0729,0.0063,0.0292,29.0854,-28.1098,7.7439
1574147035312.0,0.0773,-0.0032,0.0553,34.6341,-9.2683,0.9756
1574147035313.0,0.1036,-0.0087,0.0576,35.4268,10.122,-4.939
1574147035314.0,0.1236,0.012,0.0592,46.4024,33.5976,-1.6463
1574147035315.0,0.0832,0.0208,0.0584,64.0244,84.0854,2.0732
1574147035357.0,0.0551,0.0117,0.0986,72.5,149.3293,-4.3293
1574147035358.0,0.007,0.0659,0.2906,77.622,186.2805,-10.6098
1574147035359.0,-0.013,0.0785,0.2563,58.9024,164.3902,-15.1829
1574147035360.0,0.1783,0.015,0.1355,-1.4634,46.7683,-39.7561
1574147035361.0,0.1803,0.0125,0.1039,-25.122,-17.378,-4.5732
1574147035402.0,0.0619,-0.0253,0.0768,1.7683,70.0,23.6585
1574147035403.0,0.0691,-0.0356,0.0654,1.6463,124.939,0.9146
1574147035404.0,0.101,-0.0016,0.0914,18.5976,101.7073,9.7561
1574147035405.0,0.0908,0.0234,0.114,40.4878,86.8293,35.7927
1574147035447.0,0.0696,0.0227,0.1149,45.7317,92.7439,40.0
1574147035448.0,0.0549,0.0123,0.1023,44.0244,93.3537,34.6341
1574147035449.0,0.0447,-0.0038,0.095,39.2073,85.9146,28.3537
1574147035449.0,0.0424,-0.0081,0.1018,35.6098,77.9268,28.1098
1574147035450.0,0.0452,0.0008,0.1038,35.9756,65.4878,29.8171
1574147035492.0,0.0428,0.0015,0.1125,38.5976,54.6951,22.9268
1574147035493.0,0.0627,-0.0063,0.1141,35.6098,45.8537,14.8171
1574147035494.0,0.0828,-0.0151,0.1246,28.6585,37.7439,13.7195
1574147035494.0,0.0744,-0.0214,0.1271,23.4756,41.4634,16.3415
1574147035537.0,0.0639,-0.0225,0.1197,19.8171,51.5854,16.7683
1574147035538.0,0.0622,-0.0201,0.1097,14.0244,51.9512,15.6098
1574147035539.0,0.0577,-0.0129,0.103,9.7561,51.8293,14.2073
1574147035539.0,0.0504,-0.0034,0.093,7.561,55.7317,14.6341
1574147035540.0,0.0452,0.0046,0.0994,5.4268,53.9024,12.378
1574147035582.0,0.0531,0.0124,0.1157,3.5366,41.8902,8.8415
1574147035583.0,0.0583,0.0219,0.1177,-2.7439,22.0732,9.5122
1574147035584.0,0.0546,0.02,0.1179,-7.1341,1.4024,11.6463
1574147035585.0,0.0549,0.0126,0.1147,-10.7927,-26.5854,13.1707
1574147035627.0,0.0451,0.0015,0.1036,-14.878,-57.439,19.939
1574147035628.0,0.033,-0.0118,0.0928,-15.6707,-80.122,23.1707
1574147035629.0,0.0341,-0.0206,0.0903,-16.7683,-103.4146,19.5732
1574147035629.0,0.0466,-0.0236,0.0854,-17.8659,-129.6951,10.7317
1574147035630.0,0.0786,-0.0258,0.0786,-20.0,-147.8049,0.6707
1574147035672.0,0.144,-0.0266,0.067,-21.8902,-132.7439,-5.9146
1574147035673.0,0.1827,-0.0278,0.0717,-13.3537,-64.5732,-6.8902
1574147035674.0,0.1558,-0.0306,0.0934,0.2439,38.5976,-0.4268
1574147035674.0,0.0789,-0.0103,0.1444,14.3902,138.3537,11.3415
1574147035675.0,0.0151,0.0143,0.1756,24.3293,186.4025,14.6951
1574147035717.0,0.0428,0.0129,0.1496,16.3415,153.3537,1.2195
1574147035718.0,0.083,-0.0095,0.1262,3.4146,87.561,-1.5244
1574147035719.0,0.0601,-0.0308,0.1144,1.0366,60.061,14.2683
1574147035720.0,0.0348,-0.0323,0.1052,4.0244,78.5976,19.3902
1574147035762.0,0.0306,-0.0258,0.1169,4.3293,98.9024,15.061
1574147035762.0,0.012,-0.0138,0.1213,6.0976,108.9024,9.0244
1574147035763.0,-0.0001,-0.0056,0.1138,8.3537,110.3659,0.9146
1574147035763.0,0.0292,-0.0046,0.1144,8.6585,87.439,-7.0122
1574147035764.0,0.0626,-0.0045,0.1173,7.6829,52.8659,-4.939
1574147035807.0,0.0657,-0.0022,0.1115,10.4878,40.2439,4.0244
1574147035808.0,0.0441,0.004,0.1002,16.9512,52.0732,7.0122
1574147035809.0,0.0312,0.0058,0.1037,22.439,59.2073,6.0976
1574147035809.0,0.0257,0.0067,0.1111,24.0244,45.9146,6.6463
1574147035852.0,0.0093,0.0035,0.1161,23.3537,24.5732,6.4634
1574147035853.0,0.0007,-0.0038,0.1193,20.061,1.1585,0.8537
1574147035854.0,0.0023,-0.0034,0.1152,13.7195,-26.2195,-5.7317
1574147035855.0,0.0033,-0.0001,0.1038,5.7927,-58.9634,-11.4024
1574147035855.0,0.0135,0.003,0.0936,-1.0366,-93.9024,-19.0244
1574147035897.0,0.0583,-0.0007,0.0892,-7.8659,-136.4024,-23.6585
1574147035898.0,0.0979,-0.0062,0.0845,-16.7073,-174.6951,-22.1341
1574147035899.0,0.1069,-0.007,0.0982,-20.7927,-180.1829,-16.3415
1574147035900.0,0.1001,-0.0018,0.1133,-18.9024,-149.8781,-12.1951
1574147035942.0,0.0956,-0.0008,0.1176,-22.0732,-118.0488,-6.5854
1574147035987.0,0.0872,-0.0012,0.1194,-26.6463,-92.561,-3.2317
1574147036032.0,0.0871,-0.0045,0.1326,-31.6463,-75.4878,-4.5122
1574147036033.0,0.0876,-0.0051,0.1432,-36.6463,-60.4268,-4.878
1574147036034.0,0.0762,-0.0025,0.1384,-40.8537,-49.2683,4.3902
1574147036035.0,0.0674,-0.0073,0.137,-41.0366,-50.6098,13.4756
1574147036035.0,0.0867,-0.0142,0.1377,-43.7195,-69.0244,15.0
1574147036036.0,0.1159,-0.0203,0.1454,-49.5732,-80.3659,16.4634
1574147036037.0,0.1129,-0.0259,0.1298,-54.1463,-57.1951,19.3293
1574147036038.0,0.1161,-0.0257,0.1044,-53.9634,-17.9268,23.2317
1574147036038.0,0.1078,-0.0225,0.1008,-48.4146,27.2561,27.7439
1574147036039.0,0.0706,-0.023,0.1085,-37.8659,68.7195,35.7927
1574147036077.0,0.0351,-0.0239,0.1017,-25.2439,98.4146,35.8537
1574147036078.0,0.0231,-0.0229,0.0914,-16.4024,103.4756,31.4024
1574147036079.0,0.0275,-0.0248,0.0911,-10.5488,80.4268,29.1463
1574147036080.0,0.0394,-0.0272,0.0966,-8.5976,45.7927,31.2195
1574147036080.0,0.0496,-0.0295,0.0992,-5.7317,20.0,30.3049
1574147036081.0,0.0527,-0.0297,0.0947,-2.378,16.2805,22.3171
1574147036082.0,0.0457,-0.0296,0.0932,1.4024,30.7927,13.5976
1574147036122.0,0.0411,-0.0309,0.0963,3.2927,48.2927,8.5976
1574147036123.0,0.0409,-0.028,0.0994,3.9024,56.3415,7.1341
1574147036124.0,0.0408,-0.0251,0.1003,5.4878,55.0,6.7073
1574147036125.0,0.0445,-0.0188,0.1057,10.2439,44.5732,-1.7683
1574147036167.0,0.039,-0.0137,0.1121,12.6829,21.9512,-12.0122
1574147036167.0,0.0354,-0.0133,0.1221,10.0,-3.8415,-16.4634
1574147036168.0,0.0367,-0.0101,0.1231,6.8293,-27.561,-14.5122
1574147036169.0,0.0452,-0.0137,0.118,3.6585,-51.4024,-12.622
1574147036169.0,0.0601,-0.0166,0.1147,-0.4878,-68.9024,-13.5976
1574147036212.0,0.0731,-0.0164,0.1135,-4.3293,-80.1829,-14.5122
1574147036212.0,0.0777,-0.0171,0.1144,-7.439,-80.7317,-15.6098
1574147036213.0,0.077,-0.0175,0.113,-10.2439,-72.0732,-15.122
1574147036214.0,0.0767,-0.0134,0.1125,-11.5244,-60.6098,-14.7561
1574147036257.0,0.075,-0.0107,0.1119,-10.9756,-49.2683,-13.9634
1574147036258.0,0.072,-0.012,0.1111,-11.3415,-41.5244,-13.7805
1574147036259.0,0.0703,-0.012,0.1082,-13.0488,-40.0,-13.4756
1574147036260.0,0.0715,-0.0114,0.1061,-14.6341,-45.061,-12.2561
1574147036261.0,0.0739,-0.0115,0.0981,-15.3049,-52.561,-10.4268
1574147036302.0,0.0786,-0.0141,0.0942,-16.3415,-56.7683,-7.9878
1574147036303.0,0.0785,-0.0134,0.0937,-15.9146,-55.0,-8.5976
1574147036303.0,0.0762,-0.0146,0.0906,-13.9634,-54.5122,-11.5854
1574147036303.0,0.0781,-0.0142,0.0855,-11.5854,-56.8902,-14.2683
1574147036304.0,0.0852,-0.0105,0.0816,-7.6829,-58.8415,-15.3049
1574147036347.0,0.0898,-0.0089,0.0828,-4.939,-57.439,-15.3659
1574147036348.0,0.0888,-0.007,0.0894,-6.5854,-46.0976,-14.6341
1574147036349.0,0.083,-0.0046,0.0818,-6.2805,-29.0244,-15.6707
1574147036350.0,0.0844,-0.006,0.0754,-4.939,-21.5244,-15.0
1574147036392.0,0.0818,-0.005,0.0829,-5.6707,-17.8049,-12.378
1574147036393.0,0.0764,-0.0079,0.0862,-7.2561,-19.5732,-10.1829
1574147036394.0,0.0789,-0.0057,0.0917,-7.8659,-30.1829,-12.1951
1574147036395.0,0.0875,-0.0018,0.1001,-5.6707,-49.5732,-13.3537
1574147036395.0,0.0979,-0.0055,0.1025,-6.6463,-65.6098,-13.4756
1574147036437.0,0.1049,-0.0124,0.1,-8.5976,-75.1829,-9.3293
1574147036438.0,0.1107,-0.0154,0.0963,-9.878,-77.8659,-0.7927
1574147036439.0,0.1154,-0.0148,0.0926,-7.561,-75.7317,5.4268
1574147036440.0,0.1154,-0.0161,0.0887,-7.1341,-73.5976,5.122
1574147036482.0,0.1017,-0.0187,0.0839,-8.2927,-63.0488,2.1951
1574147036483.0,0.088,-0.0178,0.0802,-7.439,-44.6341,0.5488
1574147036484.0,0.0819,-0.0157,0.0799,-4.8171,-29.0244,1.6463
1574147036485.0,0.076,-0.0164,0.0815,-4.4512,-23.4756,4.1463
1574147036485.0,0.0711,-0.0178,0.0812,-6.1585,-26.5244,4.2683
1574147036527.0,0.0651,-0.0146,0.076,-6.5854,-35.6707,0.4878
1574147036529.0,0.071,-0.0084,0.076,-3.3537,-50.0,-4.8171
1574147036530.0,0.0862,-0.0035,0.0784,-3.1098,-70.2439,-6.8293
1574147036531.0,0.0952,-0.0051,0.0801,-7.3171,-90.9756,-4.939
1574147036572.0,0.0969,-0.0103,0.0787,-12.622,-105.4268,-4.1463
1574147036573.0,0.0995,-0.0147,0.0754,-16.0976,-113.2927,-4.6341
1574147036574.0,0.1066,-0.0155,0.0746,-18.1098,-116.0976,-4.5732
1574147036575.0,0.1143,-0.0135,0.0753,-19.1463,-114.939,-3.1098
1574147036576.0,0.1193,-0.0125,0.0767,-19.8171,-108.9024,-0.4878
1574147036617.0,0.1215,-0.0133,0.0776,-21.2805,-98.0488,2.8659
1574147036617.0,0.1212,-0.0138,0.0779,-21.7073,-86.5244,6.7073
1574147036618.0,0.117,-0.0134,0.0743,-21.9512,-78.5976,10.9146
1574147036619.0,0.1063,-0.0135,0.0682,-22.1951,-74.7561,14.8171
1574147036662.0,0.0981,-0.0148,0.0623,-22.8049,-78.0488,16.0366
1574147036662.0,0.1008,-0.0174,0.0538,-24.2073,-86.4634,16.6463
1574147036663.0,0.0997,-0.0201,0.0507,-26.0366,-94.3902,19.7561
1574147036664.0,0.1069,-0.0241,0.0475,-27.7439,-107.8049,21.2805
1574147036664.0,0.1179,-0.0274,0.0458,-30.2439,-120.5488,20.061
1574147036707.0,0.1209,-0.0295,0.045,-32.0122,-127.5,18.5976
1574147036708.0,0.1216,-0.0292,0.0479,-31.2805,-125.4268,15.5488
1574147036709.0,0.123,-0.0284,0.0565,-28.8415,-118.4146,14.4512
1574147036709.0,0.1267,-0.0319,0.0646,-29.2683,-108.9634,15.122
1574147036710.0,0.1298,-0.0342,0.0676,-30.061,-94.2683,13.4146
1574147036752.0,0.1287,-0.0291,0.0664,-27.7439,-76.1585,14.6951
1574147036753.0,0.1227,-0.0273,0.0565,-26.4024,-59.4512,18.2317
1574147036754.0,0.1132,-0.0294,0.0488,-28.8415,-46.9512,17.9878
1574147036754.0,0.103,-0.0311,0.0477,-29.5122,-45.4268,13.9024
1574147036797.0,0.106,-0.0334,0.0434,-31.0366,-55.122,9.1463
1574147036798.0,0.1088,-0.0338,0.0425,-32.1341,-62.6829,6.7073
1574147036799.0,0.1111,-0.0337,0.0417,-32.439,-68.0488,6.4024
1574147036800.0,0.1163,-0.0331,0.0402,-32.8049,-69.5732,5.5488
1574147036801.0,0.1193,-0.0342,0.0378,-31.5854,-66.8902,3.0488
1574147036842.0,0.1205,-0.0356,0.0352,-30.7927,-61.8902,0.3049
1574147036843.0,0.1254,-0.0364,0.0311,-30.3049,-56.2805,-0.9146
1574147036844.0,0.1314,-0.0367,0.0266,-29.6341,-49.3293,-1.1585
1574147036845.0,0.1306,-0.0366,0.0248,-28.0488,-38.0488,0.2439
1574147036887.0,0.13,-0.0352,0.0229,-24.0854,-26.7073,2.622
1574147036888.0,0.1323,-0.0369,0.0196,-20.3049,-18.9634,3.8415
1574147036889.0,0.137,-0.04,0.017,-17.7439,-12.1951,3.2317
1574147036889.0,0.1401,-0.0382,0.0192,-14.0244,-3.3537,3.9634
1574147036890.0,0.139,-0.0342,0.0193,-9.0244,5.7927,7.0122
1574147036932.0,0.1382,-0.0368,0.0208,-5.7317,16.2195,8.4146
1574147036933.0,0.1428,-0.041,0.0247,-5.2439,25.4878,7.1951
1574147036934.0,0.1404,-0.039,0.0233,-4.0244,33.9024,8.9024
1574147036935.0,0.1261,-0.032,0.0219,1.1585,42.8049,10.4268
1574147036977.0,0.1108,-0.0286,0.0225,6.5244,45.6098,9.2073
1574147036978.0,0.1102,-0.0325,0.0259,6.6463,39.6341,7.5
1574147036979.0,0.1221,-0.0369,0.0303,4.2683,28.2927,6.5244
1574147036979.0,0.1272,-0.0373,0.0351,2.9878,22.1341,10.6098
1574147036980.0,0.1191,-0.0347,0.0374,4.1463,21.5854,14.7561
1574147037022.0,0.1143,-0.0312,0.0444,6.7073,15.6098,12.8049
1574147037023.0,0.1191,-0.0311,0.0519,6.0366,-1.2805,10.3659
1574147037024.0,0.1224,-0.0335,0.0557,2.1341,-18.7195,9.878
1574147037025.0,0.1282,-0.0363,0.0461,-0.5488,-31.2195,8.8415
1574147037026.0,0.1398,-0.036,0.0367,-1.4024,-36.2195,7.9878
1574147037067.0,0.1488,-0.0354,0.0409,1.0366,-35.6098,10.4268
1574147037068.0,0.1446,-0.0364,0.0424,1.2195,-23.7195,12.6829
1574147037069.0,0.1298,-0.0386,0.0396,2.0732,2.6829,12.9878
1574147037070.0,0.1213,-0.0405,0.044,3.5976,24.5732,13.7805
1574147037112.0,0.1138,-0.0394,0.0521,4.7561,31.4634,16.4024
1574147037113.0,0.1086,-0.0401,0.0514,4.8171,29.8171,17.8049
1574147037114.0,0.112,-0.0386,0.0438,3.5366,24.0854,15.8537
1574147037115.0,0.1174,-0.0386,0.0334,3.5366,14.2073,17.8049
1574147037115.0,0.1286,-0.0452,0.0341,1.6463,0.9756,18.7195
1574147037157.0,0.1335,-0.0485,0.041,-1.2805,-9.5732,18.1098
1574147037158.0,0.1301,-0.0453,0.0392,-1.6463,-9.0854,13.2927
1574147037159.0,0.1169,-0.0357,0.0312,1.5854,1.2195,9.0854
1574147037160.0,0.1069,-0.0324,0.0214,4.7561,5.061,11.2195
1574147037202.0,0.1087,-0.0369,0.0197,4.6341,-3.4756,14.2073
1574147037202.0,0.1161,-0.042,0.0283,4.2683,-14.939,15.061
1574147037204.0,0.1248,-0.0434,0.0322,5.6707,-23.7805,13.1707
1574147037204.0,0.1258,-0.0421,0.0323,8.1707,-26.2195,13.9634
1574147037205.0,0.1284,-0.0398,0.0286,9.5122,-24.6951,15.3659
1574147037247.0,0.1291,-0.0403,0.0217,11.4634,-18.9024,15.2439
1574147037247.0,0.1197,-0.0397,0.0281,13.4146,-9.878,15.6707
1574147037248.0,0.1061,-0.0355,0.0431,16.0976,-6.6463,13.5366
1574147037249.0,0.0976,-0.0365,0.0411,16.0976,-10.6707,8.7805
1574147037292.0,0.0969,-0.0377,0.0294,13.0488,-22.378,8.9634
1574147037293.0,0.1031,-0.0398,0.0229,11.9512,-40.3659,10.4268
1574147037294.0,0.1014,-0.0442,0.0194,12.622,-53.4146,8.7195
1574147037295.0,0.1036,-0.046,0.0179,12.6829,-56.7683,6.2195
1574147037296.0,0.1193,-0.0429,0.011,14.939,-56.4024,2.6829
1574147037337.0,0.135,-0.0441,0.0114,17.6829,-53.7805,2.561
1574147037338.0,0.1439,-0.0428,0.0115,19.0244,-43.4146,-0.6098
1574147037338.0,0.138,-0.0396,0.0131,24.5122,-18.2927,-0.4878
1574147037339.0,0.122,-0.0363,0.0236,28.0488,9.6341,1.5854
1574147037339.0,0.0995,-0.0361,0.0336,27.9268,26.6463,0.6707
1574147037382.0,0.0878,-0.0343,0.043,25.9146,26.2195,0.3049
1574147037383.0,0.0846,-0.0338,0.0452,22.378,10.2439,2.378
1574147037384.0,0.0908,-0.0323,0.0391,15.7927,-14.0244,1.8902
1574147037385.0,0.0991,-0.0306,0.0391,10.7927,-39.1463,-0.9146
1574147037427.0,0.1157,-0.0319,0.0359,4.8171,-61.6463,-4.6951
1574147037472.0,0.1289,-0.0311,0.0308,0.3659,-71.8902,-5.9756
1574147037473.0,0.1211,-0.0293,0.0377,-0.6098,-68.5366,-3.7195
1574147037474.0,0.1124,-0.0311,0.0374,-3.4146,-58.0488,-5.4268
1574147037475.0,0.1072,-0.0348,0.0389,-6.7683,-51.3415,-4.6341
1574147037476.0,0.0899,-0.0283,0.0452,-11.2195,-53.7195,-1.2195
1574147037476.0,0.0833,-0.026,0.0345,-15.0,-66.0976,-4.3902
1574147037477.0,0.0967,-0.0271,0.0167,-20.061,-89.3902,-7.2561
1574147037478.0,0.1053,-0.0296,0.014,-24.878,-119.7561,-5.2439
1574147037517.0,0.1052,-0.0345,0.0035,-31.4024,-145.1829,-8.5976
1574147037518.0,0.1025,-0.0381,-0.0085,-34.1463,-155.5488,-13.9024
1574147037519.0,0.1054,-0.04,-0.0197,-34.1463,-162.439,-15.1829
1574147037520.0,0.1126,-0.0397,-0.0283,-32.378,-168.0488,-17.1951
1574147037521.0,0.1173,-0.037,-0.0339,-30.3049,-167.2561,-19.4512
1574147037562.0,0.1237,-0.0354,-0.0419,-28.1098,-163.0488,-22.1951
1574147037563.0,0.1309,-0.0336,-0.0459,-24.2073,-154.7561,-23.2317
1574147037564.0,0.1342,-0.0343,-0.0479,-19.939,-141.4634,-21.3415
1574147037564.0,0.1342,-0.0389,-0.0477,-17.378,-126.4024,-21.6463
1574147037607.0,0.1382,-0.0458,-0.0513,-16.3415,-114.7561,-22.1951
1574147037608.0,0.1422,-0.0471,-0.0562,-14.3902,-105.2439,-21.8293
1574147037609.0,0.1479,-0.0459,-0.0591,-8.2927,-97.3781,-19.4512
1574147037610.0,0.1632,-0.0477,-0.0547,-1.2195,-89.2683,-16.2195
1574147037611.0,0.1559,-0.0511,-0.0527,4.2683,-74.8781,-12.0732
1574147037652.0,0.1492,-0.0535,-0.0662,7.6829,-60.4878,-11.1585
1574147037653.0,0.1557,-0.0497,-0.0693,16.2195,-42.439,-11.0366
1574147037654.0,0.1541,-0.0439,-0.0547,28.6585,-16.3415,-6.2805
1574147037655.0,0.1342,-0.0415,-0.033,37.9878,15.2439,-6.5244
1574147037697.0,0.1198,-0.0328,-0.0142,41.0976,38.2927,-11.2805
1574147037698.0,0.1125,-0.0311,-0.0125,45.9146,46.2195,-10.6098
1574147037699.0,0.1125,-0.0409,-0.0113,44.4512,39.0854,-5.122
1574147037700.0,0.0988,-0.0319,-0.0052,40.6707,26.5854,-7.8659
1574147037701.0,0.0918,-0.0229,-0.006,42.1341,10.7317,-15.3659
1574147037742.0,0.1031,-0.027,-0.0102,37.9878,-7.378,-17.2561
1574147037743.0,0.113,-0.0332,-0.0112,31.0366,-30.6098,-12.7439
1574147037744.0,0.1151,-0.0297,-0.0089,27.1951,-48.5366,-14.3293
1574147037745.0,0.1252,-0.0281,-0.0107,26.3415,-56.0366,-18.9024
1574147037747.0,0.1384,-0.0309,-0.0123,22.6829,-63.1707,-17.8659
1574147037787.0,0.1407,-0.0331,-0.0122,18.2317,-62.3781,-16.7073
1574147037788.0,0.1346,-0.0306,-0.0139,16.1585,-48.1707,-18.7805
1574147037789.0,0.1282,-0.0302,-0.0168,14.939,-32.1951,-15.9756
1574147037790.0,0.1262,-0.0319,-0.0114,11.7073,-20.4268,-14.1463
1574147037832.0,0.1234,-0.028,-0.0123,8.9634,-13.1707,-14.8171
1574147037833.0,0.1182,-0.0291,-0.016,9.1463,-3.7805,-12.622
1574147037834.0,0.1114,-0.0264,-0.0137,7.0732,3.7195,-15.7927
1574147037835.0,0.1135,-0.0256,-0.0151,6.6463,5.9146,-17.2561
1574147037836.0,0.1278,-0.0319,-0.0176,3.6585,8.4146,-18.1098
1574147037877.0,0.1231,-0.0294,-0.0201,-1.0366,15.3659,-19.878
1574147037878.0,0.1101,-0.0264,-0.0419,-2.378,20.4268,-23.2317
1574147037879.0,0.1154,-0.0216,-0.0246,-1.4024,18.1707,-29.1463
1574147037880.0,0.13,-0.0128,-0.0261,-0.4268,10.3049,-33.8415
1574147037922.0,0.1401,-0.0261,-0.0353,1.4024,14.3293,-30.3659
1574147037923.0,0.1422,-0.041,-0.043,-7.1341,19.878,-22.1951
1574147037924.0,0.1479,-0.0334,-0.0543,-7.8049,31.8293,-28.6585
1574147037925.0,0.159,-0.0261,-0.0566,5.9146,62.2561,-26.7683
1574147037926.0,0.1568,-0.0253,-0.0497,13.0488,94.4512,-20.1829
1574147037967.0,0.1421,-0.0287,-0.0446,14.4512,124.8781,-15.6707
1574147037968.0,0.1271,-0.03,-0.0373,16.2805,149.0244,-11.2805
1574147037969.0,0.118,-0.0263,-0.0206,20.8537,155.7927,-6.1585
1574147037970.0,0.1253,-0.0258,-0.0094,22.8049,146.7683,-2.622
1574147038012.0,0.1252,-0.0258,0.0,20.061,137.561,0.6707
1574147038013.0,0.124,-0.0265,-0.0084,15.4878,129.0854,3.6585
1574147038014.0,0.1285,-0.0261,-0.0143,14.0854,122.6829,7.8049
1574147038015.0,0.1302,-0.0267,-0.0156,13.3537,114.8171,14.6341
1574147038015.0,0.1286,-0.0305,-0.0205,10.9146,107.1951,18.4756
1574147038057.0,0.1265,-0.0316,-0.0106,11.3415,107.1341,19.1463
1574147038058.0,0.1295,-0.0325,0.0032,15.6707,111.4024,21.7683
1574147038059.0,0.1353,-0.0291,0.014,16.0366,119.5122,25.8537
1574147038060.0,0.1304,-0.024,0.0198,16.8902,127.6829,28.8415
1574147038061.0,0.1154,-0.0209,0.0186,15.3659,130.7927,29.0244
1574147038102.0,0.1033,-0.0207,0.0112,10.122,126.7073,25.5488
1574147038103.0,0.1047,-0.0274,0.0103,6.0366,115.8537,22.2561
1574147038104.0,0.1168,-0.0248,0.0191,3.7805,104.2683,21.4634
1574147038105.0,0.1208,-0.0231,0.0291,5.4268,96.6463,25.4878
1574147038147.0,0.103,-0.0275,0.0316,2.0122,90.1829,25.061
1574147038148.0,0.0856,-0.0289,0.0254,-2.2561,75.4268,17.0732
1574147038149.0,0.0837,-0.0247,0.0239,-2.7439,52.8049,11.4634
1574147038150.0,0.0951,-0.0261,0.0284,-2.7439,23.3537,9.3902
1574147038151.0,0.1111,-0.0314,0.0344,-6.9512,-5.9146,7.561
1574147038192.0,0.1229,-0.032,0.0457,-9.2073,-24.8171,7.561
1574147038193.0,0.1377,-0.0343,0.0403,-10.3049,-30.0,3.7195
1574147038194.0,0.1469,-0.0358,0.0284,-10.7317,-19.1463,1.1585
1574147038195.0,0.1417,-0.03,0.0244,-9.3293,0.7927,3.4146
1574147038237.0,0.1274,-0.028,0.0247,-5.6098,21.4634,3.4146
1574147038237.0,0.1165,-0.0319,0.0253,-4.0854,35.061,0.9146
1574147038238.0,0.1135,-0.0331,0.0261,-2.8049,37.0122,-1.0976
1574147038239.0,0.1174,-0.0301,0.0253,-0.4268,29.6341,-3.5366
1574147038239.0,0.1183,-0.0259,0.0286,1.7683,20.122,-5.5488
1574147038282.0,0.1191,-0.0274,0.0288,0.9756,12.9268,-5.4878
1574147038283.0,0.1206,-0.0298,0.0284,-2.8659,9.3902,-2.6829
1574147038284.0,0.1235,-0.0292,0.0302,-3.9024,9.1463,-1.7683
1574147038284.0,0.1255,-0.0296,0.0329,-3.2927,10.9146,-2.1951
1574147038327.0,0.1264,-0.0276,0.0342,-4.1463,13.2927,-2.1341
1574147038328.0,0.1259,-0.0276,0.0342,-3.7805,17.3171,0.2439
1574147038329.0,0.1287,-0.0284,0.0327,-3.6585,20.4268,3.9024
1574147038329.0,0.1312,-0.0316,0.0307,-3.3537,21.5244,8.5366
1574147038330.0,0.1297,-0.0329,0.0327,-3.4756,18.6585,9.2683
1574147038372.0,0.1259,-0.0298,0.0346,-4.7561,12.9878,5.7927
1574147038373.0,0.1246,-0.0275,0.0404,-5.6098,9.0854,4.2683
1574147038374.0,0.1303,-0.0305,0.0396,-6.9512,7.561,5.9146
1574147038374.0,0.1309,-0.036,0.0358,-9.3902,10.1829,10.4878
1574147038417.0,0.1229,-0.0363,0.0378,-12.1341,13.9024,12.5
1574147038418.0,0.1113,-0.0312,0.033,-10.4268,19.0244,11.7073
1574147038418.0,0.1033,-0.0383,0.0242,-7.8049,22.6829,15.6098
1574147038419.0,0.1043,-0.043,0.0233,-10.061,15.2439,15.5488
1574147038420.0,0.1104,-0.0424,0.0174,-8.1707,1.9512,14.0854
1574147038462.0,0.116,-0.0461,0.0128,-4.5122,-8.4146,14.6951
1574147038463.0,0.1261,-0.0474,0.019,-2.6829,-15.3659,11.4634
1574147038464.0,0.1301,-0.0449,0.0287,-0.3659,-15.8537,7.8049
1574147038464.0,0.1285,-0.0432,0.0313,0.7317,-10.1829,8.2317
1574147038465.0,0.1295,-0.0419,0.0303,2.2561,0.122,10.061
1574147038507.0,0.1289,-0.0424,0.0313,4.2073,10.9756,11.8902
1574147038508.0,0.1175,-0.0446,0.0305,4.5732,23.2927,10.9756
1574147038508.0,0.1091,-0.046,0.028,4.4512,33.6585,8.5976
1574147038509.0,0.1193,-0.0392,0.0286,7.0122,36.3415,7.622
1574147038552.0,0.1261,-0.0302,0.0334,13.9634,33.9024,10.0
1574147038553.0,0.121,-0.0305,0.0413,13.9634,35.1829,11.0366
1574147038553.0,0.113,-0.03,0.0441,10.122,40.122,7.0122
1574147038554.0,0.1112,-0.0279,0.0418,8.4756,38.8415,5.6707
1574147038555.0,0.1127,-0.0292,0.0401,6.7073,31.7073,6.4024
1574147038597.0,0.1143,-0.0325,0.0362,3.2927,23.4146,4.6341
1574147038598.0,0.1159,-0.0345,0.0354,0.4268,15.1829,3.7805
1574147038599.0,0.1198,-0.0396,0.0287,-2.0732,5.7927,3.8415
1574147038599.0,0.1255,-0.0459,0.0255,-3.5366,-1.9512,3.7805
1574147038642.0,0.129,-0.0402,0.0283,-1.0366,-0.3659,2.9878
1574147038643.0,0.1245,-0.0326,0.0363,4.4512,12.439,3.1098
1574147038644.0,0.122,-0.0352,0.0388,6.4634,23.9024,5.2439
1574147038644.0,0.1196,-0.0393,0.0422,4.939,27.8659,6.8902
1574147038645.0,0.1145,-0.0361,0.0507,4.5122,29.8171,7.2561
1574147038687.0,0.1168,-0.0363,0.0522,6.5854,33.1098,6.5854
1574147038688.0,0.1154,-0.0396,0.042,4.6951,36.8902,6.8293
1574147038689.0,0.1056,-0.0388,0.0366,3.7805,36.9512,5.9146
1574147038690.0,0.0969,-0.0375,0.0423,5.4268,32.9878,2.622
1574147038732.0,0.0952,-0.0372,0.0466,4.6951,28.1098,-0.061
1574147038733.0,0.1001,-0.0428,0.0442,4.1463,22.3171,-1.8293
1574147038734.0,0.1064,-0.0497,0.039,1.9512,12.0732,-3.9634
1574147038735.0,0.1121,-0.0524,0.0331,0.8537,-1.6463,-5.6707
1574147038735.0,0.1304,-0.0411,0.0289,5.9146,-15.8537,-7.7439
1574147038777.0,0.1278,-0.0405,0.0382,15.5488,-18.5976,0.3659
1574147038778.0,0.1184,-0.0433,0.0338,13.0488,-14.8171,0.6707
1574147038779.0,0.1224,-0.0403,0.0295,15.122,-7.622,-3.6585
1574147038780.0,0.1257,-0.0388,0.0375,20.9756,-4.878,0.122
1574147038781.0,0.1279,-0.0435,0.0374,20.4268,-4.0854,-0.2439
1574147038822.0,0.1275,-0.0453,0.0369,18.8415,1.7683,-1.5854
1574147038823.0,0.1133,-0.0364,0.0408,21.2805,15.061,-3.0488
1574147038824.0,0.0927,-0.0325,0.0389,27.7439,27.7439,-5.2439
1574147038825.0,0.0824,-0.0345,0.0378,28.2317,26.4024,-7.1951
1574147038867.0,0.0798,-0.0317,0.0459,27.6829,10.5488,-10.0
1574147038868.0,0.0887,-0.0285,0.0453,26.9512,-16.2195,-11.7683
1574147038869.0,0.101,-0.0229,0.0408,24.4512,-43.9024,-15.6707
1574147038870.0,0.1107,-0.0244,0.0397,22.6829,-59.0244,-20.3659
1574147038871.0,0.1182,-0.0259,0.0389,20.0,-57.622,-24.2683
1574147038912.0,0.1199,-0.0254,0.0417,21.0976,-46.6463,-26.8293
1574147038913.0,0.1215,-0.0264,0.0453,21.7073,-35.5488,-29.3902
1574147038914.0,0.1251,-0.024,0.0485,22.1951,-21.4634,-31.7683
1574147038915.0,0.1235,-0.0197,0.0585,24.878,-7.622,-30.4268
1574147038957.0,0.119,-0.0132,0.0645,22.9268,-2.622,-28.7805
1574147038958.0,0.1168,-0.007,0.0696,20.7927,-8.2317,-28.0488
1574147038960.0,0.1251,-0.0052,0.0687,13.1707,-25.061,-23.2317
1574147038961.0,0.1293,-0.0032,0.0695,2.378,-41.6463,-18.9634
1574147038962.0,0.1237,-0.0007,0.0687,-7.1951,-49.3293,-13.6585
1574147039002.0,0.1243,0.0004,0.0582,-14.8171,-50.3659,-8.7195
1574147039003.0,0.1279,0.0001,0.0506,-19.878,-51.7073,-3.6585
1574147039004.0,0.1245,-0.0007,0.0543,-26.2195,-58.5366,2.9268
1574147039005.0,0.1215,-0.0017,0.0516,-34.1463,-69.6951,6.4024
