0,1,2,3,4,5,6
1574147313202.0,0.0794,-0.0657,0.0459,-62.8049,-73.2317,-47.2561
1574147313203.0,0.094,-0.0688,0.0471,-57.3171,-72.9878,-49.1463
1574147313204.0,0.1031,-0.0671,0.05,-51.4634,-69.8781,-49.0244
1574147313245.0,0.1142,-0.0656,0.0563,-46.3415,-62.561,-50.122
1574147313247.0,0.1194,-0.0592,0.0552,-42.378,-47.622,-51.9512
1574147313247.0,0.1115,-0.0562,0.0482,-36.0366,-29.5732,-49.8171
1574147313249.0,0.1049,-0.062,0.0402,-28.3537,-13.5976,-49.2683
1574147313290.0,0.0995,-0.0692,0.0336,-19.6951,0.4268,-49.0854
1574147313291.0,0.1035,-0.0734,0.0317,-10.7317,14.2073,-48.1707
1574147313292.0,0.1176,-0.0672,0.034,-1.2805,30.2439,-47.439
1574147313293.0,0.125,-0.0571,0.0391,7.0732,47.7439,-46.6463
1574147313294.0,0.1331,-0.0521,0.0416,14.0854,66.9512,-46.4634
1574147313335.0,0.13,-0.0433,0.0421,21.5854,87.3171,-47.0122
1574147313336.0,0.1141,-0.0316,0.0396,29.0244,99.0244,-45.7927
1574147313337.0,0.1044,-0.0278,0.0372,34.5732,98.5366,-43.4756
1574147313338.0,0.0979,-0.0257,0.0317,36.4634,85.061,-41.5854
1574147313338.0,0.0934,-0.0203,0.033,36.0976,60.6098,-39.8171
1574147313381.0,0.0977,-0.0189,0.0385,35.5488,33.5976,-38.8415
1574147313382.0,0.1088,-0.0223,0.0453,33.4756,9.8171,-36.7073
1574147313383.0,0.1217,-0.0237,0.0536,30.6098,-4.4512,-34.2073
1574147313383.0,0.1341,-0.0219,0.057,30.2439,-5.9756,-32.9268
1574147313426.0,0.1304,-0.015,0.0568,29.0854,1.1585,-31.0366
1574147313427.0,0.1238,-0.0096,0.0566,27.622,10.3049,-28.9024
1574147313428.0,0.1246,-0.008,0.0615,26.7073,18.5366,-27.2561
1574147313428.0,0.1254,-0.0066,0.0656,24.4512,26.3415,-23.7805
1574147313429.0,0.1182,-0.0022,0.0665,22.2561,34.6341,-19.2683
1574147313470.0,0.1103,-0.0042,0.0638,22.0732,39.7561,-15.4268
1574147313472.0,0.1071,-0.0121,0.0594,20.9146,40.122,-11.2195
1574147313472.0,0.1037,-0.019,0.0583,18.6585,35.5488,-6.5244
1574147313473.0,0.0984,-0.0239,0.0615,16.8293,26.8902,-5.1829
1574147313516.0,0.0963,-0.0265,0.0645,15.2439,16.7683,-6.0976
1574147313517.0,0.1016,-0.0273,0.0683,14.4512,6.4024,-5.9146
1574147313517.0,0.1069,-0.0278,0.068,14.5732,-1.4634,-4.5732
1574147313518.0,0.1061,-0.0248,0.0679,14.2683,-5.9146,-3.9634
1574147313519.0,0.1066,-0.0211,0.0692,14.8171,-6.4634,-4.2683
1574147313561.0,0.1074,-0.0192,0.0721,14.1463,-6.1585,-4.2073
1574147313562.0,0.1043,-0.0181,0.0742,11.7683,-7.8659,-4.2073
1574147313563.0,0.1073,-0.0187,0.0738,9.7561,-10.0,-4.6341
1574147313564.0,0.1121,-0.0177,0.0722,7.2561,-10.5488,-3.9024
1574147313605.0,0.11,-0.019,0.0704,4.5732,-9.5732,-2.8659
1574147313607.0,0.1038,-0.0204,0.067,2.6829,-6.5854,-3.2927
1574147313607.0,0.1005,-0.0204,0.0651,1.0366,-3.3537,-3.4146
1574147313608.0,0.1008,-0.0227,0.066,-0.1829,-2.561,-3.1098
1574147313609.0,0.1038,-0.0264,0.0688,-0.9146,-2.561,-2.9878
1574147313651.0,0.1075,-0.0244,0.0714,-1.8902,-1.3415,-3.4756
1574147313652.0,0.1094,-0.0202,0.0734,-2.0122,0.4268,-3.1098
1574147313652.0,0.1084,-0.0217,0.0729,-2.1951,1.5854,-2.378
1574147313653.0,0.1055,-0.0245,0.0713,-2.9268,2.2561,-2.3171
1574147313695.0,0.1016,-0.0261,0.07,-3.1707,2.8659,-2.378
1574147313696.0,0.1008,-0.0263,0.0701,-1.7073,3.0488,-2.8659
1574147313697.0,0.104,-0.0255,0.0718,-0.5488,1.8902,-3.7805
1574147313698.0,0.1069,-0.0236,0.0727,-0.6707,-0.3659,-4.4512
1574147313699.0,0.1066,-0.0223,0.0722,-0.122,-0.3049,-5.5488
1574147313741.0,0.1022,-0.0226,0.0671,1.4634,3.5976,-6.4634
1574147313742.0,0.0977,-0.0261,0.0609,2.5,6.4634,-7.3171
1574147313742.0,0.0959,-0.0287,0.0594,3.5366,4.5122,-8.5366
1574147313743.0,0.0947,-0.0297,0.0607,6.7683,-1.5244,-10.2439
1574147313743.0,0.098,-0.0293,0.0651,9.8171,-7.2561,-12.2561
1574147313786.0,0.1059,-0.0298,0.0679,13.2317,-8.7195,-13.9024
1574147313787.0,0.1072,-0.0261,0.0694,16.7683,-7.622,-15.1829
1574147313787.0,0.1073,-0.0204,0.0748,19.878,-6.7073,-16.4024
1574147313788.0,0.114,-0.015,0.0797,22.0732,-7.439,-17.9878
1574147313831.0,0.1223,-0.0065,0.0803,22.6829,-11.8902,-16.0366
1574147313832.0,0.1334,0.0046,0.0771,21.8902,-18.3537,-10.0
1574147313832.0,0.145,0.0107,0.0822,19.878,-28.2927,1.2805
1574147313833.0,0.1401,0.0054,0.0792,12.6829,-41.4024,19.2683
1574147313833.0,0.1342,0.0061,0.0822,6.7073,-47.622,27.378
1574147313876.0,0.1405,0.0152,0.0784,5.9756,-55.6098,34.2073
1574147313877.0,0.1595,0.0113,0.0724,5.1829,-70.9756,51.4634
1574147313877.0,0.1719,0.0071,0.0637,0.4878,-78.3537,67.2561
1574147313878.0,0.1752,0.0082,0.05,1.0366,-70.4268,83.2317
1574147313920.0,0.1733,0.004,0.039,6.8902,-57.9878,92.9878
1574147313921.0,0.1744,-0.0046,0.0322,10.3049,-51.8902,99.6341
1574147313922.0,0.1736,-0.0128,0.0235,12.5,-48.5976,108.2927
1574147313923.0,0.1543,-0.0137,0.0196,17.622,-43.2927,115.122
1574147313923.0,0.1339,-0.0131,0.0275,24.2073,-41.8902,113.6585
1574147313965.0,0.1198,-0.0138,0.0321,29.8171,-43.7195,108.2317
1574147313966.0,0.1022,-0.0148,0.0303,33.3537,-44.3902,109.6341
1574147313967.0,0.0857,-0.0168,0.0275,38.9634,-45.4878,111.4634
1574147313968.0,0.0809,-0.0178,0.0176,46.0976,-56.7073,111.5244
1574147314010.0,0.08,-0.0222,-0.0151,48.9024,-89.3293,116.2195
1574147314011.0,0.0935,-0.0387,-0.0248,49.3293,-126.2195,123.7195
1574147314011.0,0.0995,-0.0564,-0.0173,53.8415,-143.4146,118.2927
1574147314012.0,0.1165,-0.0607,-0.001,58.1098,-153.0488,106.0366
1574147314013.0,0.1312,-0.0634,0.0178,63.5976,-150.9756,102.0122
1574147314055.0,0.1151,-0.0616,0.0339,72.1341,-124.0244,92.8659
1574147314056.0,0.0827,-0.0547,0.0479,80.6707,-81.9512,85.9146
1574147314057.0,0.0554,-0.0504,0.0527,81.2805,-51.8902,85.3659
1574147314057.0,0.043,-0.0507,0.0565,74.7561,-49.8171,81.4024
1574147314058.0,0.0511,-0.0527,0.0652,64.939,-69.8781,73.4756
1574147314100.0,0.0723,-0.0589,0.0657,53.2317,-96.5244,65.4268
1574147314101.0,0.1056,-0.0693,0.059,42.9268,-117.8659,58.2317
1574147314102.0,0.1337,-0.0756,0.0599,37.1951,-130.4878,54.2683
1574147314102.0,0.1286,-0.0749,0.0645,32.6829,-128.7195,52.8049
1574147314146.0,0.1005,-0.069,0.0657,27.3171,-98.1098,45.6707
1574147314146.0,0.0861,-0.0627,0.0645,25.4268,-51.0366,33.9634
1574147314147.0,0.0897,-0.0598,0.0616,22.5,-15.7927,28.7195
1574147314147.0,0.0854,-0.0586,0.0652,16.2195,2.378,30.5488
1574147314148.0,0.0767,-0.0547,0.065,7.7439,8.0488,31.5244
1574147314190.0,0.0669,-0.0605,0.0657,1.0366,4.0244,25.9756
1574147314191.0,0.0596,-0.063,0.0925,-8.4146,-15.4878,12.622
1574147314192.0,0.0641,-0.0598,0.0854,-22.439,-55.0,2.6829
1574147314192.0,0.082,-0.0595,0.0616,-38.1098,-88.8415,1.0366
1574147314235.0,0.1028,-0.0623,0.0349,-41.5854,-95.9756,1.0976
1574147314236.0,0.114,-0.0609,0.0254,-39.6951,-90.061,-3.3537
1574147314237.0,0.1146,-0.0601,0.0219,-36.3415,-83.2927,-5.7317
1574147314237.0,0.1148,-0.0573,0.0105,-35.3049,-95.7927,-7.439
1574147314238.0,0.1119,-0.0615,-0.0107,-32.8659,-126.8293,-5.1829
1574147314280.0,0.1255,-0.0769,-0.0188,-30.9756,-153.6585,-1.2195
1574147314281.0,0.1436,-0.0855,-0.0178,-23.1707,-155.3049,-1.4634
1574147314282.0,0.1494,-0.0861,-0.0186,-12.8049,-138.4146,0.1829
1574147314283.0,0.1456,-0.084,-0.0162,-1.3415,-111.2195,3.9024
1574147314325.0,0.1333,-0.0837,-0.0042,7.2561,-82.0732,6.6463
1574147314326.0,0.1036,-0.0812,0.0105,11.2805,-58.4756,5.6707
1574147314327.0,0.076,-0.075,0.0264,14.3902,-46.6463,0.8537
1574147314328.0,0.0784,-0.0666,0.0383,16.5244,-49.939,-3.7195
1574147314329.0,0.1021,-0.0646,0.046,13.6585,-66.0976,-5.7927
1574147314370.0,0.108,-0.0626,0.0361,8.6585,-89.2073,-9.3293
1574147314371.0,0.1067,-0.0624,0.0295,4.878,-114.7561,-10.8537
1574147314372.0,0.1022,-0.0578,0.0239,2.0732,-138.2927,-11.4024
1574147314372.0,0.1088,-0.0568,-0.0087,-1.4024,-174.1463,-9.0854
1574147314416.0,0.1318,-0.0662,-0.0189,-8.7195,-211.3415,-5.6098
1574147314418.0,0.1467,-0.0667,-0.0098,-10.061,-221.0366,-8.1098
1574147314419.0,0.1561,-0.0612,-0.0062,-6.8902,-194.0854,-10.2439
1574147314421.0,0.1572,-0.0629,-0.0038,-3.7805,-145.4268,-6.4024
1574147314421.0,0.1411,-0.0632,-0.0096,-0.4878,-93.1098,-4.2683
1574147314460.0,0.1258,-0.0679,-0.0085,2.6829,-55.5488,-3.3537
1574147314461.0,0.1236,-0.0707,-0.0166,0.7317,-37.8049,-3.4146
1574147314462.0,0.1273,-0.0676,-0.0251,4.2683,-26.3415,-2.9268
1574147314462.0,0.1184,-0.0704,-0.0322,1.5244,-14.2683,2.0732
1574147314463.0,0.1096,-0.072,-0.0317,-4.2073,8.4146,2.8049
1574147314505.0,0.1051,-0.0692,-0.0229,-2.9878,46.2805,1.4024
1574147314506.0,0.0959,-0.0682,-0.0267,1.3415,87.6829,0.4878
1574147314507.0,0.0758,-0.0695,-0.0323,5.3049,116.2195,0.2439
1574147314507.0,0.0709,-0.0728,-0.0316,6.2805,106.3415,3.4756
1574147314550.0,0.0721,-0.075,-0.0312,0.122,55.122,5.5488
1574147314552.0,0.0838,-0.0754,-0.0311,-8.2317,-10.9756,4.2073
1574147314553.0,0.118,-0.0867,-0.0496,-15.4268,-50.6707,1.8293
1574147314553.0,0.1397,-0.0903,-0.0407,-20.4268,-53.7195,1.5244
1574147314554.0,0.1263,-0.0774,-0.0256,-12.3171,-33.0488,6.7683
1574147314595.0,0.1021,-0.0709,-0.0227,2.2561,9.0244,5.3049
1574147314596.0,0.1147,-0.0732,-0.0287,11.9512,54.0244,-0.4878
1574147314597.0,0.1496,-0.0736,-0.0243,17.561,86.5244,-0.1829
1574147314597.0,0.1384,-0.0591,-0.0098,20.4878,107.1341,6.0366
1574147314641.0,0.107,-0.0442,-0.012,22.622,114.0244,5.3659
1574147314642.0,0.0969,-0.0388,-0.02,19.0244,104.6341,-1.4634
1574147314642.0,0.0623,-0.0253,0.0093,7.5,63.3537,2.5
1574147314643.0,0.0759,-0.0262,0.0099,-5.3659,-3.2317,4.2683
1574147314644.0,0.1371,-0.0335,0.0216,-25.3659,-60.4268,-1.4024
1574147314686.0,0.1848,-0.03,0.0291,-44.8171,-98.1707,12.2561
1574147314687.0,0.1848,-0.0316,0.0228,-52.2561,-88.2317,25.122
1574147314687.0,0.1447,-0.0291,0.0241,-59.8171,-41.5244,27.378
1574147314688.0,0.127,-0.0226,0.0268,-59.7561,5.7317,26.4024
1574147314731.0,0.1355,-0.0182,0.0222,-59.8781,28.8415,25.4268
1574147314732.0,0.1352,-0.02,0.0034,-65.9146,30.7927,30.4878
1574147314732.0,0.1213,-0.0285,-0.0153,-69.1463,34.2683,33.7805
1574147314733.0,0.1115,-0.039,-0.0308,-69.3902,37.1951,29.3293
1574147314734.0,0.1094,-0.0467,-0.0432,-69.2073,32.1951,24.3902
1574147314776.0,0.1093,-0.0519,-0.0524,-66.6463,23.3537,23.5976
1574147314777.0,0.1124,-0.0535,-0.0557,-63.5366,18.0488,22.378
1574147314778.0,0.1167,-0.0519,-0.0516,-57.8049,17.8049,16.1585
1574147314778.0,0.1148,-0.0524,-0.0524,-50.3659,23.7805,9.2073
1574147314779.0,0.1034,-0.0552,-0.0546,-42.7439,32.7439,6.3415
1574147314821.0,0.0968,-0.0572,-0.0577,-33.4146,38.5976,6.4024
1574147314822.0,0.1057,-0.057,-0.0593,-22.2561,36.4634,3.1098
1574147314822.0,0.1171,-0.0571,-0.0589,-12.5,27.1951,0.122
1574147314823.0,0.1097,-0.0578,-0.0558,-5.3049,15.4268,-0.3049
1574147314866.0,0.0936,-0.0589,-0.043,0.0,7.9268,0.061
1574147314867.0,0.0762,-0.0658,-0.0496,2.439,3.4756,-2.9268
1574147314868.0,0.0788,-0.0724,-0.0526,2.7439,-6.7073,-9.5732
1574147314869.0,0.0832,-0.073,-0.0601,0.7927,-19.5732,-11.5244
1574147314869.0,0.0841,-0.0755,-0.059,-1.0366,-35.7927,-12.0732
1574147314911.0,0.0914,-0.0734,-0.0417,-2.378,-52.3781,-14.2683
1574147314912.0,0.1003,-0.0713,-0.0365,-2.2561,-70.4878,-20.5488
1574147314912.0,0.0942,-0.0692,-0.0372,-4.0244,-76.0976,-28.8415
1574147314913.0,0.0925,-0.0613,-0.0389,-6.4634,-69.8171,-33.9024
1574147314956.0,0.0906,-0.0633,-0.0399,-8.4756,-69.3902,-41.1585
1574147314957.0,0.0795,-0.0688,-0.0334,-15.0,-79.939,-41.0366
1574147314957.0,0.076,-0.0674,-0.0299,-19.5732,-84.0244,-39.0244
1574147314958.0,0.0892,-0.067,-0.0297,-19.6951,-75.2439,-41.5244
1574147314959.0,0.11,-0.0645,-0.0302,-22.622,-60.4268,-43.0488
1574147315001.0,0.1243,-0.0687,-0.0256,-24.3902,-42.2561,-46.5854
1574147315002.0,0.1198,-0.0742,-0.0284,-27.0732,-14.3902,-51.3415
1574147315003.0,0.1055,-0.076,-0.0358,-26.4634,24.3293,-55.6098
1574147315003.0,0.0977,-0.0756,-0.0391,-21.4634,60.3049,-57.9268
1574147315046.0,0.1024,-0.0731,-0.034,-17.378,79.8171,-56.2195
1574147315047.0,0.1135,-0.0667,-0.0262,-14.878,83.7805,-54.8171
1574147315048.0,0.1197,-0.0593,-0.0215,-13.0488,80.0,-52.7439
1574147315049.0,0.1135,-0.0562,-0.0143,-12.3171,70.3049,-49.5122
1574147315049.0,0.1075,-0.0582,-0.0092,-13.2317,53.5976,-46.9512
1574147315091.0,0.1166,-0.063,-0.0097,-16.5854,33.2927,-45.9146
1574147315091.0,0.1268,-0.0653,-0.0168,-17.9268,14.2683,-45.3049
1574147315136.0,0.124,-0.067,-0.0276,-19.6341,0.8537,-41.6463
1574147315137.0,0.1214,-0.0693,-0.0393,-20.5488,-0.7927,-38.3537
1574147315138.0,0.1341,-0.0726,-0.0508,-15.3659,7.622,-37.1341
1574147315139.0,0.1478,-0.0696,-0.0385,-7.5,14.878,-34.878
1574147315140.0,0.1583,-0.0625,-0.0198,-1.8293,16.1585,-31.0976
1574147315141.0,0.1626,-0.0576,-0.0085,3.5976,28.5366,-28.9634
1574147315142.0,0.1541,-0.0577,-0.0048,10.7317,55.0,-25.6707
1574147315181.0,0.1419,-0.0617,-0.0096,15.4268,84.0854,-20.4878
1574147315182.0,0.1355,-0.0656,-0.0219,18.7195,103.9634,-15.061
1574147315183.0,0.1296,-0.0651,-0.0234,22.1341,105.061,-8.2927
1574147315183.0,0.1235,-0.0634,-0.0143,23.1707,91.1585,-0.9146
1574147315184.0,0.1213,-0.0631,-0.0096,22.0122,78.2927,1.2195
1574147315226.0,0.1254,-0.0588,-0.0048,24.0854,75.9146,0.6707
1574147315227.0,0.1299,-0.0551,0.0104,25.9146,82.1951,1.8902
1574147315228.0,0.1296,-0.0538,0.0121,24.3902,96.7683,2.378
1574147315229.0,0.1271,-0.0532,0.006,25.2439,115.2439,2.9878
1574147315271.0,0.1256,-0.0565,0.0028,26.4634,123.5366,6.5854
1574147315271.0,0.127,-0.0635,-0.0029,23.8415,121.4634,10.1829
1574147315272.0,0.1232,-0.0616,-0.0048,21.1585,117.9878,10.3659
1574147315273.0,0.1106,-0.0513,-0.0078,22.8659,116.0366,8.2927
1574147315273.0,0.0923,-0.0457,-0.0088,26.5244,113.1707,5.6098
1574147315315.0,0.0923,-0.0475,0.0002,25.8537,99.3293,4.0854
1574147315316.0,0.1096,-0.0459,0.0046,22.3171,80.1829,3.7805
1574147315317.0,0.1343,-0.0465,0.019,22.6829,69.3902,7.1341
1574147315317.0,0.1521,-0.0482,0.0309,20.4268,75.061,10.3049
1574147315361.0,0.158,-0.0474,0.0255,21.5244,103.7805,9.939
1574147315361.0,0.1544,-0.0474,0.0141,25.1829,148.7805,10.8537
1574147315362.0,0.1315,-0.0461,0.0046,29.2683,191.2805,13.4756
1574147315362.0,0.0964,-0.041,-0.0009,34.5732,211.8902,14.1463
1574147315363.0,0.0718,-0.0302,0.0082,41.0976,200.7317,10.0
1574147315405.0,0.0821,-0.0231,0.0258,43.1707,155.8537,8.8415
1574147315406.0,0.111,-0.0246,0.041,35.4268,91.2805,13.7195
1574147315407.0,0.1376,-0.0345,0.0408,24.7561,37.561,17.378
1574147315407.0,0.1578,-0.0458,0.0308,19.2683,26.7073,16.2195
1574147315451.0,0.1569,-0.0432,0.0255,23.0488,53.0488,13.0488
1574147315496.0,0.1375,-0.0336,0.0312,29.878,90.7927,10.7927
1574147315540.0,0.1219,-0.0322,0.0411,33.2317,134.2683,8.6585
1574147315541.0,0.1071,-0.0314,0.0489,37.2561,175.0,8.4756
1574147315542.0,0.0911,-0.0259,0.0532,43.5976,191.2195,12.9878
1574147315542.0,0.0782,-0.0214,0.0513,44.5122,173.2317,16.8902
1574147315543.0,0.0708,-0.0179,0.0527,40.122,123.6585,13.8415
1574147315544.0,0.0729,-0.018,0.054,32.561,57.1951,6.2805
1574147315544.0,0.0894,-0.0219,0.0433,22.0122,-0.4878,1.2195
1574147315546.0,0.1163,-0.0251,0.0367,12.622,-23.7195,2.0122
1574147315546.0,0.1423,-0.0272,0.0494,7.439,-6.8902,2.8049
1574147315586.0,0.1453,-0.0255,0.0741,9.7561,43.5366,0.9146
1574147315587.0,0.1264,-0.0286,0.0891,13.5366,107.8049,1.0976
1574147315587.0,0.0996,-0.032,0.0823,15.8537,154.7561,0.061
1574147315588.0,0.0717,-0.0283,0.0751,17.439,167.3781,-1.4024
1574147315589.0,0.0621,-0.0318,0.0745,15.4268,145.2439,-5.061
1574147315589.0,0.0754,-0.0355,0.0772,10.3049,105.3659,-10.4268
1574147315590.0,0.088,-0.0388,0.0751,4.6341,67.3781,-12.1951
1574147315591.0,0.0904,-0.0453,0.0747,-1.7073,48.8415,-14.1463
1574147315631.0,0.0939,-0.0472,0.0776,-5.061,46.2195,-18.6585
1574147315631.0,0.1017,-0.0468,0.0816,-7.561,46.9512,-19.878
1574147315632.0,0.1064,-0.046,0.0836,-9.3902,53.0488,-19.5732
1574147315633.0,0.1056,-0.0447,0.0822,-10.9146,66.0976,-20.8537
1574147315676.0,0.0979,-0.0397,0.0811,-8.2317,79.939,-22.8049
1574147315677.0,0.0988,-0.0413,0.0831,-4.8171,84.2683,-19.878
1574147315677.0,0.1101,-0.0415,0.0856,-3.7805,77.3781,-14.6341
1574147315678.0,0.1114,-0.0364,0.0826,-3.3537,63.9634,-8.7195
1574147315679.0,0.1069,-0.0352,0.083,-2.622,49.939,-3.9634
1574147315721.0,0.108,-0.0398,0.0864,-1.0976,37.1951,-0.8537
1574147315721.0,0.1117,-0.0446,0.0855,-0.6098,25.1829,4.8171
1574147315722.0,0.1142,-0.0452,0.0806,2.8659,20.8537,11.0366
1574147315723.0,0.1146,-0.0446,0.08,8.8415,28.4756,13.5976
1574147315766.0,0.1019,-0.0413,0.0812,12.9878,42.1341,15.122
1574147315766.0,0.0898,-0.0383,0.0821,15.9756,54.2073,17.8659
1574147315767.0,0.0908,-0.037,0.0793,18.7195,61.4634,20.061
1574147315768.0,0.0928,-0.0364,0.079,21.5854,62.2561,23.7805
1574147315769.0,0.0878,-0.0361,0.0787,24.5732,60.6707,25.0
1574147315811.0,0.0839,-0.0399,0.0788,25.122,63.1098,25.0
1574147315811.0,0.092,-0.0436,0.0842,22.378,68.7805,27.378
1574147315812.0,0.0825,-0.0402,0.0903,21.8293,78.5366,28.9634
1574147315813.0,0.0708,-0.0387,0.0947,24.5122,88.2317,28.5976
1574147315814.0,0.0698,-0.0392,0.0952,25.1829,87.9878,24.5122
1574147315856.0,0.0706,-0.0421,0.0954,23.4146,77.0732,24.3902
1574147315856.0,0.0689,-0.0433,0.0969,22.0732,66.6463,23.6585
1574147315857.0,0.0638,-0.0405,0.098,23.1707,58.7805,21.4634
1574147315858.0,0.0605,-0.0374,0.101,23.5976,52.0732,18.1707
1574147315901.0,0.065,-0.038,0.108,22.8659,46.2195,18.4756
1574147315902.0,0.0684,-0.0367,0.1085,20.4268,36.2195,20.4268
1574147315902.0,0.0679,-0.0366,0.1092,19.1463,27.5,21.7073
1574147315903.0,0.0603,-0.0393,0.1151,20.3659,26.8293,20.3049
1574147315904.0,0.0517,-0.0444,0.1153,22.9268,31.8293,18.2927
1574147315946.0,0.0501,-0.0452,0.1003,23.6585,41.6463,16.7683
1574147315946.0,0.0474,-0.0432,0.0884,24.6951,56.0366,14.6341
1574147315947.0,0.0292,-0.0398,0.0926,23.9634,72.0122,8.8415
1574147315948.0,0.014,-0.0335,0.1018,22.6829,80.7317,1.1585
1574147315990.0,0.0262,-0.0319,0.1102,18.5976,68.9024,-5.7317
1574147315991.0,0.0426,-0.0314,0.1165,10.3659,45.3049,-12.378
1574147315992.0,0.0502,-0.0306,0.1201,3.6585,30.122,-20.5488
1574147315993.0,0.0637,-0.0278,0.1208,-1.0366,24.0244,-25.9146
1574147315993.0,0.0837,-0.0252,0.1146,-7.5,14.2073,-27.0732
1574147316036.0,0.0992,-0.0272,0.1028,-12.0122,2.561,-25.1829
1574147316036.0,0.1066,-0.0298,0.0947,-11.3415,-3.8415,-20.4878
1574147316037.0,0.0996,-0.0305,0.086,-8.4756,-3.3537,-14.3902
1574147316038.0,0.0861,-0.0303,0.0797,-1.4634,2.6829,-8.4146
1574147316080.0,0.0891,-0.0298,0.0856,6.9512,3.9634,-0.9146
1574147316081.0,0.0964,-0.0258,0.0921,12.3171,-4.0854,8.1098
1574147316082.0,0.1002,-0.028,0.0973,15.3049,-16.9512,17.622
1574147316083.0,0.093,-0.0314,0.101,18.2317,-21.8902,24.7561
1574147316083.0,0.0814,-0.035,0.1019,21.6463,-15.9756,29.878
1574147316126.0,0.0828,-0.0409,0.095,24.8171,-10.7927,34.5122
1574147316127.0,0.0773,-0.0412,0.092,27.622,-14.1463,38.7805
1574147316128.0,0.0497,-0.0405,0.098,30.6707,-14.6951,39.8171
1574147316129.0,0.0328,-0.0433,0.1014,33.5976,-8.1707,35.8537
1574147316129.0,0.0284,-0.0458,0.1077,32.9268,-5.6098,33.9024
1574147316171.0,0.02,-0.0461,0.1168,29.4512,-4.6341,30.7927
1574147316172.0,0.0143,-0.0458,0.1234,25.9756,0.1829,22.378
1574147316172.0,0.0208,-0.0408,0.1245,22.0732,5.122,12.1951
1574147316173.0,0.0279,-0.0371,0.1274,16.7073,9.0244,1.9512
1574147316216.0,0.0314,-0.0349,0.1312,12.1341,17.0122,-11.2805
1574147316217.0,0.0329,-0.0336,0.1282,6.7683,29.7561,-21.7683
1574147316217.0,0.0393,-0.0367,0.1174,-0.8537,39.5732,-30.8537
1574147316218.0,0.0457,-0.0367,0.1139,-9.6341,42.439,-35.7927
1574147316219.0,0.0471,-0.0322,0.1089,-16.0976,45.061,-38.9634
1574147316261.0,0.0565,-0.0251,0.111,-19.2683,47.7439,-44.0854
1574147316262.0,0.0651,-0.0153,0.1238,-21.0976,47.439,-46.4634
1574147316263.0,0.0797,-0.0081,0.1182,-21.1585,42.2561,-45.6098
1574147316263.0,0.0977,-0.007,0.1035,-21.7683,24.3293,-39.6341
1574147316306.0,0.116,-0.0096,0.0944,-22.0122,-14.878,-32.8659
1574147316307.0,0.1316,-0.0181,0.0781,-22.0122,-61.0366,-23.5976
1574147316307.0,0.1396,-0.0289,0.0682,-19.3902,-85.3049,-7.378
1574147316308.0,0.1288,-0.0317,0.0683,-5.8537,-73.2927,13.7805
1574147316309.0,0.1024,-0.0325,0.0664,13.5976,-45.9756,32.5
1574147316351.0,0.0793,-0.0328,0.0613,31.1585,-35.061,40.122
1574147316351.0,0.0709,-0.0363,0.0701,41.8902,-53.3537,42.2561
1574147316352.0,0.0788,-0.043,0.084,43.9634,-85.4268,44.878
1574147316353.0,0.0856,-0.0472,0.0934,45.6707,-99.8171,50.0
1574147316396.0,0.0797,-0.0446,0.1058,49.4512,-90.3659,55.9756
1574147316396.0,0.062,-0.0374,0.1223,51.2805,-70.3659,54.4512
1574147316397.0,0.0435,-0.0336,0.1323,48.1707,-41.5854,43.8415
1574147316397.0,0.0301,-0.032,0.1423,42.6829,-4.6341,32.2561
1574147316398.0,0.0131,-0.033,0.1411,34.3293,28.6585,25.061
1574147316441.0,-0.009,-0.0333,0.1263,24.6951,56.0366,13.4756
1574147316441.0,-0.0176,-0.03,0.1157,14.878,70.8537,-0.7927
1574147316442.0,-0.0004,-0.03,0.1195,2.622,61.7073,-16.2805
1574147316442.0,0.0327,-0.0298,0.1317,-12.1951,41.0976,-31.2805
1574147316486.0,0.0527,-0.0224,0.1283,-22.7439,37.8049,-38.1098
1574147316487.0,0.0572,-0.0173,0.1202,-25.9756,44.1463,-39.6341
1574147316488.0,0.0711,-0.0183,0.1146,-28.6585,30.9146,-45.9146
1574147316488.0,0.1,-0.02,0.108,-33.5976,7.2561,-47.8659
1574147316489.0,0.1141,-0.0157,0.1021,-35.2439,-2.622,-37.9878
1574147316531.0,0.1117,-0.0132,0.0921,-27.5,2.8659,-24.0854
1574147316532.0,0.1097,-0.0159,0.0809,-16.0366,4.7561,-12.9268
1574147316532.0,0.1159,-0.0187,0.0786,-6.1585,-10.3049,-2.378
1574147316533.0,0.1277,-0.0243,0.0826,0.3659,-32.378,8.4756
1574147316534.0,0.1215,-0.0246,0.0821,7.1951,-35.6098,19.939
1574147316576.0,0.0971,-0.0262,0.0714,20.3049,-18.9634,31.7683
1574147316577.0,0.0876,-0.03,0.0762,32.1951,-15.6098,36.7683
1574147316578.0,0.0779,-0.027,0.0958,38.6585,-33.3537,37.8659
1574147316578.0,0.0597,-0.028,0.108,41.7073,-37.0732,38.3537
1574147316621.0,0.0409,-0.0298,0.1119,43.7805,-19.5732,38.8415
1574147316622.0,0.0244,-0.0294,0.1166,41.8902,-9.5122,38.5976
1574147316623.0,0.0137,-0.0271,0.1224,34.5732,-12.8659,30.1829
1574147316623.0,0.0085,-0.0276,0.1293,24.0244,-20.9146,15.9756
1574147316624.0,0.0232,-0.0326,0.1259,13.2317,-23.1707,3.3537
1574147316666.0,0.0497,-0.0344,0.1208,4.4512,-13.9024,-5.3659
1574147316667.0,0.0594,-0.0361,0.1153,-0.8537,8.5976,-12.622
1574147316668.0,0.0568,-0.0352,0.1139,-1.8293,35.7927,-21.4634
1574147316668.0,0.055,-0.0323,0.1214,-5.7317,50.5488,-30.7317
1574147316711.0,0.0609,-0.0306,0.1259,-13.4756,57.2561,-37.0732
1574147316712.0,0.0781,-0.0248,0.1245,-20.1829,56.8293,-37.8049
1574147316712.0,0.0952,-0.0193,0.1149,-26.5244,39.3902,-34.0244
1574147316713.0,0.1081,-0.0197,0.0984,-31.7073,9.2683,-27.561
1574147316714.0,0.1205,-0.026,0.0813,-32.561,-20.061,-20.2439
1574147316756.0,0.1213,-0.0291,0.0689,-25.122,-33.1098,-7.622
1574147316757.0,0.1107,-0.0283,0.0656,-11.7073,-30.4268,9.878
1574147316758.0,0.099,-0.0273,0.0673,1.8293,-25.122,22.8659
1574147316758.0,0.0945,-0.0242,0.0723,13.8415,-22.2561,31.4634
1574147316801.0,0.0867,-0.0188,0.088,25.8537,-22.3171,38.9024
1574147316803.0,0.0712,-0.0179,0.0989,33.6585,-29.0854,42.9878
1574147316804.0,0.059,-0.0229,0.1071,38.2317,-35.6707,42.561
1574147316805.0,0.0536,-0.0281,0.1143,41.0366,-39.878,42.9268
1574147316806.0,0.0574,-0.0319,0.1171,39.8171,-38.6585,44.5732
1574147316846.0,0.0502,-0.03,0.1267,37.3171,-31.9512,41.7683
1574147316848.0,0.0312,-0.0315,0.1322,33.7195,-16.6463,32.561
1574147316850.0,0.0159,-0.0348,0.125,28.7195,13.4146,19.3293
1574147316851.0,0.0089,-0.0328,0.1238,22.5,36.2195,8.5366
1574147316852.0,0.0024,-0.0323,0.1255,12.6829,39.8171,-3.7195
1574147316890.0,0.0161,-0.0348,0.1189,0.3049,34.2683,-19.939
1574147316891.0,0.0482,-0.0354,0.1169,-12.9268,21.4024,-31.1585
1574147316892.0,0.071,-0.0334,0.1254,-25.4268,14.3293,-38.2927
1574147316892.0,0.0723,-0.0277,0.1268,-33.9024,27.378,-43.7805
1574147316935.0,0.0825,-0.024,0.1198,-38.4756,41.7073,-47.2561
1574147316936.0,0.0999,-0.0186,0.1006,-42.9878,36.7683,-45.9146
1574147316937.0,0.1077,-0.0172,0.08,-45.061,14.4512,-39.6951
1574147316937.0,0.1078,-0.0216,0.0662,-40.6707,-6.5244,-29.939
1574147316938.0,0.1166,-0.0262,0.0544,-32.378,-20.2439,-15.7927
1574147316981.0,0.1306,-0.0266,0.0551,-20.3049,-31.3415,1.2805
1574147316981.0,0.128,-0.0259,0.0718,-8.2317,-39.878,15.4878
1574147316982.0,0.1049,-0.0198,0.0834,5.5488,-32.1341,25.5488
1574147316982.0,0.0947,-0.0175,0.0851,18.6585,-21.2195,33.2927
1574147317026.0,0.0949,-0.0165,0.0938,26.1585,-31.2805,38.9634
1574147317027.0,0.0842,-0.0169,0.1069,30.2439,-49.6341,43.2927
1574147317028.0,0.0735,-0.0179,0.1124,34.8171,-54.2073,46.1585
1574147317029.0,0.0757,-0.0186,0.1204,38.6585,-52.1951,47.9268
1574147317030.0,0.0628,-0.0164,0.134,39.6951,-43.9024,45.0
1574147317071.0,0.04,-0.0198,0.1417,37.7439,-16.2805,36.8293
1574147317072.0,0.0098,-0.017,0.1429,33.3537,22.8049,24.6951
1574147317072.0,-0.018,-0.0182,0.1327,25.4268,54.5732,11.3415
1574147317073.0,-0.0228,-0.0203,0.1212,13.9634,65.7927,-7.3171
1574147317116.0,-0.0066,-0.0224,0.1216,-2.5,52.561,-25.2439
1574147317117.0,0.0162,-0.0236,0.1271,-19.2683,37.0122,-39.7561
1574147317118.0,0.0263,-0.0217,0.1259,-30.8537,40.6098,-49.2073
1574147317118.0,0.0367,-0.0259,0.1111,-36.2195,50.3659,-56.2195
1574147317119.0,0.0562,-0.0322,0.0999,-39.5732,46.2805,-64.6341
1574147317161.0,0.0781,-0.0324,0.0991,-44.6341,26.7073,-69.2683
1574147317162.0,0.1038,-0.0298,0.1072,-46.8902,6.3415,-67.3781
1574147317163.0,0.1328,-0.0266,0.108,-45.0,-9.6951,-58.6585
1574147317163.0,0.1548,-0.0286,0.092,-41.8293,-29.1463,-42.1951
1574147317164.0,0.167,-0.0341,0.0717,-36.1585,-51.1585,-22.2561
1574147317206.0,0.1631,-0.036,0.0662,-24.6341,-63.3537,-3.4756
1574147317207.0,0.147,-0.0327,0.0595,-9.2073,-53.5366,13.2317
1574147317208.0,0.1283,-0.0259,0.0509,9.3293,-30.4268,30.6707
1574147317208.0,0.1075,-0.0269,0.045,27.0122,-20.9146,45.2439
1574147317251.0,0.098,-0.0311,0.0552,43.4146,-26.7683,51.3415
1574147317252.0,0.0845,-0.0258,0.0886,57.1341,-37.622,57.8659
1574147317252.0,0.0546,-0.0237,0.1193,61.0366,-41.1585,61.2195
1574147317253.0,0.0359,-0.0275,0.1309,59.6341,-28.5366,54.7561
1574147317254.0,0.028,-0.0265,0.1401,54.3293,-14.3902,49.5732
1574147317296.0,0.0078,-0.0295,0.1489,43.0488,-4.3293,41.7073
1574147317297.0,-0.0183,-0.0338,0.1464,29.6341,16.5244,24.3293
1574147317298.0,-0.0337,-0.035,0.1364,17.561,39.3293,8.7195
1574147317298.0,-0.0267,-0.0369,0.1206,3.1098,44.939,-6.9512
1574147317341.0,-0.002,-0.0417,0.1151,-11.7073,32.5,-25.122
1574147317342.0,0.0229,-0.0469,0.1248,-25.8537,19.2683,-41.5854
1574147317343.0,0.0372,-0.046,0.1296,-35.6098,30.2439,-53.2317
1574147317343.0,0.0492,-0.0405,0.1308,-39.6341,55.7317,-59.8171
1574147317344.0,0.0624,-0.0312,0.1312,-40.3049,64.3293,-62.3781
1574147317386.0,0.0886,-0.0262,0.1251,-44.0854,41.2195,-62.7439
1574147317387.0,0.1196,-0.0229,0.1231,-53.2317,-4.5732,-61.9512
1574147317388.0,0.1395,-0.0183,0.1119,-59.2073,-44.939,-53.2927
1574147317430.0,0.1424,-0.011,0.0873,-57.1341,-60.9146,-39.2073
1574147317431.0,0.148,-0.0083,0.0689,-49.0854,-63.2927,-24.2683
1574147317432.0,0.1505,-0.0095,0.0547,-41.2195,-63.9634,-10.7317
1574147317432.0,0.1399,-0.0104,0.0485,-27.9268,-54.2073,3.2317
1574147317433.0,0.1287,-0.0085,0.0486,-9.5732,-28.5976,15.2439
1574147317434.0,0.1046,-0.0072,0.0575,9.2683,-1.9512,25.5488
1574147317476.0,0.0822,-0.0121,0.0677,24.3902,13.7195,33.1707
1574147317476.0,0.0712,-0.0157,0.0775,33.1707,11.4024,38.8415
1574147317477.0,0.0631,-0.0196,0.0893,37.3171,-13.5366,42.1951
1574147317477.0,0.0553,-0.0278,0.0906,35.3049,-44.878,42.6829
1574147317521.0,0.0797,-0.0427,0.0809,29.8171,-71.8293,41.6463
1574147317522.0,0.1228,-0.0438,0.0883,28.7195,-90.3659,44.4512
1574147317523.0,0.1263,-0.0438,0.1136,28.7805,-82.1951,49.6951
1574147317524.0,0.0782,-0.0516,0.1269,29.5122,-20.4878,40.6707
1574147317524.0,0.0105,-0.0557,0.1302,32.3171,73.5976,28.4756
1574147317566.0,-0.0259,-0.0522,0.1286,34.0244,136.5854,23.8415
1574147317567.0,-0.0234,-0.0515,0.1329,23.3537,136.2195,17.1951
1574147317568.0,0.0023,-0.0541,0.1365,3.4146,92.9268,-0.4268
1574147317568.0,0.0291,-0.0528,0.1346,-15.7317,56.2195,-15.0
1574147317569.0,0.0398,-0.0512,0.127,-27.0122,53.1707,-19.0244
1574147317611.0,0.0406,-0.0516,0.1147,-29.7561,67.8049,-23.0488
1574147317612.0,0.0389,-0.0492,0.1061,-29.7561,71.7683,-29.0244
1574147317612.0,0.0472,-0.0435,0.1078,-29.5122,52.7439,-31.0366
1574147317613.0,0.0743,-0.0348,0.1113,-29.6951,21.5854,-29.4512
1574147317656.0,0.1044,-0.0247,0.1169,-30.7927,-10.3659,-24.1463
1574147317657.0,0.133,-0.0173,0.1211,-30.2439,-35.2439,-15.6098
1574147317658.0,0.1458,-0.0094,0.119,-27.561,-42.622,-5.3049
1574147317658.0,0.1384,-0.0098,0.0997,-21.0976,-30.8537,6.4024
1574147317659.0,0.1276,-0.0108,0.0813,-9.878,-10.122,18.6585
1574147317701.0,0.0967,0.006,0.0845,2.8049,-0.6707,30.6707
1574147317702.0,0.0524,0.0134,0.0939,10.3659,-4.2683,30.6098
1574147317703.0,0.032,0.014,0.0971,10.4878,-13.5366,20.2439
1574147317703.0,0.0424,0.0186,0.1029,6.7683,-32.9878,15.4878
1574147317746.0,0.0494,0.0222,0.1069,1.1585,-59.2073,16.1585
1574147317747.0,0.0387,0.0224,0.0968,-3.4146,-82.0732,10.6707
1574147317748.0,0.0202,0.022,0.0833,-7.1951,-101.3415,0.1829
1574147317791.0,0.0064,0.0222,0.0656,-12.9268,-128.0488,-9.7561
1574147317792.0,0.0266,0.0204,0.0576,-21.1585,-165.9756,-18.5366
1574147317792.0,0.0688,0.0204,0.0814,-27.0122,-210.122,-25.122
1574147317793.0,0.1082,0.0086,0.1249,-38.6585,-255.9756,-24.6951
1574147317794.0,0.1362,-0.0067,0.1694,-60.5488,-290.1829,-21.5244
1574147317795.0,0.1586,-0.0233,0.1744,-87.3171,-300.2439,-18.5976
1574147317796.0,0.156,-0.0381,0.1409,-114.0244,-297.3171,-18.7805
1574147317836.0,0.1187,-0.0432,0.088,-133.2317,-288.9634,-15.6098
1574147317837.0,0.0807,-0.0441,0.054,-143.8415,-281.2195,-9.3902
1574147317838.0,0.0762,-0.0473,0.0429,-156.5244,-296.4634,-6.7683
1574147317839.0,0.0922,-0.0493,0.0386,-173.7195,-328.7195,-2.9878
1574147317881.0,0.0984,-0.0464,0.0269,-181.0976,-346.3415,10.6707
1574147317882.0,0.0995,-0.0493,0.0031,-177.2561,-334.1464,27.9878
1574147317883.0,0.1006,-0.0587,-0.021,-170.4268,-309.3903,39.0244
1574147317884.0,0.1066,-0.0732,-0.0349,-165.4268,-290.2439,47.439
1574147317884.0,0.1179,-0.0815,-0.0341,-158.8415,-274.3293,53.4146
1574147317926.0,0.1261,-0.0817,-0.0428,-143.9634,-249.6342,53.2317
1574147317927.0,0.1132,-0.0833,-0.0554,-124.8171,-217.622,47.0732
1574147317928.0,0.0883,-0.0896,-0.0501,-111.9512,-190.9756,40.5488
1574147317928.0,0.0764,-0.0918,-0.0188,-105.3049,-175.7927,32.3171
1574147317971.0,0.075,-0.0814,-0.0018,-99.5122,-162.2561,23.7195
1574147317972.0,0.0696,-0.0704,-0.0028,-89.5732,-145.9756,19.2683
1574147317973.0,0.0801,-0.0694,-0.0137,-84.6341,-135.7927,15.5488
1574147317973.0,0.1005,-0.076,-0.0273,-84.1463,-125.1829,7.622
1574147318015.0,0.112,-0.0764,-0.0389,-79.2073,-105.6098,-2.9878
1574147318016.0,0.117,-0.0707,-0.0494,-69.3293,-73.7195,-10.4878
1574147318017.0,0.1154,-0.0673,-0.0609,-56.7683,-36.5854,-17.6829
1574147318017.0,0.1151,-0.0698,-0.0605,-42.1951,11.9512,-22.8659
1574147318018.0,0.1252,-0.0687,-0.0671,-27.6829,60.2439,-31.4024
1574147318061.0,0.1255,-0.0658,-0.0678,-13.6585,102.1341,-44.8171
1574147318061.0,0.0955,-0.0557,-0.0548,-2.0732,130.9756,-52.0732
1574147318062.0,0.0638,-0.0438,-0.0421,13.0488,146.2195,-52.7439
1574147318062.0,0.0787,-0.0372,-0.0263,23.9634,140.1829,-56.8902
1574147318063.0,0.129,-0.0325,-0.0267,24.8171,108.7805,-59.3293
1574147318106.0,0.1683,-0.0425,-0.0244,23.8415,75.6707,-53.1098
1574147318107.0,0.1767,-0.0499,-0.0077,24.939,75.3659,-47.561
1574147318108.0,0.1544,-0.045,-0.0172,32.7439,110.3659,-44.1463
1574147318109.0,0.1557,-0.0554,-0.0352,42.561,156.1585,-36.2805
1574147318151.0,0.1492,-0.0621,-0.0346,46.2805,191.5244,-38.7805
1574147318152.0,0.134,-0.0524,-0.0284,50.8537,210.061,-41.0366
1574147318153.0,0.1053,-0.0391,-0.0181,58.4146,221.5244,-36.2195
1574147318153.0,0.0933,-0.0352,-0.0129,61.4634,214.8171,-27.439
1574147318154.0,0.111,-0.0357,0.0098,62.9878,190.4878,-26.4024
1574147318196.0,0.14,-0.0325,0.0367,63.5366,145.4878,-24.8171
1574147318197.0,0.1586,-0.0331,0.0433,62.5,120.6098,-19.0854
1574147318198.0,0.1644,-0.0361,0.0438,61.7683,133.5366,-13.0488
1574147318199.0,0.1598,-0.0389,0.0363,61.4024,163.5366,-7.1341
1574147318200.0,0.1329,-0.0445,0.024,59.0244,194.0244,-2.561
1574147318241.0,0.0992,-0.0477,0.0251,56.5854,215.5488,2.1951
1574147318242.0,0.0806,-0.0444,0.0374,56.4634,218.7195,4.1463
1574147318243.0,0.0723,-0.0385,0.0497,56.7073,200.9756,5.5488
1574147318244.0,0.0706,-0.0349,0.0625,55.2439,169.8781,6.5244
1574147318286.0,0.0764,-0.0344,0.0682,53.4756,135.061,4.6951
1574147318287.0,0.0839,-0.0346,0.0806,50.4268,97.2561,2.6829
1574147318288.0,0.0875,-0.031,0.0904,46.4634,63.7195,3.2317
1574147318288.0,0.1058,-0.0303,0.0916,43.9634,36.2195,5.4878
1574147318289.0,0.1245,-0.0338,0.0878,38.3537,11.8902,9.2073
1574147318331.0,0.1183,-0.0345,0.0736,32.439,-0.7317,11.2195
1574147318332.0,0.103,-0.0296,0.0594,29.7561,0.7317,11.5244
1574147318333.0,0.1049,-0.0312,0.0679,30.0,6.1585,12.0732
1574147318333.0,0.1298,-0.0332,0.0742,26.8902,16.5854,8.6585
1574147318421.0,0.1323,-0.0253,0.0679,27.439,43.2927,18.9634
1574147318422.0,0.1064,-0.0302,0.0746,35.1829,73.9024,40.0
1574147318423.0,0.0894,-0.044,0.0761,34.0244,79.8171,28.8415
1574147318424.0,0.0932,-0.0414,0.0803,25.9146,61.2195,12.622
1574147318424.0,0.0982,-0.0318,0.0832,23.3537,38.4756,11.3415
1574147318511.0,0.1077,-0.032,0.0735,19.0244,23.7805,10.2439
1574147318511.0,0.1149,-0.0291,0.0568,16.5854,17.8049,5.7317
1574147318512.0,0.116,-0.0316,0.0491,22.1341,15.3049,7.1341
1574147318512.0,0.1132,-0.0348,0.0458,23.5366,12.8049,6.1585
1574147318513.0,0.1065,-0.0258,0.0449,27.0122,26.2805,3.2317
1574147318514.0,0.1013,-0.0165,0.0532,35.122,54.4512,4.6951
1574147318556.0,0.1005,-0.0161,0.0674,38.7805,75.3049,8.3537
1574147318557.0,0.0996,-0.0184,0.0775,36.9512,83.0488,9.7561
1574147318558.0,0.0978,-0.02,0.0815,35.122,81.2805,11.6463
1574147318558.0,0.0956,-0.0186,0.0855,33.3537,69.5122,12.378
1574147318559.0,0.0919,-0.0186,0.0815,30.4878,53.7195,11.6463
1574147318560.0,0.0891,-0.0195,0.0767,26.8293,37.0122,10.6707
1574147318561.0,0.091,-0.02,0.077,22.3171,20.122,9.7561
1574147318561.0,0.0967,-0.025,0.0813,18.1707,6.2195,7.378
1574147318562.0,0.0997,-0.0294,0.0824,15.4878,1.7683,3.5366
1574147318563.0,0.0989,-0.0302,0.077,14.5732,6.4024,2.2561
1574147318601.0,0.0966,-0.0281,0.0704,14.3293,15.3049,2.1951
1574147318602.0,0.0926,-0.0267,0.0699,15.1829,24.3902,0.4268
1574147318603.0,0.093,-0.0275,0.0693,14.5122,28.6585,-1.2195
1574147318604.0,0.0941,-0.0255,0.0722,12.8659,25.3659,-0.122
1574147318604.0,0.0936,-0.0239,0.0796,11.8902,17.6829,1.1585
1574147318605.0,0.0967,-0.0245,0.0851,8.5976,7.1951,-1.4634
1574147318606.0,0.1048,-0.0251,0.0851,5.2439,-2.6829,-2.2561
1574147318646.0,0.1087,-0.0263,0.0815,3.4756,-2.6829,0.061
1574147318647.0,0.1025,-0.0283,0.0778,3.4756,5.3659,2.2561
1574147318648.0,0.093,-0.031,0.0765,3.8415,15.2439,3.1707
1574147318649.0,0.0886,-0.032,0.0768,3.8415,19.7561,2.9268
1574147318691.0,0.091,-0.0311,0.0768,4.5122,12.6829,1.0976
1574147318692.0,0.095,-0.0322,0.0787,5.0,-2.0732,0.6707
1574147318693.0,0.0962,-0.0322,0.0816,3.4756,-13.4146,1.6463
1574147318693.0,0.103,-0.0323,0.09,1.7073,-15.6707,0.5488
1574147318694.0,0.1134,-0.0355,0.0924,-0.4878,-7.378,0.1829
1574147318736.0,0.1125,-0.0307,0.0866,2.1341,12.9268,1.6463
1574147318737.0,0.1005,-0.0237,0.0839,10.061,37.0732,4.878
1574147318737.0,0.0891,-0.0254,0.0825,8.5366,52.1341,5.3049
1574147318738.0,0.0833,-0.028,0.082,3.7195,55.122,4.0244
1574147318781.0,0.0822,-0.0276,0.0867,2.8659,47.0732,2.622
1574147318782.0,0.082,-0.028,0.0901,0.9756,33.2317,0.8537
1574147318783.0,0.0815,-0.0261,0.0942,-0.1829,22.622,0.3659
1574147318784.0,0.0826,-0.0262,0.0955,-0.122,16.0366,1.2805
1574147318784.0,0.0856,-0.0282,0.0972,-1.1585,14.0854,2.0732
1574147318826.0,0.0909,-0.0239,0.1002,-1.7073,12.5,1.8293
1574147318827.0,0.0974,-0.0245,0.1088,-2.8049,7.8049,-1.1585
1574147318828.0,0.0938,-0.0271,0.1088,-6.9512,12.561,-3.5366
1574147318829.0,0.0862,-0.029,0.1047,-8.1098,20.3659,-0.6707
1574147318871.0,0.0867,-0.0315,0.0964,-9.939,14.2073,-0.3049
1574147318872.0,0.0895,-0.0319,0.0904,-11.8902,-1.8902,-4.6341
1574147318873.0,0.1023,-0.0378,0.0841,-12.0732,-15.4878,-4.2073
1574147318873.0,0.1184,-0.0344,0.0724,-6.5854,-14.2073,-1.0976
1574147318874.0,0.1138,-0.0331,0.0714,2.622,2.3171,4.6951
1574147318916.0,0.0983,-0.0382,0.0756,3.0488,30.9146,3.2317
1574147318917.0,0.0881,-0.0389,0.0777,2.7439,57.3781,1.7683
1574147318918.0,0.0836,-0.0363,0.0807,6.0976,65.0,3.7195
1574147318919.0,0.0823,-0.0359,0.0847,9.0244,55.7927,5.3659
1574147318919.0,0.088,-0.0357,0.0858,8.7805,39.878,4.3902
1574147318960.0,0.0858,-0.0336,0.0867,8.6585,29.3293,5.9146
1574147318961.0,0.0749,-0.0326,0.0894,10.8537,26.8902,7.3171
1574147318962.0,0.0652,-0.0312,0.092,12.1341,23.7195,4.3293
1574147318962.0,0.0594,-0.0293,0.092,10.122,13.2927,0.9756
1574147319005.0,0.0554,-0.0289,0.0895,7.439,-2.1951,-0.9756
1574147319006.0,0.0563,-0.0298,0.0911,6.2805,-20.6098,-3.7195
1574147319007.0,0.0613,-0.0317,0.0911,4.3902,-41.7683,-6.8902
1574147319007.0,0.0613,-0.0306,0.0931,1.4024,-68.4146,-10.061
1574147319008.0,0.069,-0.03,0.1036,0.6098,-100.3049,-12.8049
1574147319050.0,0.0983,-0.0372,0.1204,-6.3415,-137.8049,-14.2073
1574147319051.0,0.1251,-0.0481,0.1291,-17.5,-168.6585,-12.0732
1574147319052.0,0.1287,-0.0448,0.1227,-22.439,-182.561,-9.2683
1574147319053.0,0.1277,-0.0377,0.1087,-24.4512,-182.3781,-6.6463
1574147319096.0,0.1292,-0.0453,0.0983,-31.1585,-176.6463,-3.9634
1574147319097.0,0.1306,-0.0565,0.0842,-42.8659,-174.3293,0.122
1574147319097.0,0.1302,-0.0537,0.0745,-49.8781,-161.4024,9.3902
1574147319098.0,0.1276,-0.0491,0.0646,-49.6951,-131.8902,18.5366
1574147319099.0,0.1224,-0.0504,0.0454,-49.3293,-101.6463,18.2317
1574147319141.0,0.1266,-0.0527,0.0273,-47.1341,-73.9634,16.8293
1574147319142.0,0.1447,-0.045,0.0292,-40.4878,-47.439,20.7317
1574147319143.0,0.1669,-0.0427,0.0436,-30.4268,-19.6341,31.1585
1574147319144.0,0.1734,-0.0428,0.0535,-26.5854,12.8659,37.9878
1574147319186.0,0.1446,-0.0375,0.0538,-22.9878,58.4756,40.061
1574147319186.0,0.1129,-0.0333,0.0498,-16.4634,113.2317,40.2439
1574147319187.0,0.1065,-0.026,0.0461,-12.5,149.8171,44.2683
1574147319188.0,0.1103,-0.0244,0.0499,-5.9146,163.4756,54.2683
1574147319188.0,0.0967,-0.0291,0.0491,-3.2317,169.5732,60.8537
1574147319231.0,0.0727,-0.0306,0.0477,-3.7195,169.4512,58.2927
1574147319232.0,0.0516,-0.0236,0.0508,-0.061,162.9878,51.1585
1574147319232.0,0.0491,-0.0192,0.0521,5.7927,141.2195,46.7073
1574147319233.0,0.0567,-0.02,0.0594,9.5732,105.6707,48.5366
1574147319234.0,0.0619,-0.031,0.0645,8.1707,64.0244,49.2683
1574147319275.0,0.0724,-0.037,0.0739,4.2073,27.8049,39.2073
1574147319276.0,0.0834,-0.0392,0.0731,6.6463,10.122,35.4878
1574147319277.0,0.0867,-0.0466,0.0792,8.2927,4.5122,39.0244
1574147319277.0,0.0889,-0.0547,0.0833,7.622,1.8902,37.622
1574147319321.0,0.0933,-0.0546,0.08,6.3415,3.7805,34.3902
1574147319321.0,0.0981,-0.0475,0.0854,7.8659,13.4146,32.9878
1574147319322.0,0.095,-0.0457,0.0833,10.122,30.1829,28.2317
1574147319322.0,0.0751,-0.0467,0.0679,11.8902,50.8537,25.061
1574147319323.0,0.0576,-0.0471,0.0602,16.4634,64.0244,25.4268
1574147319366.0,0.0532,-0.0519,0.0606,22.439,58.4146,21.0976
1574147319367.0,0.0558,-0.0602,0.0626,24.7561,34.6951,16.4024
1574147319368.0,0.0588,-0.064,0.0665,25.9756,4.878,16.3415
1574147319368.0,0.0667,-0.0624,0.0715,28.8415,-23.8415,12.439
1574147319411.0,0.0817,-0.0594,0.0743,32.8049,-48.6585,6.5854
1574147319412.0,0.0863,-0.0563,0.0759,37.6829,-64.2683,4.939
1574147319413.0,0.0856,-0.0534,0.0688,40.6098,-70.3049,4.2073
1574147319414.0,0.0758,-0.0516,0.0582,41.4024,-67.622,1.3415
1574147319414.0,0.0648,-0.0517,0.0518,43.0488,-59.8171,-3.7805
1574147319456.0,0.0678,-0.0516,0.0527,46.8902,-49.6951,-7.9878
1574147319457.0,0.0802,-0.0486,0.0626,53.0488,-43.1707,-9.2683
1574147319457.0,0.1031,-0.0435,0.0715,60.3659,-41.0366,-10.7317
1574147319458.0,0.1141,-0.037,0.0799,61.9512,-30.4878,-14.8171
1574147319501.0,0.1044,-0.0316,0.0771,61.2195,-7.0122,-16.8902
1574147319502.0,0.0888,-0.0289,0.0722,61.5244,22.9268,-17.3171
1574147319502.0,0.0717,-0.0281,0.0785,61.4634,48.7195,-16.4024
1574147319503.0,0.0634,-0.0274,0.0928,61.4634,56.5854,-15.9146
1574147319504.0,0.0743,-0.0233,0.1004,60.7317,45.9146,-17.1951
1574147319546.0,0.0924,-0.0212,0.1025,56.4634,25.8537,-14.2683
1574147319546.0,0.1166,-0.0243,0.1033,51.5244,11.0976,-10.8537
1574147319547.0,0.1426,-0.0287,0.1061,48.9024,11.0366,-8.8415
1574147319547.0,0.1393,-0.0266,0.1056,44.7561,28.4756,-3.7805
1574147319591.0,0.1099,-0.0176,0.1301,45.1829,60.7927,2.439
1574147319591.0,0.0715,-0.0219,0.1493,44.939,81.5854,5.9146
1574147319592.0,0.0836,-0.0325,0.14,28.4146,55.122,8.2927
1574147319592.0,0.1033,-0.0291,0.1239,8.4756,14.6341,13.7805
1574147319593.0,0.0936,-0.0386,0.1105,0.9146,-3.5366,27.3171
1574147319636.0,0.0895,-0.0488,0.0952,1.3415,5.1829,24.939
1574147319637.0,0.0919,-0.0507,0.0789,5.061,19.6951,19.6951
1574147319638.0,0.084,-0.049,0.0682,11.7073,31.5244,22.378
1574147319638.0,0.0693,-0.0475,0.0674,21.7683,43.4756,23.7195
1574147319639.0,0.069,-0.0499,0.0754,30.6098,42.0732,22.378
1574147319681.0,0.0782,-0.0462,0.0883,36.3415,27.439,18.5976
1574147319682.0,0.0832,-0.0383,0.0974,40.8537,13.6585,15.061
1574147319683.0,0.0889,-0.0346,0.099,43.2317,18.0488,10.6707
1574147319683.0,0.0969,-0.0304,0.1017,43.5366,40.4268,7.8049
1574147319726.0,0.086,-0.0243,0.1091,41.3415,67.7439,9.939
1574147319727.0,0.0562,-0.019,0.1115,37.9878,90.3659,10.4268
1574147319727.0,0.0354,-0.0156,0.1166,35.2439,102.0732,6.0976
1574147319728.0,0.0411,-0.0117,0.1103,29.5732,92.0732,2.0122
1574147319729.0,0.0619,-0.002,0.1091,22.1951,61.6463,0.7927
1574147319771.0,0.0738,0.0051,0.1163,18.3537,32.561,-4.5122
1574147319771.0,0.0903,0.006,0.117,16.2805,26.5244,-15.4268
1574147319772.0,0.092,0.016,0.1185,12.9878,42.1951,-16.6463
1574147319772.0,0.0758,0.0243,0.1188,11.9512,61.1585,-11.9512
1574147319816.0,0.0656,0.026,0.116,10.3659,72.5,-14.7561
1574147319816.0,0.0674,0.0275,0.1069,5.9146,64.2073,-13.9024
1574147319817.0,0.0757,0.0281,0.0961,2.439,42.9878,-9.939
1574147319818.0,0.0803,0.0273,0.0946,0.7317,19.2683,-6.7683
1574147319818.0,0.086,0.0204,0.093,-0.3049,1.2805,-5.0
1574147319861.0,0.0897,0.0134,0.0928,0.3659,0.2439,-4.3902
1574147319862.0,0.0752,0.0057,0.0928,2.0122,11.8293,0.1829
1574147319863.0,0.0553,-0.0041,0.0922,4.939,24.1463,3.1707
1574147319864.0,0.0517,-0.013,0.0936,7.1341,24.4512,1.4634
1574147319906.0,0.0602,-0.0176,0.1,6.1585,6.7073,0.1829
1574147319907.0,0.0753,-0.022,0.1027,3.5976,-18.6585,0.5488
1574147319908.0,0.0964,-0.0266,0.1047,0.9146,-40.061,0.3659
1574147319909.0,0.1143,-0.0291,0.1071,0.7317,-52.1341,2.5
1574147319909.0,0.1167,-0.0341,0.1059,3.0488,-49.8171,6.6463
1574147319951.0,0.099,-0.0375,0.1071,6.2195,-31.5854,12.3171
1574147319952.0,0.0686,-0.0403,0.103,9.3293,-5.9756,18.3537
1574147319953.0,0.0403,-0.0462,0.0973,11.3415,9.878,20.0
1574147319953.0,0.0255,-0.0574,0.0931,11.3415,7.5,20.1829
1574147319954.0,0.0226,-0.0653,0.089,9.8171,-5.4268,19.878
1574147319996.0,0.0301,-0.0674,0.0885,8.7195,-18.5366,17.0732
1574147319997.0,0.0414,-0.0665,0.0915,10.1829,-22.561,11.8293
1574147319998.0,0.0508,-0.0637,0.0954,11.5854,-15.7317,7.439
1574147319999.0,0.0533,-0.0575,0.0945,12.9878,-2.439,3.0488
1574147320041.0,0.0502,-0.0493,0.0961,14.8171,7.9268,-2.6829
1574147320042.0,0.0494,-0.046,0.101,13.8415,5.1829,-10.122
1574147320043.0,0.0598,-0.0462,0.1083,10.3659,-0.3049,-17.9268
1574147320044.0,0.07,-0.0421,0.1157,7.439,1.8293,-18.4756
1574147320045.0,0.0736,-0.0372,0.121,4.0854,4.0244,-15.6707
1574147320086.0,0.0751,-0.0307,0.1201,-0.2439,9.1463,-17.378
1574147320087.0,0.0779,-0.0228,0.121,-4.1463,15.9146,-18.6585
1574147320088.0,0.0788,-0.0159,0.1264,-6.1585,21.4634,-18.0488
1574147320089.0,0.0803,-0.0043,0.1279,-7.1341,30.122,-20.5488
1574147320131.0,0.0844,0.0101,0.1306,-8.3537,36.7073,-22.9268
1574147320132.0,0.0834,0.0217,0.1304,-11.7073,40.6707,-23.7805
1574147320133.0,0.0748,0.0283,0.127,-14.8171,47.0732,-23.4146
1574147320133.0,0.0601,0.0294,0.1216,-16.0366,52.1341,-20.6098
1574147320134.0,0.055,0.0283,0.1134,-14.878,50.4268,-19.3293
1574147320176.0,0.0586,0.0327,0.1068,-14.0244,38.5366,-16.7073
1574147320177.0,0.06,0.033,0.1046,-11.8293,24.8171,-12.439
1574147320178.0,0.061,0.0295,0.1051,-9.2683,15.6707,-12.9268
1574147320178.0,0.0653,0.0269,0.1071,-7.2561,7.6829,-12.622
1574147320221.0,0.0711,0.0219,0.1089,-4.3293,-3.0488,-9.0854
1574147320222.0,0.0809,0.0174,0.1121,-1.5854,-11.7073,-9.4512
1574147320223.0,0.0889,0.0128,0.1122,-0.4878,-15.4878,-9.0854
1574147320224.0,0.088,0.0047,0.111,-0.8537,-13.4756,-6.5854
1574147320225.0,0.0812,-0.0007,0.1105,0.1829,-5.1829,-4.7561
1574147320266.0,0.0739,-0.0042,0.1053,0.9146,-0.3049,-2.6829
1574147320267.0,0.0663,-0.01,0.0944,0.4878,-4.4512,-1.4024
1574147320268.0,0.066,-0.0202,0.0839,0.6098,-12.7439,-1.4024
1574147320269.0,0.0702,-0.0311,0.0858,1.5854,-22.1951,0.4268
1574147320311.0,0.076,-0.0421,0.0871,3.7805,-28.4146,3.8415
1574147320312.0,0.082,-0.0514,0.087,7.8659,-27.561,5.3659
1574147320313.0,0.0776,-0.059,0.0926,12.439,-21.2805,6.0976
1574147320314.0,0.0703,-0.0671,0.1005,16.4634,-10.7317,5.122
1574147320315.0,0.0617,-0.0724,0.1078,18.5976,0.0,4.4512
1574147320356.0,0.0535,-0.0776,0.1104,17.3171,3.2317,5.7317
1574147320357.0,0.052,-0.0806,0.1094,13.2927,0.6098,5.1829
1574147320358.0,0.0561,-0.0781,0.1045,7.6829,-5.4268,4.939
1574147320358.0,0.0652,-0.0745,0.0963,2.7439,-9.5122,5.3049
1574147320359.0,0.068,-0.0673,0.0953,0.4878,-5.122,4.0244
1574147320401.0,0.0532,-0.0593,0.0958,1.4024,6.2195,3.3537
1574147320402.0,0.0355,-0.0539,0.0903,2.439,18.7195,0.7317
1574147320403.0,0.0403,-0.0505,0.0862,3.1707,19.4512,-1.8902
1574147320404.0,0.0565,-0.0505,0.0878,0.9146,4.3902,0.7927
1574147320446.0,0.0586,-0.0483,0.0899,0.1829,-7.9268,4.1463
1574147320447.0,0.0591,-0.0444,0.0896,2.2561,-9.3293,2.6829
1574147320448.0,0.0739,-0.0387,0.0887,2.6829,-12.3171,-0.3659
1574147320448.0,0.0929,-0.0319,0.0948,2.3171,-16.8293,0.6707
1574147320449.0,0.0947,-0.025,0.1024,3.7195,-14.3293,3.3537
1574147320491.0,0.0853,-0.0204,0.1072,5.2439,-4.4512,2.8049
1574147320492.0,0.0768,-0.0122,0.1131,6.0976,7.5,0.3049
1574147320493.0,0.067,-0.0004,0.1208,6.4024,13.1707,0.2439
1574147320493.0,0.0588,0.0054,0.1265,5.3659,12.8049,0.061
1574147320536.0,0.0679,0.0086,0.119,2.0732,11.2195,-1.8293
1574147320537.0,0.0787,0.0142,0.1147,-1.5244,7.2561,2.439
1574147320538.0,0.077,0.0154,0.1177,-3.5366,0.6098,8.5976
1574147320539.0,0.0712,0.0162,0.1183,-3.8415,-0.6707,4.878
1574147320540.0,0.0742,0.0208,0.1216,-4.6951,-2.1951,1.0976
1574147320581.0,0.0785,0.0253,0.1271,-6.3415,-11.7073,3.1098
1574147320581.0,0.0822,0.0281,0.1233,-7.0732,-23.0488,4.7561
1574147320582.0,0.0923,0.0285,0.1112,-7.7439,-34.4512,8.7195
1574147320582.0,0.1033,0.026,0.0955,-8.5366,-46.8902,17.622
1574147320626.0,0.1092,0.0205,0.0846,-4.2073,-52.0732,25.0
1574147320626.0,0.1006,0.016,0.0871,5.1829,-44.2073,28.3537
1574147320627.0,0.0844,0.0103,0.095,15.4268,-26.7073,31.8902
1574147320671.0,0.0756,0.0078,0.1025,24.878,-12.561,35.6707
1574147320672.0,0.0789,0.0059,0.1171,30.4878,-17.2561,40.2439
1574147320673.0,0.0898,-0.0004,0.1317,31.9512,-29.8171,41.0366
1574147320673.0,0.0883,-0.0068,0.1489,30.4878,-27.622,38.1707
1574147320674.0,0.0713,-0.0123,0.1486,24.939,-3.8415,36.5244
1574147320675.0,0.0537,-0.0172,0.1315,17.1341,26.4024,31.4634
1574147320676.0,0.0276,-0.025,0.1216,7.378,49.6951,26.8293
1574147320716.0,0.0018,-0.0339,0.1179,1.1585,65.7927,19.8171
1574147320717.0,-0.0172,-0.033,0.1191,-2.622,67.0732,9.5122
1574147320718.0,-0.0204,-0.0255,0.114,-7.3171,51.7073,-4.2073
1574147320718.0,-0.0079,-0.0174,0.1091,-12.439,26.7683,-21.7073
1574147320761.0,0.011,-0.0079,0.1107,-20.7317,-6.7683,-34.4512
1574147320762.0,0.022,0.001,0.1081,-29.939,-40.9146,-43.6585
1574147320763.0,0.0388,0.0034,0.0993,-38.4756,-65.4878,-53.2927
1574147320764.0,0.0516,0.0049,0.0923,-47.439,-79.8781,-60.122
1574147320764.0,0.0481,0.0074,0.1044,-56.4024,-93.1098,-60.9756
1574147320806.0,0.0424,0.0075,0.1272,-65.9756,-115.1829,-63.9024
1574147320807.0,0.0654,-0.0021,0.1449,-83.0488,-155.4878,-70.122
1574147320808.0,0.1011,-0.0132,0.1455,-110.7927,-206.3415,-70.9146
1574147320809.0,0.1216,-0.0203,0.1259,-139.2683,-242.5,-62.9268
1574147320851.0,0.1306,-0.0276,0.1045,-163.9634,-252.3781,-53.8415
1574147320852.0,0.141,-0.0347,0.0885,-186.7073,-248.1098,-46.6463
1574147320853.0,0.1492,-0.037,0.0714,-203.2927,-232.561,-39.5122
1574147320854.0,0.1517,-0.0362,0.0494,-207.622,-200.1829,-29.0854
1574147320854.0,0.139,-0.0349,0.0325,-200.7927,-157.6829,-14.0244
1574147320896.0,0.1188,-0.0394,0.0255,-187.3781,-116.4634,-2.2561
1574147320897.0,0.1025,-0.0471,0.0267,-173.1707,-86.8902,1.2805
1574147320898.0,0.1013,-0.0524,0.0302,-160.4878,-69.8171,0.7927
1574147320899.0,0.0974,-0.0532,0.0375,-145.5488,-56.2195,0.4878
1574147320941.0,0.09,-0.0528,0.0475,-132.561,-44.6951,-0.6707
1574147320942.0,0.1046,-0.0543,0.0495,-123.1098,-27.5,-5.122
1574147320943.0,0.1254,-0.0576,0.0363,-115.1829,0.2439,-12.3171
1574147320944.0,0.1067,-0.0566,0.03,-105.6707,37.0122,-13.9634
1574147320944.0,0.0595,-0.0588,0.0347,-90.2439,73.4756,-16.5854
1574147320986.0,0.0308,-0.064,0.0305,-75.4878,92.3171,-30.0
1574147320986.0,0.0396,-0.0654,0.0325,-65.3659,83.7805,-43.7805
1574147320987.0,0.0656,-0.0649,0.037,-54.6951,59.5732,-48.7195
1574147320987.0,0.0887,-0.0672,0.0246,-44.5122,33.0488,-50.8537
1574147320988.0,0.1017,-0.0673,0.0284,-33.4756,22.622,-53.0488
1574147321031.0,0.0905,-0.0535,0.0413,-22.622,23.5366,-57.0732
1574147321031.0,0.0906,-0.0535,0.0579,-19.0244,22.2561,-62.3781
1574147321032.0,0.0911,-0.054,0.0692,-19.3902,34.6951,-67.6829
1574147321032.0,0.0923,-0.0453,0.0713,-17.2561,56.2195,-70.4268
1574147321076.0,0.1076,-0.0367,0.0808,-13.9634,55.5488,-67.1951
1574147321077.0,0.0927,-0.0389,0.0742,-19.7561,28.3537,-60.5488
1574147321078.0,0.0785,-0.0461,0.0582,-30.4268,-9.3902,-59.2683
1574147321079.0,0.0829,-0.0413,0.0258,-33.2317,-45.061,-64.4512
1574147321079.0,0.1188,-0.0453,0.0189,-30.0,-85.9146,-59.8171
1574147321121.0,0.1411,-0.0453,0.0343,-31.9512,-111.0366,-54.0854
1574147321122.0,0.15,-0.0385,0.0584,-32.6829,-109.939,-49.6341
1574147321123.0,0.1531,-0.0335,0.0665,-29.1463,-87.0122,-47.439
1574147321123.0,0.1428,-0.0371,0.0554,-26.0366,-49.8171,-44.1463
1574147321166.0,0.1185,-0.0415,0.0446,-21.2195,-8.5366,-41.5244
1574147321167.0,0.1049,-0.0443,0.0449,-13.4146,20.4268,-41.0976
1574147321168.0,0.1125,-0.0442,0.0447,-8.9634,29.878,-39.939
1574147321169.0,0.1212,-0.0402,0.046,-6.1585,26.2805,-37.0122
1574147321170.0,0.1223,-0.0368,0.0471,-2.9878,20.8537,-37.8049
1574147321211.0,0.1182,-0.0262,0.0302,1.7073,14.8171,-42.439
1574147321212.0,0.1259,-0.0234,0.038,7.378,0.6707,-40.9756
1574147321213.0,0.1309,-0.0248,0.0421,4.2683,-9.0244,-42.8049
1574147321213.0,0.1329,-0.0175,0.0497,3.7805,-1.1585,-43.1707
1574147321256.0,0.1376,-0.0128,0.0573,9.0244,16.5854,-39.1463
1574147321257.0,0.1432,-0.0153,0.0607,12.0122,40.6098,-36.5244
1574147321257.0,0.1365,-0.0159,0.0593,15.1829,63.9634,-30.122
1574147321258.0,0.121,-0.0184,0.0525,21.0366,78.1707,-22.8049
1574147321259.0,0.1108,-0.0221,0.043,25.061,81.7073,-19.1463
1574147321301.0,0.1084,-0.0223,0.045,27.9878,75.5488,-17.622
1574147321302.0,0.1079,-0.0186,0.0534,28.9634,60.1829,-18.4756
1574147321303.0,0.1063,-0.0133,0.0616,29.5732,48.8415,-21.0366
1574147321303.0,0.1077,-0.011,0.0681,30.6098,43.7195,-20.3049
1574147321346.0,0.1059,-0.0137,0.0726,30.4268,38.7805,-17.9268
1574147321347.0,0.0975,-0.0161,0.0778,27.1951,29.6341,-17.3171
1574147321347.0,0.0936,-0.0154,0.0798,22.8049,16.8902,-17.6829
1574147321348.0,0.0972,-0.015,0.0758,18.4146,0.9146,-18.7805
1574147321349.0,0.1017,-0.0153,0.0643,13.9024,-12.5,-18.9634
1574147321391.0,0.1085,-0.0143,0.0549,12.5,-18.1707,-18.7805
1574147321392.0,0.1188,-0.0137,0.0512,13.7195,-18.2317,-19.5122
1574147321392.0,0.1229,-0.0121,0.0566,15.7927,-13.8415,-20.8537
1574147321393.0,0.1297,-0.0068,0.0674,19.3902,-3.2317,-21.2195
1574147321394.0,0.1412,-0.0193,0.0808,20.5488,-4.878,-14.3902
1574147321436.0,0.1384,-0.0217,0.0867,7.2561,-14.5732,-8.5976
1574147321437.0,0.1262,-0.0134,0.0848,5.8537,3.1707,-10.4878
1574147321438.0,0.113,-0.0105,0.0832,8.3537,23.4756,-8.7805
1574147321439.0,0.1019,-0.0136,0.0794,4.5732,28.9024,-7.622
1574147321481.0,0.1091,-0.0129,0.0715,2.561,22.7439,-8.0488
1574147321482.0,0.1201,-0.02,0.0771,0.6707,-0.2439,2.8659
1574147321483.0,0.1279,-0.019,0.0677,-9.3902,-17.2561,4.0854
1574147321484.0,0.1381,-0.0129,0.0682,-9.1463,-13.0488,1.1585
1574147321484.0,0.1408,-0.0047,0.0664,-9.4512,-10.3659,3.2317
1574147321526.0,0.1218,-0.0022,0.0558,-10.9146,1.3415,3.0488
1574147321527.0,0.1021,0.004,0.0679,-11.8902,17.9878,2.622
1574147321528.0,0.1111,0.0079,0.0796,-6.6463,30.0,0.122
1574147321528.0,0.1398,0.0178,0.0763,-8.4146,25.3049,5.3659
1574147321571.0,0.1561,0.021,0.0742,-10.6707,13.1098,22.9268
1574147321616.0,0.1605,0.0165,0.064,-21.4024,-2.8659,32.7439
1574147321617.0,0.1718,0.0158,0.0418,-32.3171,-7.439,34.1463
1574147321617.0,0.174,0.0287,0.0341,-37.3171,5.7927,42.439
1574147321618.0,0.1548,0.0339,0.0391,-38.9634,33.1098,52.0732
1574147321619.0,0.1271,0.0224,0.0386,-44.5122,66.8293,57.2561
1574147321620.0,0.1116,0.0078,0.0316,-53.4146,93.4146,64.3293
1574147321620.0,0.1105,-0.002,0.0231,-60.122,107.0122,74.3293
1574147321621.0,0.1061,-0.0133,0.018,-60.3659,114.3902,82.622
1574147321622.0,0.0946,-0.0274,0.014,-57.439,118.1707,86.7683
1574147321661.0,0.086,-0.0417,0.0137,-49.7561,111.7073,87.7439
1574147321661.0,0.0831,-0.0536,0.0244,-36.5854,92.2561,88.1098
1574147321662.0,0.083,-0.0599,0.0375,-19.2073,71.0366,88.9024
1574147321662.0,0.0914,-0.0637,0.0492,2.2561,53.8415,88.8415
1574147321706.0,0.0879,-0.0617,0.0564,25.6707,39.3902,89.8781
1574147321706.0,0.0768,-0.0632,0.0609,47.0122,18.5366,96.3415
1574147321707.0,0.07,-0.0714,0.0638,65.3049,-6.7073,96.8293
1574147321707.0,0.066,-0.0749,0.072,80.122,-28.4756,93.6585
1574147321708.0,0.0634,-0.0746,0.0759,92.2561,-37.6829,91.2195
1574147321751.0,0.0635,-0.0703,0.0806,101.8902,-38.6585,86.6463
1574147321751.0,0.0737,-0.0669,0.0901,105.2439,-40.4268,79.6951
1574147321752.0,0.0789,-0.0652,0.0933,102.622,-39.7561,71.7683
1574147321752.0,0.0577,-0.0608,0.0851,101.4634,-38.5976,62.1341
1574147321796.0,0.0307,-0.0499,0.0851,106.2195,-42.561,48.6585
1574147321797.0,0.0259,-0.0355,0.0964,104.6341,-55.2439,34.6341
1574147321797.0,0.0513,-0.0312,0.113,88.8415,-74.4512,26.4634
1574147321798.0,0.0892,-0.0392,0.1209,66.2805,-90.6707,21.7683
1574147321799.0,0.11,-0.0442,0.1234,48.7195,-89.0854,17.8049
1574147321841.0,0.1111,-0.043,0.1238,44.1463,-60.2439,18.5366
1574147321842.0,0.1071,-0.0436,0.1221,42.3171,-19.4512,24.8171
1574147321843.0,0.0958,-0.0449,0.1106,37.8049,11.2195,28.5366
1574147321844.0,0.0719,-0.0472,0.0847,33.3537,28.7805,27.6829
1574147321886.0,0.0479,-0.0387,0.0699,35.4878,34.0854,26.4024
1574147321887.0,0.048,-0.0276,0.0692,39.7561,21.5854,22.8049
1574147321888.0,0.0702,-0.022,0.0804,36.4024,0.0,17.9268
1574147321889.0,0.0905,-0.0182,0.0922,30.4268,-17.8049,16.7073
1574147321889.0,0.1012,-0.015,0.1063,27.6829,-23.9024,14.8171
1574147321931.0,0.1082,-0.0109,0.1127,24.0854,-18.9024,11.5854
1574147321932.0,0.1175,-0.0126,0.1118,19.7561,-12.6829,11.1585
1574147321933.0,0.1106,-0.0168,0.1075,15.2439,-5.6707,13.9634
1574147321933.0,0.0858,-0.0215,0.0971,13.4756,5.9146,13.4756
1574147321976.0,0.0656,-0.0226,0.085,11.5244,15.4878,7.2561
1574147321977.0,0.0663,-0.0218,0.0734,7.9878,14.0244,0.6098
1574147321978.0,0.0808,-0.0217,0.0729,7.0122,3.2317,-0.6707
1574147321978.0,0.0924,-0.0269,0.0822,6.0366,-8.4756,2.3171
1574147321979.0,0.0956,-0.0341,0.0891,2.622,-14.3293,1.6463
1574147322021.0,0.0904,-0.0364,0.0883,0.3049,-10.061,-2.8049
1574147322022.0,0.079,-0.0352,0.085,3.1707,-1.7073,-5.3049
1574147322023.0,0.0698,-0.0372,0.0784,6.7683,0.4878,-6.5854
1574147322024.0,0.0647,-0.0364,0.065,6.0366,-4.3902,-7.6829
1574147322024.0,0.062,-0.0361,0.0621,6.0366,-16.7073,-12.0122
1574147322066.0,0.0761,-0.0345,0.074,8.2317,-37.1341,-21.8293
1574147322067.0,0.1003,-0.03,0.0942,9.3293,-55.122,-24.8171
1574147322068.0,0.133,-0.0344,0.0988,9.4512,-58.9634,-20.3659
1574147322069.0,0.1613,-0.0402,0.092,7.8659,-45.8537,-16.4024
1574147322111.0,0.1437,-0.0367,0.0742,10.4268,-16.6463,-6.4634
1574147322112.0,0.0898,-0.0376,0.0599,16.2195,23.6585,-4.2073
1574147322113.0,0.0532,-0.0372,0.061,22.6829,43.5366,-14.878
1574147322113.0,0.0717,-0.032,0.0731,20.5488,20.4268,-20.7927
1574147322114.0,0.1134,-0.0251,0.0845,11.8902,-16.9512,-14.5122
1574147322156.0,0.1299,-0.0217,0.087,3.8415,-33.4756,-0.3659
1574147322157.0,0.1177,-0.0221,0.0848,2.439,-13.5976,6.7683
1574147322158.0,0.1011,-0.0276,0.073,4.0244,20.4878,4.0854
1574147322159.0,0.0941,-0.0327,0.0731,4.8171,40.061,0.9756
1574147322201.0,0.1231,-0.0338,0.0879,4.3902,32.0732,4.939
1574147322202.0,0.1327,-0.0303,0.0953,-0.1829,19.3902,12.5
1574147322203.0,0.1039,-0.0266,0.0915,3.9634,33.0488,5.9756
1574147322203.0,0.0837,-0.0253,0.0903,9.7561,52.0122,-0.6098
1574147322204.0,0.0834,-0.0238,0.0874,10.2439,52.2561,-1.7073
1574147322246.0,0.0909,-0.0244,0.0854,5.122,34.6951,0.3049
1574147322246.0,0.1041,-0.0227,0.0892,-0.9756,18.9634,1.7683
1574147322247.0,0.1091,-0.0214,0.0919,-5.9146,15.061,7.1951
1574147322247.0,0.1026,-0.0259,0.093,-9.3293,27.622,10.7317
1574147322291.0,0.092,-0.0358,0.0899,-9.3902,45.5488,9.4512
1574147322291.0,0.0909,-0.0429,0.0854,-5.061,55.3049,6.5854
1574147322292.0,0.0945,-0.045,0.0876,-4.0244,52.3171,11.0366
1574147322293.0,0.0747,-0.0439,0.0865,-2.8659,55.9146,11.5854
1574147322293.0,0.0632,-0.041,0.0842,1.9512,63.4146,0.1829
1574147322336.0,0.0667,-0.0353,0.084,3.1098,58.8415,-6.3415
1574147322336.0,0.0748,-0.0344,0.085,2.561,44.0854,-5.6098
1574147322337.0,0.0818,-0.035,0.0852,1.1585,26.6463,-1.2195
1574147322337.0,0.093,-0.037,0.0866,-0.2439,14.0854,2.0122
1574147322426.0,0.097,-0.0419,0.0802,1.1585,17.3171,0.4878
1574147322471.0,0.1069,-0.0412,0.0724,7.0122,32.561,-2.2561
1574147322472.0,0.1238,-0.0367,0.0786,15.5488,45.7927,-1.2195
1574147322473.0,0.12,-0.0364,0.087,15.9756,63.1707,2.378
1574147322474.0,0.1003,-0.0381,0.0911,14.6951,84.0854,3.1098
1574147322474.0,0.0715,-0.0369,0.0932,15.4878,97.3171,4.0854
1574147322475.0,0.0565,-0.0347,0.0932,16.5854,92.0732,3.1098
1574147322476.0,0.0599,-0.034,0.0966,14.6951,71.4634,0.2439
1574147322477.0,0.064,-0.0323,0.097,10.122,37.5,-2.8659
1574147322477.0,0.0735,-0.033,0.0942,8.5366,1.2195,-4.3293
1574147322516.0,0.084,-0.0319,0.0923,5.6707,-25.3049,-3.9024
1574147322517.0,0.0986,-0.0302,0.0903,3.8415,-37.6829,-2.439
1574147322518.0,0.1119,-0.0264,0.0967,4.3902,-38.1098,0.7927
1574147322519.0,0.1097,-0.028,0.1027,4.3293,-25.122,3.9024
1574147322520.0,0.0894,-0.0253,0.1038,5.5488,4.0244,4.3902
1574147322521.0,0.0723,-0.0233,0.1014,7.1951,34.5122,3.7195
1574147322522.0,0.0737,-0.0266,0.0939,5.5488,47.622,3.1707
1574147322523.0,0.0734,-0.0281,0.0891,2.9878,40.5488,7.561
1574147322523.0,0.0591,-0.0314,0.0845,4.2073,29.7561,12.1341
1574147322561.0,0.0515,-0.0303,0.0845,7.1341,19.5122,10.0
1574147322562.0,0.0576,-0.0253,0.0885,7.5,2.8049,6.0366
1574147322563.0,0.0728,-0.023,0.0958,5.061,-17.7439,2.8049
1574147322564.0,0.0831,-0.0208,0.1056,1.7073,-32.0732,3.7195
1574147322606.0,0.0881,-0.024,0.1086,0.122,-34.0854,6.4024
1574147322607.0,0.089,-0.0268,0.1136,-1.5854,-26.0366,6.2805
1574147322608.0,0.0856,-0.0301,0.1156,-2.9268,-11.7683,5.1829
1574147322609.0,0.0835,-0.03,0.1085,-3.5976,3.1707,4.3293
1574147322609.0,0.0837,-0.03,0.0981,-4.6951,7.8659,6.0366
1574147322651.0,0.082,-0.0323,0.0937,-3.0488,1.4634,5.061
1574147322651.0,0.0768,-0.0331,0.0945,-1.5854,-8.8415,3.9024
1574147322652.0,0.0671,-0.0319,0.0982,-0.061,-16.2805,3.7195
1574147322696.0,0.067,-0.0319,0.1011,-1.0366,-22.8049,2.9878
1574147322696.0,0.0776,-0.0371,0.1017,-4.3902,-32.9878,4.8171
1574147322697.0,0.0925,-0.0431,0.0986,-8.8415,-45.8537,5.7927
1574147322697.0,0.0997,-0.0436,0.0995,-9.5732,-49.8781,7.5
1574147322698.0,0.0969,-0.0398,0.0982,-8.6585,-37.6829,5.4878
1574147322699.0,0.0918,-0.0432,0.1058,-8.5366,-15.3049,-1.4024
1574147322741.0,0.0827,-0.0412,0.1096,-7.622,3.8415,-6.6463
1574147322741.0,0.0767,-0.0394,0.1069,-4.6951,15.9146,0.9756
1574147322742.0,0.0768,-0.0421,0.0978,-6.4024,20.4268,8.7195
1574147322743.0,0.0801,-0.0439,0.0865,-9.5122,18.0488,11.0366
1574147322743.0,0.087,-0.0447,0.0858,-9.2683,12.378,8.8415
1574147322786.0,0.0861,-0.0428,0.0945,-6.0976,12.439,6.4634
1574147322787.0,0.0834,-0.0436,0.0972,-6.5854,18.8415,9.8171
1574147322788.0,0.0842,-0.045,0.0931,-4.8171,22.9878,10.2439
1574147322789.0,0.0821,-0.042,0.0961,1.9512,18.8415,11.2805
1574147322831.0,0.0831,-0.0355,0.105,10.3659,10.4878,9.2073
1574147322832.0,0.0853,-0.0306,0.1133,9.6341,8.9024,6.4024
1574147322833.0,0.0823,-0.0283,0.1107,4.6951,17.8049,9.0244
1574147322833.0,0.0854,-0.0292,0.1011,1.2805,34.3902,17.0732
1574147322834.0,0.0928,-0.0347,0.0949,-2.3171,55.122,26.5854
1574147322876.0,0.0869,-0.0353,0.0962,-1.2805,70.7927,27.5
1574147322877.0,0.0634,-0.033,0.0938,1.6463,78.5366,24.5122
1574147322878.0,0.0452,-0.0339,0.0861,4.3902,75.1829,20.061
1574147322878.0,0.0421,-0.0331,0.0812,7.6829,57.9878,18.0488
1574147322921.0,0.0542,-0.0316,0.0856,7.8659,31.8293,20.6707
1574147322922.0,0.069,-0.0325,0.0947,4.8171,12.1951,21.5244
1574147322923.0,0.0817,-0.0347,0.0984,3.3537,9.6341,18.6585
1574147322924.0,0.0917,-0.0349,0.0918,6.4634,17.0122,16.4024
1574147322924.0,0.0992,-0.0336,0.0884,11.8293,22.0732,19.0244
1574147322966.0,0.0927,-0.0316,0.0936,17.9878,22.1951,21.8293
1574147322966.0,0.0701,-0.0383,0.0974,20.7317,24.6341,19.0244
1574147322967.0,0.0461,-0.0339,0.0942,24.5732,27.622,11.3415
1574147322967.0,0.0407,-0.0269,0.0932,28.8415,19.8171,6.9512
1574147323011.0,0.0505,-0.0251,0.0995,27.2561,-1.4024,3.7195
1574147323011.0,0.0663,-0.0258,0.1053,21.7073,-25.2439,6.6463
1574147323012.0,0.0805,-0.0261,0.1063,16.2805,-42.439,10.7927
1574147323013.0,0.0837,-0.0292,0.1043,15.3049,-49.7561,12.0732
1574147323013.0,0.0748,-0.0308,0.0979,15.5488,-46.7683,10.3659
1574147323056.0,0.0645,-0.0268,0.1005,20.1829,-42.5,7.7439
1574147323057.0,0.0553,-0.0256,0.1018,23.4756,-51.5854,3.7195
1574147323057.0,0.056,-0.025,0.1005,19.2683,-70.0,-0.1829
1574147323058.0,0.0646,-0.0233,0.0964,14.7561,-85.5488,-0.4878
1574147323059.0,0.0716,-0.0284,0.0959,10.8537,-93.9024,-0.6707
1574147323101.0,0.0728,-0.0341,0.1006,7.3171,-94.5122,-2.2561
1574147323102.0,0.0745,-0.0319,0.108,6.7073,-88.9634,-4.5732
1574147323102.0,0.0843,-0.0277,0.1085,7.561,-83.5976,-9.0854
1574147323103.0,0.0938,-0.0298,0.1014,3.4756,-83.9634,-14.3293
1574147323146.0,0.0972,-0.0292,0.0918,0.061,-82.3171,-13.7805
1574147323147.0,0.0927,-0.0278,0.0854,1.8902,-68.1098,-10.6098
1574147323148.0,0.0794,-0.0307,0.0801,3.8415,-51.7073,-12.1951
1574147323148.0,0.0788,-0.029,0.0788,4.2073,-38.9024,-15.5488
1574147323149.0,0.0821,-0.0232,0.0812,5.9756,-33.5976,-13.9024
1574147323191.0,0.0804,-0.0192,0.0872,7.1341,-41.4634,-12.3171
1574147323192.0,0.0812,-0.0208,0.0901,5.7927,-57.1341,-17.2561
1574147323193.0,0.0913,-0.0244,0.0903,1.0366,-73.7805,-20.9756
1574147323193.0,0.1039,-0.0256,0.0887,-4.2073,-82.2561,-19.3902
1574147323236.0,0.1097,-0.0251,0.0803,-6.4634,-80.061,-17.378
1574147323236.0,0.1018,-0.0228,0.0745,-5.9756,-69.5122,-17.0732
1574147323237.0,0.0995,-0.0244,0.0702,-3.7805,-57.622,-18.5366
1574147323238.0,0.1031,-0.0227,0.0764,-2.5,-46.6463,-19.939
1574147323238.0,0.0967,-0.0207,0.0833,-1.2805,-40.7927,-17.2561
1574147323281.0,0.1007,-0.0214,0.0779,-2.622,-42.2561,-20.7927
1574147323282.0,0.1014,-0.0195,0.0712,-3.5366,-47.0732,-22.8049
1574147323283.0,0.0959,-0.0185,0.0646,-3.1707,-50.6707,-19.2683
1574147323284.0,0.0947,-0.0189,0.0633,-3.1707,-48.7805,-17.0732
1574147323326.0,0.098,-0.0182,0.0669,-2.561,-45.9146,-14.878
1574147323327.0,0.1029,-0.0195,0.0704,-0.9146,-47.8049,-13.9634
1574147323328.0,0.1038,-0.0208,0.0696,-1.4634,-51.5244,-13.5976
1574147323329.0,0.1,-0.0229,0.0677,-1.7683,-52.7439,-13.2927
1574147323330.0,0.0983,-0.0222,0.0718,-1.7683,-52.5,-14.3293
1574147323371.0,0.1028,-0.0202,0.0759,-1.8293,-53.1707,-14.939
1574147323372.0,0.1099,-0.0206,0.0739,-2.9878,-55.061,-13.9634
1574147323373.0,0.1133,-0.0206,0.0701,-4.2683,-56.2805,-12.622
1574147323374.0,0.1108,-0.022,0.0629,-5.122,-53.1098,-11.0366
1574147323416.0,0.1057,-0.0248,0.06,-5.061,-45.3049,-11.2805
1574147323417.0,0.1022,-0.0224,0.0609,-3.7805,-37.2561,-11.4634
1574147323418.0,0.1013,-0.0203,0.0625,-1.4634,-34.2683,-12.0732
1574147323419.0,0.1004,-0.0193,0.0654,-1.5854,-38.1707,-14.1463
1574147323419.0,0.1086,-0.022,0.0645,-3.2927,-43.4756,-16.1585
1574147323461.0,0.1175,-0.0211,0.064,-5.2439,-47.3781,-15.8537
1574147323462.0,0.1181,-0.019,0.064,-5.1829,-49.8781,-13.2927
1574147323463.0,0.114,-0.0201,0.0576,-4.4512,-48.6585,-14.0244
1574147323464.0,0.1156,-0.0213,0.0478,-4.0244,-46.7073,-16.2195
1574147323464.0,0.1285,-0.0198,0.0478,-2.0732,-43.7805,-16.8902
1574147323506.0,0.136,-0.0173,0.0507,-0.2439,-34.878,-14.0854
1574147323507.0,0.1314,-0.0163,0.0521,1.2805,-18.7805,-9.878
1574147323508.0,0.1288,-0.0191,0.0489,3.1098,-3.5976,-10.1829
1574147323509.0,0.1255,-0.0203,0.0452,5.1829,8.0488,-9.8171
1574147323551.0,0.1202,-0.02,0.0415,7.9268,16.3415,-5.6707
1574147323552.0,0.1125,-0.0184,0.0439,11.5244,20.7317,-3.4146
1574147323553.0,0.1072,-0.0166,0.0502,15.2439,19.7561,-2.6829
1574147323553.0,0.1053,-0.0145,0.0521,16.2195,15.6707,-3.3537
1574147323554.0,0.1065,-0.0142,0.0572,16.2195,9.3293,-4.939
1574147323596.0,0.1143,-0.0154,0.0737,15.3049,2.378,-4.8171
1574147323597.0,0.1361,-0.017,0.0765,14.1463,1.7073,-4.0854
1574147323598.0,0.1573,-0.017,0.0708,13.4146,16.7073,-1.6463
1574147323599.0,0.1555,-0.0164,0.0621,12.2561,48.0488,6.0976
1574147323641.0,0.1385,-0.0178,0.0499,12.5,93.7195,13.1098
1574147323641.0,0.1206,-0.0191,0.0432,15.4878,139.6342,17.0732
1574147323642.0,0.1054,-0.017,0.0459,21.5244,171.7683,18.5976
1574147323643.0,0.0948,-0.0122,0.0529,29.1463,182.439,16.8293
1574147323643.0,0.0881,-0.0112,0.0654,34.3293,178.5366,15.4268
1574147323686.0,0.0886,-0.0131,0.0814,30.3049,161.8293,18.0488
1574147323687.0,0.0897,-0.0121,0.0939,25.6098,145.6098,22.1341
1574147323688.0,0.1064,-0.0135,0.0899,24.7561,139.5122,24.6951
1574147323688.0,0.1245,-0.0114,0.0892,21.7683,146.2195,30.7927
1574147323731.0,0.1218,-0.0099,0.0952,21.9512,164.1463,38.0488
1574147323731.0,0.1061,-0.0122,0.0997,19.2683,185.9146,40.3049
1574147323732.0,0.0816,-0.0103,0.0986,20.7317,213.5366,35.5488
1574147323732.0,0.0614,-0.0096,0.1035,33.5366,238.7805,23.7195
1574147323733.0,0.0641,-0.0115,0.1135,33.3537,237.622,25.061
1574147323776.0,0.0687,-0.0135,0.1201,16.0976,214.4512,42.378
1574147323776.0,0.0731,-0.0101,0.1262,12.561,187.561,40.7927
1574147323777.0,0.0728,-0.009,0.1165,9.2683,164.7561,42.1951
1574147323777.0,0.0679,-0.0168,0.0997,5.5488,145.2439,40.4268
1574147323778.0,0.0536,-0.0157,0.0941,7.622,126.1585,39.3902
1574147323821.0,0.0411,-0.022,0.0983,10.5488,104.939,35.8537
1574147323822.0,0.0436,-0.0331,0.1017,5.9756,79.2073,31.8902
1574147323822.0,0.0477,-0.0307,0.1049,1.0976,53.8415,37.1341
1574147323823.0,0.0424,-0.0247,0.1106,3.7805,33.2317,39.0854
1574147323866.0,0.0314,-0.0253,0.1177,5.3659,12.1341,32.9268
1574147323866.0,0.0266,-0.0302,0.119,3.4756,-6.4024,27.561
1574147323867.0,0.0277,-0.0335,0.1154,1.8293,-16.8293,22.2561
1574147323868.0,0.0343,-0.0329,0.1192,2.8659,-29.6341,16.7683
1574147323868.0,0.0351,-0.0336,0.1166,2.439,-49.4512,13.0488
1574147323911.0,0.0309,-0.0331,0.0952,3.6585,-63.9634,8.4146
1574147323912.0,0.035,-0.027,0.0797,13.2317,-61.8293,-2.439
1574147323913.0,0.0443,-0.0312,0.0779,20.8537,-44.6341,-14.2073
1574147323914.0,0.0421,-0.022,0.0541,26.0976,-15.061,-13.5366
1574147323956.0,0.0323,-0.0119,0.066,40.122,30.3659,-6.9512
1574147323957.0,0.0211,-0.0107,0.1396,43.6585,82.9268,-12.378
1574147323958.0,0.0121,-0.0114,0.1838,43.0488,70.9756,-10.8537
1574147323959.0,0.0609,-0.0087,0.1863,16.4024,-16.9512,-17.8049
1574147323959.0,0.0868,-0.011,0.1633,-5.4878,-60.6098,-20.7317
1574147324001.0,0.0897,-0.0215,0.1335,-2.378,-53.5366,-19.8171
1574147324002.0,0.1025,-0.0306,0.1197,-0.061,-21.3415,-19.939
1574147324003.0,0.1115,-0.0259,0.0959,-7.8659,11.4634,-15.1829
1574147324004.0,0.1103,-0.0228,0.0822,-5.6707,36.4634,0.7317
1574147324046.0,0.0982,-0.0213,0.0908,5.7317,58.4146,8.3537
1574147324047.0,0.0759,-0.0136,0.1096,20.122,89.6951,14.0854
1574147324048.0,0.0544,-0.0038,0.1203,27.9268,111.4024,19.5122
1574147324049.0,0.05,-0.0025,0.1205,28.3537,111.0976,21.9512
1574147324050.0,0.0488,-0.0067,0.1144,23.6585,95.3659,27.439
1574147324091.0,0.0488,-0.011,0.1138,20.8537,85.9756,33.2927
1574147324092.0,0.0409,-0.0089,0.1091,20.4268,83.7805,36.3415
1574147324093.0,0.0214,-0.008,0.1057,23.7805,86.3415,35.8537
1574147324094.0,0.0131,-0.0118,0.1105,25.6098,83.2317,30.4268
1574147324095.0,0.0162,-0.0156,0.1147,23.7805,72.1951,25.6098
1574147324136.0,0.0214,-0.0173,0.1123,20.6707,63.3537,22.8049
1574147324137.0,0.024,-0.0156,0.1107,19.3902,57.2561,20.9146
1574147324138.0,0.0311,-0.0145,0.1163,17.378,43.5976,15.4268
1574147324139.0,0.042,-0.0132,0.1277,14.7561,28.2927,10.2439
1574147324181.0,0.046,-0.014,0.1324,12.3171,20.8537,9.878
1574147324182.0,0.0415,-0.017,0.1302,11.2805,23.8415,12.1341
1574147324183.0,0.0394,-0.0181,0.1288,9.939,24.4512,12.622
1574147324184.0,0.0408,-0.0158,0.1266,7.2561,19.4512,10.3049
1574147324185.0,0.045,-0.0127,0.121,3.9634,19.5122,10.3659
1574147324226.0,0.0419,-0.0096,0.1189,3.1707,26.8902,13.2317
1574147324227.0,0.0303,-0.0065,0.1171,4.5122,35.8537,15.5488
1574147324228.0,0.0145,-0.004,0.1179,6.2195,39.0244,14.3902
1574147324229.0,0.0004,-0.0043,0.1182,6.5854,33.4756,11.1585
1574147324271.0,-0.0093,-0.0053,0.1157,4.878,20.4878,7.622
1574147324272.0,-0.0154,-0.007,0.1145,2.8049,1.0976,2.378
1574147324273.0,-0.0208,-0.0068,0.1196,0.2439,-25.1829,-6.2805
1574147324274.0,-0.0186,-0.0087,0.1315,-3.6585,-59.4512,-16.4634
1574147324274.0,-0.0076,-0.0086,0.14,-10.0,-93.7195,-26.5244
1574147324316.0,0.0068,-0.0106,0.1412,-19.3902,-123.7805,-33.7195
1574147324317.0,0.0179,-0.0162,0.1429,-29.6341,-148.1098,-38.8415
1574147324318.0,0.0423,-0.0245,0.1378,-36.8902,-164.0854,-42.1341
1574147324319.0,0.0649,-0.0302,0.1074,-43.2927,-164.4512,-40.122
1574147324361.0,0.0619,-0.0266,0.0983,-41.9512,-145.9146,-38.4756
1574147324362.0,0.0391,-0.0172,0.0862,-40.0,-111.9512,-41.2195
1574147324363.0,0.0373,-0.0061,0.0805,-42.439,-98.7805,-44.2073
1574147324364.0,0.0509,0.0055,0.0826,-47.7439,-110.6098,-44.4512
1574147324364.0,0.0609,0.0056,0.0937,-52.5,-124.3293,-42.6829
1574147324406.0,0.0555,0.0005,0.092,-56.0976,-132.6829,-42.8049
1574147324407.0,0.0566,-0.0012,0.0824,-59.5122,-144.3293,-43.6585
1574147324408.0,0.0875,0.0018,0.0955,-60.3049,-154.1463,-43.4146
1574147324409.0,0.1333,0.0022,0.1085,-67.5,-153.0488,-43.1707
1574147324451.0,0.1502,0.0027,0.1147,-77.5,-133.2317,-42.7439
1574147324452.0,0.1315,0.002,0.1069,-79.4512,-82.2561,-38.3537
1574147324453.0,0.1044,0.0012,0.0989,-77.1951,-9.1463,-32.378
1574147324454.0,0.0828,-0.0007,0.0931,-73.5976,54.6951,-27.5
1574147324454.0,0.0623,0.0042,0.0939,-68.5366,80.3049,-25.9146
1574147324496.0,0.0544,0.008,0.0928,-64.939,61.7683,-28.2317
1574147324497.0,0.0646,0.0122,0.0922,-67.3781,7.439,-27.8049
1574147324498.0,0.0953,0.0087,0.0895,-76.3415,-60.061,-21.4634
1574147324498.0,0.1335,-0.0073,0.0807,-85.1829,-110.122,-14.2073
1574147324499.0,0.1612,-0.0234,0.0713,-82.3781,-122.3171,-4.5732
1574147324541.0,0.1639,-0.0453,0.0769,-67.2561,-103.2317,5.5488
1574147324542.0,0.1357,-0.0615,0.0762,-53.1098,-70.3049,9.939
1574147324543.0,0.0998,-0.0632,0.0674,-36.8293,-27.8659,10.4268
1574147324544.0,0.0762,-0.0659,0.0612,-21.9512,8.1098,5.9146
1574147324586.0,0.0751,-0.0719,0.0702,-11.7073,17.8659,1.2195
1574147324587.0,0.09,-0.0673,0.0838,-3.5366,7.561,3.2927
1574147324588.0,0.1039,-0.0576,0.0826,5.7317,8.6585,6.8293
1574147324589.0,0.094,-0.0565,0.0839,12.6829,51.0976,7.5
1574147324589.0,0.0566,-0.0573,0.0799,21.9512,118.2317,9.939
1574147324631.0,0.0175,-0.0493,0.0705,33.7805,162.6219,10.6098
1574147324632.0,-0.0078,-0.0342,0.0689,41.2805,171.2805,5.6098
1574147324633.0,-0.024,-0.0273,0.0988,46.0976,158.0488,-1.9512
1574147324634.0,-0.03,-0.0259,0.1306,46.8902,115.8537,-4.1463
1574147324676.0,0.0228,-0.024,0.1419,37.1341,21.6463,-10.9146
1574147324677.0,0.1068,-0.0263,0.161,11.7683,-78.7195,-18.1707
1574147324678.0,0.121,-0.0328,0.1644,-5.122,-102.8049,-9.4512
1574147324679.0,0.0874,-0.0357,0.1536,-1.8902,-51.8293,-6.0366
1574147324679.0,0.069,-0.042,0.1322,3.4146,8.7805,-12.561
1574147324721.0,0.0799,-0.0453,0.1282,-2.9878,30.7317,-18.1707
1574147324722.0,0.0957,-0.0487,0.1318,-11.3415,26.7683,-10.7927
1574147324723.0,0.0884,-0.0507,0.1283,-18.5366,21.2195,4.0854
1574147324724.0,0.0582,-0.0465,0.1175,-16.9512,28.5976,10.061
1574147324766.0,0.0457,-0.0455,0.1097,-14.3293,33.4756,5.7317
1574147324766.0,0.059,-0.0417,0.1047,-15.4878,22.5,2.622
1574147324767.0,0.0647,-0.0364,0.1017,-17.8659,9.5732,6.9512
1574147324768.0,0.0511,-0.0334,0.0952,-14.5122,10.4268,10.3049
1574147324768.0,0.0339,-0.0311,0.0904,-8.3537,17.0122,9.8171
1574147324811.0,0.0245,-0.0286,0.0922,-4.3293,12.9268,5.0
1574147324811.0,0.0302,-0.0247,0.0958,-2.5,-3.1098,-0.061
1574147324812.0,0.04,-0.0223,0.1,-2.6829,-24.1463,-0.4268
1574147324813.0,0.0499,-0.0236,0.103,-2.5,-43.8415,-0.9146
1574147324856.0,0.0489,-0.0248,0.0906,-1.7683,-61.7683,-2.9878
1574147324856.0,0.0532,-0.0301,0.0881,-0.3659,-87.8049,-5.6707
1574147324857.0,0.0674,-0.0313,0.0966,0.8537,-120.061,-8.5976
1574147324858.0,0.0726,-0.0312,0.1077,-0.9756,-140.7927,-11.5854
1574147324858.0,0.0656,-0.0271,0.1165,-2.439,-138.1098,-16.0976
1574147324901.0,0.0632,-0.0215,0.1298,-1.7683,-134.0244,-18.7195
1574147324902.0,0.0717,-0.0177,0.1313,-7.378,-153.4756,-20.061
1574147324903.0,0.0817,-0.0192,0.1148,-20.8537,-194.2073,-17.1341
1574147324904.0,0.0882,-0.0246,0.0931,-33.2927,-231.8902,-15.7317
1574147324904.0,0.0944,-0.0347,0.0867,-42.5,-253.6585,-16.7073
1574147324946.0,0.1046,-0.0446,0.0767,-54.5732,-270.061,-16.7683
1574147324947.0,0.1311,-0.0555,0.0712,-67.3171,-284.3903,-12.8659
1574147324948.0,0.1572,-0.071,0.0777,-75.4878,-278.3537,-5.6098
1574147324949.0,0.1648,-0.0748,0.0769,-77.439,-252.8659,2.439
1574147324991.0,0.1575,-0.0621,0.0762,-76.7073,-217.3171,6.0976
1574147324992.0,0.134,-0.0532,0.0734,-72.439,-173.3537,2.1341
1574147324993.0,0.097,-0.0485,0.075,-69.6341,-129.0854,-3.3537
1574147324994.0,0.0879,-0.0493,0.0571,-66.6463,-104.0244,-5.1829
1574147324995.0,0.1102,-0.047,0.0538,-61.7683,-100.6098,-4.3293
1574147325036.0,0.1218,-0.0447,0.0673,-55.7317,-111.8902,0.3049
1574147325037.0,0.1191,-0.0513,0.0691,-52.9878,-115.2439,-3.3537
1574147325038.0,0.1154,-0.0461,0.0553,-49.1463,-98.5366,-10.3659
1574147325039.0,0.1001,-0.0389,0.0283,-33.8415,-66.8902,-10.0
1574147325081.0,0.0831,-0.0389,0.0008,-18.5976,-51.2805,-12.6829
1574147325082.0,0.067,-0.04,-0.0231,-7.439,-59.2073,-15.7317
1574147325083.0,0.0654,-0.0306,-0.0357,5.9146,-89.5122,-19.0854
1574147325084.0,0.0851,-0.0101,-0.0372,22.8049,-121.5244,-23.7805
1574147325085.0,0.1158,-0.0001,-0.0376,41.3415,-139.6951,-26.5244
1574147325126.0,0.1411,-0.0051,-0.0325,51.6463,-139.7561,-21.9512
1574147325127.0,0.147,-0.0144,-0.024,56.0366,-131.5244,-10.5488
1574147325128.0,0.1556,-0.0227,-0.0114,56.2805,-137.8049,-0.7927
1574147325129.0,0.1631,-0.0278,-0.0017,49.6951,-157.0732,1.0366
1574147325130.0,0.1462,-0.0212,0.0023,42.6829,-157.0122,-6.2195
1574147325171.0,0.1251,-0.0177,0.0019,42.8659,-137.1342,-11.7683
1574147325172.0,0.1177,-0.0169,0.0037,39.5732,-127.439,-12.5
1574147325173.0,0.1258,-0.016,0.0164,35.4268,-134.939,-12.2561
1574147325174.0,0.1431,-0.0169,0.0256,31.0366,-138.7805,-11.7683
1574147325216.0,0.1469,-0.0179,0.0264,28.6585,-123.8415,-10.9756
1574147325217.0,0.1304,-0.0186,0.0181,25.1829,-98.7805,-6.4634
1574147325218.0,0.1105,-0.0194,0.0115,20.4268,-79.4512,-9.3293
1574147325219.0,0.1017,-0.0173,0.0085,17.378,-75.7317,-13.6585
1574147325220.0,0.1097,-0.0155,0.0156,15.6098,-87.8049,-10.9756
1574147325261.0,0.1354,-0.0186,0.0077,12.561,-108.6585,-9.5732
1574147325262.0,0.1453,-0.0256,-0.0003,7.1341,-116.8293,-8.1098
1574147325263.0,0.1334,-0.034,-0.0123,-0.4878,-112.0122,-8.4146
1574147325264.0,0.1196,-0.0366,-0.0263,-5.1829,-99.5732,-14.1463
1574147325306.0,0.1193,-0.0349,-0.0252,-3.4146,-90.061,-18.7805
1574147325307.0,0.1131,-0.0344,-0.0266,-1.1585,-89.6951,-23.5366
1574147325308.0,0.0927,-0.0346,-0.0318,-0.2439,-85.9756,-33.6585
1574147325309.0,0.0863,-0.0257,-0.0219,3.8415,-82.561,-42.8659
1574147325310.0,0.1004,-0.0218,-0.0156,10.5488,-89.1463,-43.9024
1574147325351.0,0.1183,-0.0278,-0.0253,10.4878,-96.8293,-41.4634
1574147325351.0,0.1298,-0.0309,-0.0349,7.5,-92.7439,-43.2317
1574147325352.0,0.1403,-0.0296,-0.0406,7.439,-86.8902,-43.1707
1574147325353.0,0.1497,-0.0281,-0.0418,9.8171,-81.3415,-41.7073
1574147325396.0,0.1499,-0.0317,-0.0401,14.2683,-60.4878,-41.3415
1574147325396.0,0.145,-0.0302,-0.0493,16.2195,-29.6341,-40.122
1574147325397.0,0.1306,-0.0211,-0.0482,24.2683,2.7439,-39.2073
1574147325398.0,0.1144,-0.0168,-0.0406,34.4512,25.1829,-36.3415
1574147325398.0,0.1038,-0.0161,-0.0337,37.6829,28.0488,-32.9878
1574147325441.0,0.0973,-0.0148,-0.0293,37.5,13.9024,-29.6341
1574147325441.0,0.0939,-0.0118,-0.0259,35.2439,-11.1585,-28.0488
1574147325442.0,0.0952,-0.012,-0.0351,31.0366,-39.8171,-29.3902
1574147325443.0,0.1077,-0.0139,-0.0584,23.9024,-64.7561,-32.6829
1574147325486.0,0.1381,-0.0119,-0.061,19.5122,-82.7439,-32.622
1574147325487.0,0.1453,-0.0078,-0.0479,20.4268,-89.4512,-31.1585
1574147325488.0,0.1293,-0.0067,-0.045,19.8171,-75.6707,-29.0244
1574147325488.0,0.1252,-0.0076,-0.0422,17.439,-56.0366,-26.8902
1574147325489.0,0.1235,-0.0045,-0.0316,18.1098,-39.6951,-20.4878
1574147325531.0,0.1202,-0.0012,-0.0243,20.4268,-30.8537,-11.6463
1574147325532.0,0.1171,-0.0057,-0.0245,19.1463,-31.7683,-1.8902
1574147325533.0,0.1138,-0.0142,-0.025,12.2561,-42.622,5.8537
1574147325534.0,0.1197,-0.0171,-0.0262,6.5854,-55.8537,8.7195
1574147325535.0,0.1356,-0.0172,-0.043,4.939,-59.8781,12.3171
1574147325576.0,0.1436,-0.0217,-0.0646,6.2805,-49.0854,17.622
1574147325577.0,0.1438,-0.0305,-0.0764,6.4634,-35.7317,19.6341
1574147325578.0,0.1583,-0.0266,-0.0782,5.9146,-27.2561,18.1707
1574147325579.0,0.1617,-0.0191,-0.0692,13.1098,-16.0366,18.7805
1574147325621.0,0.1363,-0.0169,-0.054,17.6829,1.7683,20.7927
1574147325621.0,0.1197,-0.0189,-0.0471,18.5366,15.9146,19.7561
1574147325622.0,0.1082,-0.0209,-0.0414,20.122,20.6098,18.6585
1574147325623.0,0.1058,-0.0209,-0.0422,20.4878,10.9756,21.5244
1574147325623.0,0.113,-0.019,-0.0411,20.4878,-8.6585,23.9024
1574147325666.0,0.1183,-0.0159,-0.0405,18.1707,-29.2073,24.5122
1574147325667.0,0.122,-0.0148,-0.0525,15.6098,-34.0854,21.4634
1574147325668.0,0.1352,-0.0189,-0.0544,13.3537,-30.061,19.5122
1574147325668.0,0.1509,-0.0241,-0.0531,14.2683,-27.1951,18.3537
1574147325711.0,0.1464,-0.0279,-0.0585,17.6829,-15.3049,20.2439
1574147325711.0,0.1234,-0.0365,-0.0643,20.8537,-2.6829,25.4268
1574147325712.0,0.1176,-0.0501,-0.0693,22.3171,3.7195,24.7561
1574147325713.0,0.1305,-0.0445,-0.0671,28.4756,22.3171,16.9512
1574147325713.0,0.125,-0.0418,-0.0511,41.0366,56.0366,22.3171
1574147325756.0,0.0958,-0.043,-0.034,44.0244,84.6341,23.6585
1574147325756.0,0.0771,-0.0394,-0.0262,39.5732,86.8293,16.6463
1574147325757.0,0.0897,-0.0338,-0.0252,36.6463,60.7317,7.2561
1574147325758.0,0.1035,-0.0328,-0.0236,34.4512,25.8537,1.5244
1574147325801.0,0.1111,-0.0338,-0.0254,30.1829,-4.6341,-1.2805
1574147325802.0,0.1151,-0.0284,-0.0147,27.3171,-21.2805,-5.7317
1574147325803.0,0.1218,-0.0168,-0.0002,27.0122,-23.5366,-7.378
1574147325803.0,0.1224,-0.0208,-0.0054,26.2805,-11.8902,-6.1585
1574147325804.0,0.1196,-0.0294,-0.0129,17.3171,-1.7683,-4.0244
1574147325846.0,0.1226,-0.0278,-0.0155,10.1829,-5.3049,-5.3659
1574147325846.0,0.1288,-0.0281,-0.0176,7.0122,-16.7073,-4.8171
1574147325847.0,0.1262,-0.027,-0.022,3.8415,-16.8902,-5.122
1574147325848.0,0.1165,-0.024,-0.0247,1.7073,-7.622,-4.0854
1574147325848.0,0.1197,-0.02,-0.0356,0.3049,-6.2805,-6.6463
1574147325891.0,0.1327,-0.0197,-0.0434,1.1585,-14.5122,-6.2805
1574147325891.0,0.1335,-0.0272,-0.0477,0.6098,-21.7073,-0.061
1574147325892.0,0.1294,-0.0281,-0.0558,-2.5,-18.9634,-2.2561
1574147325893.0,0.127,-0.0298,-0.0527,-1.5244,-11.7073,-1.0976
1574147325936.0,0.1227,-0.0311,-0.045,-2.8049,-9.4512,-1.0366
1574147325937.0,0.1176,-0.0252,-0.0429,-2.5,-5.9146,-3.6585
1574147325937.0,0.1196,-0.0214,-0.0421,0.6707,-2.0732,-4.4512
1574147325938.0,0.1232,-0.0226,-0.0411,1.7683,-0.061,-3.6585
1574147325939.0,0.1263,-0.0262,-0.0404,1.0366,1.7683,-4.5732
1574147325981.0,0.1231,-0.0284,-0.0399,1.7073,6.7683,-8.3537
1574147325982.0,0.1149,-0.0262,-0.0396,3.2317,10.8537,-10.0
1574147325982.0,0.1095,-0.0271,-0.0379,4.939,13.5366,-10.061
1574147325983.0,0.1059,-0.0324,-0.0398,3.4146,11.8293,-10.0
1574147326026.0,0.1039,-0.0339,-0.0501,1.1585,5.3659,-13.7805
1574147326027.0,0.1111,-0.0341,-0.0668,2.439,-0.3049,-16.6463
1574147326028.0,0.1284,-0.0359,-0.0701,5.1829,-2.9878,-15.8537
1574147326028.0,0.1329,-0.0292,-0.0538,9.6341,3.2927,-16.5244
1574147326029.0,0.1274,-0.0209,-0.0457,16.5244,20.1829,-19.5122
1574147326071.0,0.1304,-0.0268,-0.0417,19.1463,38.0488,-19.8171
1574147326072.0,0.1208,-0.0281,-0.0286,15.4268,49.0244,-17.5
1574147326072.0,0.1085,-0.0208,-0.0223,15.061,52.3781,-16.5854
1574147326073.0,0.1083,-0.0196,-0.0253,16.4634,49.6951,-13.4756
1574147326116.0,0.1077,-0.0203,-0.025,12.8659,38.4756,-9.2683
1574147326117.0,0.1091,-0.0183,-0.0329,7.8659,23.9024,-6.9512
1574147326118.0,0.1254,-0.0214,-0.0489,4.8171,10.0,-5.122
1574147326119.0,0.1491,-0.0237,-0.0562,1.9512,-0.061,-2.0122
1574147326120.0,0.1569,-0.0251,-0.0566,3.1098,2.0732,1.8902
1574147326161.0,0.1428,-0.0262,-0.0522,5.9756,20.122,4.5732
1574147326162.0,0.122,-0.025,-0.0511,10.4268,47.1341,5.7927
1574147326163.0,0.1081,-0.0275,-0.0442,14.3293,68.2927,6.4024
1574147326163.0,0.1057,-0.0255,-0.0342,15.7317,70.1829,4.7561
1574147326206.0,0.1089,-0.0265,-0.0262,18.3537,58.9634,5.2439
1574147326207.0,0.1178,-0.0312,-0.0242,16.5854,48.1098,4.8171
1574147326208.0,0.1304,-0.0339,-0.0236,12.0732,44.939,5.0
1574147326209.0,0.1395,-0.0287,-0.0157,10.5488,56.0976,4.4512
1574147326210.0,0.1483,-0.0227,-0.019,14.2683,78.9634,0.4878
1574147326251.0,0.1538,-0.0254,-0.0248,17.6829,111.6463,-1.6463
1574147326252.0,0.1385,-0.0285,-0.0305,17.439,145.0,1.7683
1574147326253.0,0.0994,-0.0278,-0.0307,17.378,165.4878,4.5732
1574147326254.0,0.0826,-0.0247,-0.0215,18.4146,159.6342,1.2195
1574147326255.0,0.0912,-0.0237,-0.0096,20.7317,129.939,-1.7073
1574147326296.0,0.1049,-0.0267,0.0016,18.7195,90.1829,-1.2195
1574147326297.0,0.1144,-0.0276,0.0095,16.2195,57.561,0.6098
1574147326298.0,0.1285,-0.0287,0.0079,16.4024,38.9024,4.4512
1574147326299.0,0.1326,-0.0312,0.0043,14.8171,32.0732,9.7561
1574147326341.0,0.1313,-0.0326,0.0029,8.8415,24.0244,14.0244
1574147326342.0,0.1194,-0.0303,0.0011,4.2073,12.622,14.3902
1574147326343.0,0.1075,-0.027,-0.0034,2.9878,-0.3659,8.4146
1574147326344.0,0.111,-0.0289,-0.0056,1.8293,-13.2927,3.1098
1574147326345.0,0.1171,-0.0334,-0.0131,0.4268,-23.7805,3.0488
1574147326386.0,0.118,-0.0407,-0.0265,0.3659,-23.7805,3.4146
1574147326387.0,0.1204,-0.0403,-0.0232,3.0488,-12.8659,0.0
1574147326388.0,0.1248,-0.0345,-0.0176,11.0976,5.0,-2.8049
1574147326389.0,0.1335,-0.0273,-0.0131,17.561,27.1951,-7.2561
1574147326431.0,0.1348,-0.0291,-0.008,20.3659,43.1707,-6.4634
1574147326431.0,0.1278,-0.0322,-0.0067,11.9512,39.5122,-5.9756
1574147326432.0,0.1199,-0.0229,-0.0043,8.3537,33.8415,-11.8902
1574147326433.0,0.1213,-0.0173,-0.006,15.122,34.878,-12.7439
1574147326433.0,0.1246,-0.0255,0.0015,16.1585,38.6585,-6.7683
1574147326476.0,0.1337,-0.0316,0.0162,10.6098,35.3659,-3.4756
1574147326477.0,0.1453,-0.0258,0.0306,9.7561,33.5366,-3.8415
1574147326478.0,0.1519,-0.0214,0.0276,11.5854,38.4146,-1.5244
1574147326479.0,0.1523,-0.0257,0.0074,8.4146,49.2683,5.3659
1574147326521.0,0.1307,-0.0337,0.0066,5.0,63.3537,11.8902
1574147326522.0,0.1152,-0.0292,0.0069,3.6585,67.439,9.5732
1574147326523.0,0.1119,-0.0266,0.0101,8.6585,65.3049,9.7561
1574147326524.0,0.1141,-0.0247,0.0126,8.2317,51.2805,10.2439
1574147326525.0,0.1185,-0.0217,0.0177,6.5854,33.2317,8.6585
1574147326566.0,0.1301,-0.022,0.0211,5.1829,18.5366,6.7073
1574147326567.0,0.1404,-0.0249,0.0233,3.3537,12.3171,6.8293
1574147326568.0,0.1399,-0.0254,0.0194,1.1585,17.3171,8.2927
1574147326568.0,0.1321,-0.0264,0.0095,-0.5488,30.061,10.061
1574147326569.0,0.129,-0.0276,0.0106,-2.622,40.5488,11.6463
1574147326611.0,0.1251,-0.0272,0.0153,-3.2927,47.561,11.2805
1574147326612.0,0.1168,-0.0244,0.0188,-2.622,54.5122,10.4268
1574147326613.0,0.1132,-0.0223,0.0237,-1.7073,54.8171,8.9634
1574147326614.0,0.1139,-0.0227,0.0256,-2.6829,47.9268,7.2561
1574147326656.0,0.1156,-0.0237,0.0227,-5.0,37.622,6.4024
1574147326657.0,0.1159,-0.0247,0.0189,-8.4146,23.8415,7.1951
1574147326658.0,0.1161,-0.0235,0.0107,-10.5488,9.0244,4.878
1574147326659.0,0.119,-0.0227,0.0067,-11.2195,-4.0854,2.8659
1574147326660.0,0.1284,-0.0224,0.0026,-11.3415,-12.7439,3.9634
1574147326701.0,0.1348,-0.0254,0.0008,-10.4878,-12.2561,6.8293
1574147326702.0,0.1358,-0.0293,0.0057,-9.7561,-3.6585,8.2317
1574147326703.0,0.1349,-0.0314,0.0118,-9.3293,9.3902,9.8171
1574147326704.0,0.1274,-0.0312,0.021,-7.9268,24.6951,11.8293
1574147326746.0,0.1241,-0.0305,0.0261,-5.9756,34.3293,13.2927
1574147326747.0,0.1206,-0.0316,0.0282,-4.6951,38.4146,13.1707
1574147326748.0,0.1174,-0.0312,0.0291,-6.0366,35.5488,11.7683
1574147326749.0,0.1187,-0.0327,0.0236,-7.8659,29.8171,11.0976
1574147326750.0,0.118,-0.0362,0.0145,-10.3049,23.6585,10.9146
1574147326791.0,0.1168,-0.0377,0.0089,-12.5,17.1341,8.9634
1574147326792.0,0.119,-0.0381,0.0046,-12.1341,11.4634,7.0122
1574147326793.0,0.1227,-0.0376,0.004,-11.1585,7.0122,6.2805
1574147326794.0,0.1234,-0.0381,0.0128,-9.1463,4.8171,6.7683
1574147326836.0,0.1289,-0.0406,0.0251,-7.8049,5.3049,5.9146
1574147326837.0,0.1335,-0.0429,0.0253,-7.1951,12.0732,5.4878
1574147326838.0,0.1302,-0.041,0.0244,-4.3293,21.4024,7.378
1574147326839.0,0.1278,-0.0405,0.0167,-0.1829,26.7683,11.7073
1574147326840.0,0.1237,-0.0445,0.0156,1.5244,31.0976,14.878
1574147326881.0,0.1145,-0.0452,0.0126,0.5488,29.4512,16.6463
1574147326882.0,0.109,-0.0421,0.0132,1.4024,22.9878,14.6951
1574147326883.0,0.1094,-0.0398,0.0143,3.9634,15.1829,10.122
1574147326884.0,0.1176,-0.0426,0.0116,5.0,7.8659,7.1951
1574147326884.0,0.1223,-0.044,0.0181,6.6463,7.8049,7.2561
1574147326926.0,0.1236,-0.0432,0.0234,8.6585,9.2073,7.8049
1574147326926.0,0.1292,-0.0394,0.0234,9.939,11.9512,6.0976
1574147326927.0,0.1342,-0.0339,0.0195,12.9268,14.6951,4.5122
1574147326928.0,0.1298,-0.0321,0.0255,13.7195,9.5122,7.0732
1574147326971.0,0.1241,-0.0356,0.0304,7.8659,-5.0,8.1707
1574147326972.0,0.1139,-0.0384,0.03,3.6585,-8.8415,5.0
1574147326972.0,0.106,-0.0342,0.0277,3.6585,-3.2317,0.6098
1574147326973.0,0.1093,-0.0306,0.0235,6.5244,-2.8049,-0.8537
1574147326973.0,0.1171,-0.0312,0.0228,6.0976,-10.9146,1.9512
1574147327016.0,0.1193,-0.0331,0.0266,3.5976,-19.8171,5.122
1574147327017.0,0.1207,-0.0355,0.0327,1.4634,-23.2927,4.4512
1574147327018.0,0.1293,-0.0381,0.0321,0.6098,-19.8171,1.0366
1574147327019.0,0.1338,-0.0404,0.0294,1.7073,-16.2805,0.7317
1574147327061.0,0.136,-0.0388,0.0236,1.2805,-16.6463,1.6463
1574147327062.0,0.1293,-0.0341,0.0316,3.9634,-6.8902,3.2317
1574147327063.0,0.1179,-0.0331,0.0338,4.1463,10.3659,1.1585
1574147327064.0,0.1201,-0.0329,0.0338,3.8415,22.6829,-2.2561
1574147327065.0,0.1287,-0.0313,0.0291,5.122,31.5854,-2.378
1574147327106.0,0.1188,-0.0282,0.0244,7.9268,35.061,-1.4634
1574147327107.0,0.1093,-0.0292,0.026,7.561,27.0732,0.4268
1574147327108.0,0.1094,-0.0331,0.024,4.4512,4.6951,-0.3049
1574147327109.0,0.1087,-0.0311,0.0223,0.9756,-20.1829,-0.4268
1574147327151.0,0.1091,-0.0299,0.018,1.6463,-39.2683,-1.4634
1574147327152.0,0.1211,-0.0312,0.0165,1.7073,-50.5488,-1.7683
1574147327153.0,0.1359,-0.0295,0.0186,2.2561,-52.7439,-0.7317
1574147327154.0,0.1431,-0.0282,0.0267,2.8659,-46.0976,0.5488
1574147327154.0,0.1389,-0.0256,0.0308,1.4024,-33.1098,-2.3171
1574147327196.0,0.1303,-0.0227,0.0294,-0.7927,-17.1951,-5.7317
1574147327197.0,0.1258,-0.0204,0.0261,-2.5,-1.3415,-5.2439
1574147327198.0,0.1213,-0.0228,0.0188,-4.3902,8.9024,-3.6585
1574147327198.0,0.1051,-0.0264,0.0198,-8.7805,11.2805,-4.0854
1574147327241.0,0.0895,-0.0223,0.0322,-10.5488,0.4268,-5.4878
1574147327242.0,0.1006,-0.0176,0.0426,-11.3415,-27.8659,-6.8902
1574147327243.0,0.1186,-0.015,0.0429,-17.5,-62.8659,-6.7073
1574147327244.0,0.1333,-0.0086,0.0472,-27.0122,-92.3781,-7.8659
1574147327245.0,0.1425,-0.0032,0.0438,-32.8659,-106.4634,-10.4268
1574147327286.0,0.152,-0.0058,0.0345,-38.1098,-105.9146,-8.4756
1574147327287.0,0.1501,-0.0061,0.0303,-43.9024,-101.8902,-0.3659
1574147327288.0,0.1413,-0.0067,0.0204,-51.8902,-101.1585,11.5244
1574147327289.0,0.1311,-0.0122,0.0057,-58.8415,-96.5854,17.8049
1574147327290.0,0.1285,-0.0214,-0.0095,-65.0,-94.7561,20.1829
1574147327331.0,0.1254,-0.0325,-0.0173,-69.939,-96.3415,20.7927
1574147327332.0,0.1257,-0.0391,-0.0304,-73.5366,-103.4756,17.3171
1574147327333.0,0.1365,-0.0437,-0.0397,-73.0488,-108.0488,17.3171
1574147327334.0,0.1525,-0.0485,-0.0369,-70.9146,-102.3781,18.9634
1574147327376.0,0.1665,-0.0511,-0.0374,-64.8781,-76.8902,16.6463
1574147327377.0,0.1702,-0.0525,-0.0434,-54.3902,-32.8659,15.3659
1574147327378.0,0.1594,-0.0558,-0.0477,-44.6341,17.2561,16.9512
1574147327379.0,0.1383,-0.0599,-0.0479,-33.7195,64.3902,16.5244
1574147327380.0,0.1233,-0.0662,-0.0455,-22.9268,97.9878,15.5488
1574147327421.0,0.1151,-0.0667,-0.0443,-13.2317,115.0,14.0854
1574147327422.0,0.1074,-0.0618,-0.0434,-2.0122,123.4146,13.5976
1574147327423.0,0.1048,-0.0589,-0.0375,10.122,130.6098,12.5
1574147327424.0,0.1034,-0.0632,-0.0245,18.2927,133.8415,11.6463
1574147327466.0,0.1053,-0.0677,-0.0148,19.5122,127.0732,10.9146
1574147327467.0,0.1086,-0.0613,-0.0108,22.9878,115.9146,9.5732
1574147327468.0,0.1042,-0.0533,-0.0061,32.6829,108.6585,9.6341
1574147327469.0,0.0991,-0.0457,-0.0022,38.4146,102.8049,9.5732
1574147327469.0,0.0956,-0.0427,0.0048,42.8659,98.0488,9.5732
1574147327511.0,0.0955,-0.0429,0.0143,42.6829,91.2195,8.9634
1574147327512.0,0.0946,-0.0449,0.0328,39.5122,80.7317,8.7805
1574147327513.0,0.1019,-0.0421,0.056,33.9634,65.8537,6.4634
1574147327514.0,0.1178,-0.0316,0.0689,28.8415,52.1341,6.0976
1574147327556.0,0.1317,-0.0285,0.0645,23.5976,46.9512,11.0366
1574147327557.0,0.1292,-0.0329,0.061,16.2805,48.4756,16.5244
1574147327558.0,0.1176,-0.0363,0.0488,8.7805,53.2927,19.7561
1574147327559.0,0.1095,-0.0381,0.039,6.8902,64.7561,20.061
1574147327559.0,0.1086,-0.0392,0.0396,4.5122,74.1463,18.2317
1574147327601.0,0.116,-0.0386,0.0407,2.378,76.7073,17.7439
1574147327602.0,0.1215,-0.0385,0.0434,1.5854,76.7073,17.3171
1574147327603.0,0.1209,-0.0385,0.0422,-0.7927,73.7805,14.3293
1574147327604.0,0.1162,-0.0391,0.0359,-4.3902,67.561,9.939
1574147327605.0,0.1088,-0.0417,0.03,-6.6463,61.2195,7.622
1574147327646.0,0.1071,-0.0452,0.0349,-6.9512,56.5854,4.8171
1574147327647.0,0.1166,-0.0484,0.0413,-7.1341,55.0,3.1098
1574147327648.0,0.1316,-0.0501,0.0452,-7.9878,64.6951,3.4146
1574147327649.0,0.1393,-0.0491,0.0474,-4.3902,85.8537,3.0488
1574147327691.0,0.1346,-0.0469,0.0471,-0.9146,107.5,4.4512
1574147327691.0,0.1207,-0.0468,0.047,1.0366,123.9634,6.0366
1574147327692.0,0.1065,-0.0478,0.0451,1.6463,131.9512,5.6707
1574147327693.0,0.1002,-0.0473,0.0416,1.8293,129.5122,5.5488
1574147327693.0,0.0997,-0.0469,0.0424,2.9878,113.0488,6.0976
1574147327736.0,0.0985,-0.0471,0.0452,1.9512,82.3781,6.1585
1574147327737.0,0.0984,-0.0468,0.0493,-1.3415,51.7683,5.7927
1574147327737.0,0.096,-0.045,0.0532,-5.0,32.5,4.6341
1574147327738.0,0.0977,-0.0445,0.053,-8.3537,23.9024,2.5
1574147327781.0,0.1053,-0.0441,0.0548,-10.122,21.9512,-0.7317
1574147327782.0,0.108,-0.0419,0.0517,-10.7927,21.7073,-1.0366
1574147327783.0,0.1079,-0.0366,0.0481,-13.0488,22.561,2.8049
1574147327784.0,0.1026,-0.0352,0.0491,-11.7073,20.3659,2.9268
1574147327784.0,0.1,-0.038,0.0535,-13.7805,4.1463,-0.3049
1574147327826.0,0.0999,-0.0378,0.0597,-18.8415,-22.622,-0.122
1574147327826.0,0.106,-0.0387,0.0607,-21.3415,-50.1829,-0.061
1574147327827.0,0.1154,-0.0421,0.0579,-24.7561,-68.6585,0.5488
1574147327828.0,0.1155,-0.0486,0.0491,-28.1098,-79.5122,1.2195
1574147327871.0,0.1049,-0.0562,0.0347,-31.1585,-81.0976,-1.7073
1574147327871.0,0.1035,-0.0598,0.0317,-30.5488,-81.4634,-4.6951
1574147327872.0,0.111,-0.0534,0.0297,-27.3171,-80.1829,-4.6951
1574147327873.0,0.1219,-0.0487,0.0301,-19.0244,-63.1098,-2.6829
1574147327873.0,0.118,-0.0463,0.0293,-12.5,-31.0976,-1.5854
1574147327916.0,0.1044,-0.0519,0.0288,-8.4756,-0.9146,-0.6098
1574147327917.0,0.1,-0.0543,0.0312,-6.4634,16.7073,-2.9268
1574147327917.0,0.0956,-0.0558,0.0234,-3.7805,26.1585,-2.5
1574147327918.0,0.1103,-0.0672,0.0377,3.9024,28.4146,2.3171
1574147327918.0,0.1282,-0.073,0.0624,5.1829,25.6098,7.2561
1574147327961.0,0.12,-0.0678,0.0643,0.3049,32.3171,6.0366
1574147327961.0,0.0948,-0.0598,0.0723,1.1585,48.5366,8.8415
1574147327962.0,0.0661,-0.0515,0.0662,3.6585,52.5,4.939
1574147327963.0,0.0461,-0.0464,0.0543,1.1585,30.2439,-3.4756
1574147328006.0,0.0511,-0.0428,0.0552,-5.3049,-24.0244,-13.1707
1574147328007.0,0.0763,-0.0438,0.0529,-16.0976,-82.8659,-22.3171
1574147328007.0,0.1054,-0.0456,0.0591,-24.0854,-114.5122,-25.3049
1574147328008.0,0.1307,-0.0528,0.0657,-25.9146,-111.4024,-24.2683
1574147328008.0,0.1369,-0.0612,0.0654,-22.1341,-78.7805,-25.2439
1574147328051.0,0.1295,-0.0619,0.0596,-15.9146,-26.0976,-27.561
1574147328051.0,0.116,-0.0634,0.0517,-11.9512,35.7927,-32.439
1574147328052.0,0.0919,-0.0669,0.0495,-7.6829,92.0732,-35.1829
1574147328053.0,0.0688,-0.0627,0.0549,-4.2683,126.2805,-39.0244
1574147328096.0,0.0593,-0.0573,0.0585,-0.7317,137.561,-46.9512
1574147328096.0,0.0673,-0.0588,0.0662,-0.7927,131.8293,-52.8049
1574147328097.0,0.0768,-0.0591,0.0728,-4.5122,116.6463,-55.4878
1574147328098.0,0.087,-0.0593,0.088,-7.439,94.8781,-62.0732
1574147328098.0,0.1039,-0.0567,0.0889,-10.3659,81.3415,-71.0976
1574147328141.0,0.1279,-0.0536,0.0867,-10.7927,80.1829,-76.8293
1574147328142.0,0.1387,-0.0498,0.0843,-15.6707,85.061,-79.6951
1574147328142.0,0.1385,-0.0458,0.0671,-18.5366,100.2439,-83.2317
1574147328143.0,0.1345,-0.0366,0.0515,-16.3415,115.1829,-84.3902
1574147328186.0,0.1373,-0.0209,0.049,-15.5488,120.6098,-81.5244
1574147328187.0,0.1434,-0.0045,0.0535,-11.0366,121.9512,-72.8049
1574147328188.0,0.1432,0.002,0.0527,-7.622,121.4024,-60.7317
1574147328188.0,0.1441,-0.0029,0.0596,-9.3293,122.3781,-50.7317
1574147328189.0,0.1411,-0.0023,0.0695,-12.1951,132.1951,-43.3537
1574147328231.0,0.1359,0.0073,0.0744,-12.378,153.0488,-40.4878
1574147328232.0,0.1354,0.0057,0.0744,-15.6707,170.061,-30.8537
1574147328232.0,0.1378,0.0101,0.0776,-20.8537,166.3415,-25.1829
1574147328233.0,0.1389,0.0163,0.0788,-24.939,151.2195,-24.6951
1574147328276.0,0.1396,0.0227,0.0789,-32.3171,138.4146,-21.1585
1574147328277.0,0.1293,0.031,0.0794,-34.8171,127.0732,-14.3902
1574147328278.0,0.1091,0.0306,0.0785,-36.7073,114.7561,-10.2439
1574147328278.0,0.0894,0.0199,0.0781,-42.9268,103.4756,-6.2195
1574147328279.0,0.0895,0.0186,0.0746,-43.3537,91.9512,1.5854
1574147328321.0,0.1025,0.0226,0.0723,-38.6585,78.2317,8.7195
1574147328322.0,0.0979,0.0203,0.0772,-42.8049,63.9024,13.0488
1574147328323.0,0.0845,0.015,0.0766,-46.9512,54.6951,15.6707
1574147328324.0,0.077,0.0148,0.0754,-45.061,48.0488,18.3537
1574147328325.0,0.0753,0.013,0.0795,-42.439,38.4146,23.3537
1574147328366.0,0.0789,0.0054,0.0858,-42.5,27.6829,27.1951
1574147328367.0,0.0815,-0.0029,0.0894,-42.439,19.878,29.5122
1574147328368.0,0.0782,-0.009,0.0889,-40.7927,15.9756,30.1829
1574147328368.0,0.0719,-0.0146,0.0859,-38.6585,15.0,28.8415
1574147328411.0,0.0648,-0.0234,0.0851,-38.5976,14.6341,26.9512
1574147328412.0,0.0643,-0.0338,0.084,-39.3293,12.622,23.7195
1574147328413.0,0.0646,-0.0419,0.0811,-40.061,6.2195,18.6585
1574147328414.0,0.0617,-0.0474,0.0756,-39.3293,-5.1829,12.5
1574147328414.0,0.0614,-0.049,0.0766,-36.0976,-21.5854,6.2195
1574147328456.0,0.0682,-0.0483,0.0839,-34.5122,-40.6098,0.3049
1574147328457.0,0.0776,-0.0469,0.088,-35.8537,-55.7927,-4.6951
1574147328458.0,0.0842,-0.0463,0.0923,-37.3171,-65.0,-8.2317
1574147328458.0,0.0934,-0.0475,0.094,-38.6585,-66.7683,-11.1585
1574147328501.0,0.1003,-0.0496,0.0914,-38.5976,-59.8171,-13.7805
1574147328502.0,0.1003,-0.0481,0.085,-36.2805,-47.2561,-14.2073
1574147328503.0,0.0977,-0.0474,0.0743,-31.7073,-31.6463,-13.5366
1574147328504.0,0.0928,-0.0507,0.0654,-28.4756,-16.0976,-14.1463
1574147328504.0,0.0915,-0.0569,0.0587,-26.6463,-6.5244,-14.3293
1574147328546.0,0.0931,-0.0601,0.0519,-24.7561,-2.6829,-13.5366
1574147328547.0,0.1024,-0.0605,0.0449,-19.2073,-1.1585,-12.378
1574147328548.0,0.1119,-0.0614,0.0454,-14.0854,6.2805,-10.7927
1574147328549.0,0.1133,-0.0623,0.0501,-6.5854,19.5122,-8.1098
1574147328591.0,0.1117,-0.0648,0.059,-0.3659,34.878,-4.6341
1574147328592.0,0.1094,-0.067,0.0681,4.3902,48.8415,-0.8537
1574147328593.0,0.1011,-0.067,0.0745,9.2073,58.2927,5.4268
1574147328593.0,0.0938,-0.0637,0.0758,15.7927,63.5976,12.9878
1574147328594.0,0.0932,-0.0597,0.0737,23.0488,65.1829,17.1951
1574147328636.0,0.0934,-0.0576,0.074,27.1951,65.3659,20.8537
1574147328637.0,0.0884,-0.0582,0.0782,29.0854,63.9024,25.0
1574147328638.0,0.079,-0.0569,0.0846,30.9756,61.4634,28.1707
1574147328638.0,0.0721,-0.0588,0.0886,32.2561,58.1098,30.4878
1574147328639.0,0.0667,-0.0598,0.0875,31.6463,51.5854,31.0976
1574147328681.0,0.0638,-0.0605,0.0894,32.6829,45.122,32.561
1574147328683.0,0.0569,-0.0621,0.0909,30.7927,44.0854,32.5
1574147328684.0,0.0475,-0.0621,0.0963,31.8293,46.5244,28.2317
1574147328684.0,0.039,-0.0616,0.0998,30.9756,48.4756,22.439
1574147328726.0,0.0314,-0.0595,0.103,27.1341,44.6341,18.4146
1574147328727.0,0.0298,-0.0593,0.106,22.7439,36.1585,14.6341
1574147328728.0,0.0348,-0.0598,0.1047,20.061,25.5488,10.0
1574147328728.0,0.0439,-0.061,0.1031,19.2073,12.561,6.4024
1574147328729.0,0.0578,-0.0626,0.1076,19.6341,0.8537,1.8902
1574147328771.0,0.0604,-0.059,0.1123,20.0,-1.8902,-1.4634
1574147328772.0,0.0562,-0.0527,0.1205,23.2927,9.2073,-2.8659
1574147328773.0,0.0538,-0.0469,0.1311,25.7927,25.7317,-6.0366
1574147328774.0,0.0413,-0.04,0.1357,23.4756,38.0488,-8.7195
1574147328816.0,0.0316,-0.0355,0.1341,20.8537,42.8049,-10.0
1574147328817.0,0.035,-0.0324,0.1258,16.5854,38.9634,-13.2927
1574147328818.0,0.0479,-0.0316,0.1162,9.6341,25.3659,-15.061
1574147328819.0,0.0643,-0.0338,0.1114,4.5122,8.7805,-13.7195
1574147328820.0,0.0734,-0.0333,0.1179,3.7805,-1.6463,-12.6829
1574147328861.0,0.0695,-0.032,0.1281,5.9756,-0.9756,-12.9268
1574147328862.0,0.0695,-0.0339,0.1337,6.8902,4.0244,-12.8049
1574147328862.0,0.0817,-0.0345,0.1348,5.0,6.7683,-11.3415
1574147328863.0,0.0897,-0.0352,0.1277,1.9512,10.3049,-8.7195
1574147328906.0,0.0909,-0.0359,0.1243,1.2195,16.3415,-6.9512
1574147328907.0,0.088,-0.035,0.1215,1.2195,25.3049,-5.4878
1574147328908.0,0.0789,-0.0338,0.1148,2.622,38.4146,-3.7195
1574147328909.0,0.0727,-0.0334,0.1011,5.9756,50.0,-1.8902
1574147328910.0,0.0671,-0.0297,0.0915,10.3659,51.7073,0.061
1574147328951.0,0.0548,-0.0251,0.0884,12.8659,45.9756,1.9512
1574147328952.0,0.0527,-0.0212,0.0892,15.7317,39.8171,1.1585
1574147328953.0,0.0567,-0.0197,0.0952,15.9146,34.4512,1.6463
1574147328953.0,0.0573,-0.0217,0.1039,16.7073,27.9878,2.378
1574147328954.0,0.0649,-0.0254,0.1091,17.8049,22.0122,2.0732
1574147328996.0,0.0746,-0.0278,0.1105,17.8049,19.878,3.2927
1574147328996.0,0.083,-0.0315,0.1077,17.9268,21.8293,5.061
1574147328997.0,0.0831,-0.0295,0.1025,20.0,25.4268,7.2561
1574147328998.0,0.0714,-0.028,0.0968,24.939,30.2439,9.3902
