0,1,2,3,4,5,6
1574147203712.0,0.1223,0.0029,0.0657,10.3659,-24.5122,8.2927
1574147203712.0,0.126,0.0062,0.0702,10.7317,-29.0854,11.3415
1574147203713.0,0.1327,0.0032,0.0618,12.2561,-28.2927,12.1951
1574147203756.0,0.1305,-0.0012,0.0432,12.1341,-23.2317,17.1341
1574147203757.0,0.1142,-0.0002,0.0278,7.7439,-17.1341,21.5854
1574147203757.0,0.1022,0.0025,0.0266,5.9756,-19.5122,20.7927
1574147203758.0,0.1182,0.0077,0.0447,7.9268,-36.7683,21.7073
1574147203758.0,0.1394,0.0135,0.0585,7.439,-57.8659,29.6341
1574147203801.0,0.15,0.0164,0.0638,4.1463,-62.1341,38.9024
1574147203801.0,0.1561,0.0108,0.0572,2.1341,-46.2195,44.7561
1574147203802.0,0.1638,0.0043,0.0459,1.4634,-20.4268,50.2439
1574147203803.0,0.1593,0.0035,0.0409,2.6829,4.2683,58.9024
1574147203846.0,0.1437,0.0063,0.0441,2.9878,12.7439,66.9512
1574147203847.0,0.1382,0.0074,0.0485,-1.3415,3.4756,71.0976
1574147203847.0,0.1236,0.0103,0.0532,-8.9634,-15.4268,75.9756
1574147203848.0,0.1016,0.0043,0.049,-15.122,-42.8049,84.7561
1574147203848.0,0.1042,-0.0032,0.0393,-21.0366,-73.1098,82.2561
1574147203891.0,0.1138,-0.0064,0.0266,-22.5,-100.5488,86.2195
1574147203892.0,0.1245,-0.0109,0.019,-23.0488,-124.6341,95.9756
1574147203892.0,0.1282,-0.0121,0.0162,-23.7805,-138.4146,98.9634
1574147203893.0,0.1331,-0.0126,0.0118,-25.1829,-140.6707,100.6707
1574147203893.0,0.1342,-0.0131,0.0142,-23.5366,-127.8659,98.0488
1574147203936.0,0.1326,-0.0139,0.0191,-18.1098,-108.7805,95.3049
1574147203936.0,0.1268,-0.0148,0.0193,-11.8293,-88.6585,95.6098
1574147203937.0,0.1157,-0.0169,0.017,-8.1707,-73.2317,95.9146
1574147203938.0,0.1074,-0.0198,0.0131,-5.6707,-63.1707,93.9024
1574147203981.0,0.1019,-0.022,0.0147,-3.2317,-57.622,91.7683
1574147203982.0,0.1011,-0.0279,0.0183,-3.0488,-60.0,89.0854
1574147203982.0,0.1068,-0.0354,0.0182,-4.2073,-66.4634,84.4512
1574147203983.0,0.1088,-0.0365,0.0244,-3.6585,-70.6098,80.4878
1574147203983.0,0.11,-0.0359,0.0287,-1.7073,-71.7683,76.6463
1574147204026.0,0.1095,-0.0372,0.0234,-0.122,-60.122,72.0122
1574147204027.0,0.1026,-0.0416,0.0146,0.061,-41.5244,68.5976
1574147204027.0,0.0901,-0.0479,0.0085,-3.2317,-30.9146,64.8781
1574147204028.0,0.0854,-0.0558,0.0052,-6.3415,-29.3902,59.5122
1574147204071.0,0.0881,-0.0645,0.0048,-9.0244,-29.0244,54.5732
1574147204072.0,0.0823,-0.0652,0.0131,-12.1951,-29.1463,50.3659
1574147204074.0,0.0827,-0.0656,0.016,-13.5976,-31.8293,43.1707
1574147204075.0,0.0929,-0.0687,0.0145,-16.0366,-37.5,32.5
1574147204076.0,0.0978,-0.0705,0.0092,-19.5732,-44.7561,25.4878
1574147204116.0,0.1045,-0.0718,0.0039,-21.9512,-50.122,23.4756
1574147204117.0,0.1112,-0.0723,-0.0005,-23.4146,-49.8171,19.5732
1574147204118.0,0.1095,-0.0695,-0.0002,-23.7805,-43.7805,15.122
1574147204119.0,0.1082,-0.0682,-0.0044,-23.2317,-31.9512,13.2927
1574147204161.0,0.1,-0.071,0.0015,-18.4146,-20.6707,12.0732
1574147204162.0,0.0947,-0.0789,0.0068,-17.439,-22.2561,10.1829
1574147204163.0,0.0985,-0.0759,0.0079,-21.6463,-30.3049,4.8171
1574147204164.0,0.1021,-0.0714,0.0053,-19.3293,-33.0488,0.6098
1574147204165.0,0.1041,-0.0748,0.0029,-19.7561,-33.5976,1.2805
1574147204206.0,0.1051,-0.078,0.0006,-22.1341,-37.439,0.2439
1574147204207.0,0.1048,-0.0809,-0.0031,-21.7683,-43.2317,-1.1585
1574147204208.0,0.0985,-0.0819,-0.003,-21.0366,-49.3293,-1.3415
1574147204209.0,0.0939,-0.0803,0.0001,-20.5488,-58.1707,-2.1341
1574147204210.0,0.1046,-0.0786,0.0015,-20.061,-69.8781,-6.0366
1574147204251.0,0.116,-0.0775,0.0082,-19.0244,-74.3902,-12.439
1574147204252.0,0.1196,-0.0752,0.0084,-18.1098,-74.5732,-13.8415
1574147204253.0,0.1082,-0.0723,0.0197,-17.6829,-71.8293,-10.4878
1574147204254.0,0.1051,-0.0754,0.0025,-19.939,-74.5732,-7.0122
1574147204296.0,0.1106,-0.0782,-0.0057,-25.5488,-78.1098,-7.622
1574147204341.0,0.1114,-0.0764,-0.0106,-28.2317,-91.0366,-8.2317
1574147204342.0,0.1106,-0.08,-0.025,-27.7439,-105.122,-8.3537
1574147204343.0,0.0956,-0.0771,-0.0358,-29.0854,-110.061,-8.0488
1574147204344.0,0.0941,-0.0707,-0.0432,-24.7561,-116.4634,-8.8415
1574147204345.0,0.1099,-0.0706,-0.0453,-20.9756,-123.2927,-17.8049
1574147204346.0,0.1232,-0.0695,-0.033,-20.6098,-123.8415,-24.7561
1574147204347.0,0.1295,-0.069,-0.0298,-15.7317,-116.2195,-24.0854
1574147204348.0,0.1258,-0.0701,-0.0336,-10.2439,-90.7317,-22.561
1574147204349.0,0.1161,-0.069,-0.0338,-6.4024,-56.1585,-22.6829
1574147204386.0,0.1093,-0.0684,-0.0414,-0.6098,-21.0976,-26.8902
1574147204387.0,0.1074,-0.0668,-0.0313,3.5976,7.9878,-29.939
1574147204388.0,0.1084,-0.0677,-0.0353,6.2195,21.0976,-29.5732
1574147204389.0,0.1104,-0.0732,-0.0469,9.4512,35.0,-30.7317
1574147204431.0,0.1219,-0.0768,-0.042,13.1707,43.5366,-33.5976
1574147204432.0,0.1321,-0.0723,-0.0372,17.1341,50.4878,-36.1585
1574147204433.0,0.1271,-0.0692,-0.033,22.7439,72.439,-38.5366
1574147204434.0,0.1153,-0.0698,-0.0239,26.5244,106.7683,-40.2439
1574147204476.0,0.1152,-0.0661,-0.026,30.8537,137.8659,-40.3659
1574147204477.0,0.1186,-0.0618,-0.0266,37.6829,155.2439,-36.8293
1574147204478.0,0.1199,-0.0601,-0.0168,40.9756,148.4146,-29.939
1574147204478.0,0.1213,-0.0598,-0.0092,39.5732,127.439,-24.1463
1574147204479.0,0.1203,-0.0627,-0.0078,36.7073,107.3171,-21.6463
1574147204522.0,0.1127,-0.0618,-0.0088,34.3902,90.9146,-19.0244
1574147204523.0,0.1055,-0.0597,-0.0089,34.0854,73.7805,-16.2195
1574147204524.0,0.1078,-0.061,-0.0073,31.9512,52.0122,-15.9756
1574147204525.0,0.1115,-0.0647,-0.0066,29.3902,33.7805,-15.3049
1574147204525.0,0.1079,-0.0653,-0.0062,28.5366,25.3049,-13.9634
1574147204566.0,0.106,-0.0602,-0.0021,29.939,18.6585,-13.5976
1574147204568.0,0.1089,-0.0567,0.0018,31.1585,7.378,-14.4512
1574147204568.0,0.1098,-0.0536,0.0026,30.4878,-2.6829,-15.061
1574147204569.0,0.1118,-0.0529,0.0015,29.6341,-5.8537,-15.7927
1574147204611.0,0.1092,-0.0517,0.001,28.5366,1.1585,-18.1098
1574147204613.0,0.1077,-0.0474,0.0029,29.7561,11.4634,-19.3293
1574147204614.0,0.1188,-0.0436,0.0059,30.7317,16.7073,-19.939
1574147204615.0,0.1313,-0.0414,0.0037,30.9146,23.2317,-20.9756
1574147204616.0,0.1332,-0.0394,0.0009,31.8293,38.2317,-21.2195
1574147204656.0,0.133,-0.0363,0.0001,34.1463,57.2561,-19.2683
1574147204658.0,0.132,-0.0345,0.0007,37.439,71.4634,-15.5488
1574147204659.0,0.1288,-0.038,-0.0022,40.061,77.5,-10.4878
1574147204660.0,0.123,-0.0406,-0.0056,42.378,76.6463,-6.8293
1574147204701.0,0.1191,-0.0415,0.0003,44.6951,65.122,-5.0
1574147204702.0,0.1246,-0.0451,0.0097,42.7439,44.8171,-6.0976
1574147204703.0,0.1337,-0.046,0.0215,39.878,31.4024,-7.5
1574147204704.0,0.1422,-0.0457,0.0227,38.7805,29.939,-7.622
1574147204705.0,0.1453,-0.0432,0.0145,38.6585,42.439,-7.561
1574147204746.0,0.138,-0.0386,0.0098,38.1098,61.7683,-5.4268
1574147204747.0,0.1272,-0.0338,0.0146,38.6585,82.5,0.4268
1574147204747.0,0.1207,-0.0314,0.0214,40.8537,94.939,7.8659
1574147204748.0,0.1249,-0.0358,0.0288,39.7561,88.2927,13.6585
1574147204836.0,0.1305,-0.0396,0.0351,35.6098,69.2683,18.2927
1574147204837.0,0.1376,-0.0424,0.0333,30.9146,48.9634,23.5366
1574147204838.0,0.1428,-0.0424,0.0297,28.7805,35.8537,25.4268
1574147204838.0,0.1381,-0.0403,0.0331,26.9512,27.1951,26.5244
1574147204839.0,0.1278,-0.0398,0.0352,22.8049,21.3415,28.4756
1574147204839.0,0.1209,-0.0415,0.0371,20.061,18.5976,27.622
1574147204840.0,0.121,-0.0451,0.0403,18.1098,14.6341,25.4878
1574147204841.0,0.1212,-0.0452,0.0443,15.5488,11.0976,24.2073
1574147204841.0,0.124,-0.0418,0.0419,14.2073,13.1098,23.1098
1574147204842.0,0.1193,-0.0407,0.0407,14.5122,22.561,21.5244
1574147204881.0,0.1022,-0.0433,0.0371,13.8415,31.9512,19.6341
1574147204883.0,0.0888,-0.0453,0.0325,12.7439,38.4756,16.0366
1574147204884.0,0.0879,-0.0458,0.0345,12.622,37.622,12.2561
1574147204885.0,0.0986,-0.0478,0.0416,9.0854,28.5366,8.9024
1574147204926.0,0.1057,-0.0441,0.0488,5.7317,17.6829,7.2561
1574147204928.0,0.1106,-0.0396,0.0504,5.1829,7.1951,5.3659
1574147204929.0,0.1218,-0.0421,0.0457,1.8902,-0.8537,2.1951
1574147204930.0,0.1271,-0.0449,0.0395,-1.6463,-4.3293,0.122
1574147204931.0,0.1245,-0.0444,0.0361,-3.1707,-2.7439,-1.2195
1574147204971.0,0.1213,-0.0413,0.0349,-2.439,2.0732,-3.5366
1574147204972.0,0.1177,-0.0417,0.038,-2.3171,4.4512,-4.6951
1574147204973.0,0.1119,-0.0418,0.0381,-3.5366,3.1707,-4.6951
1574147204974.0,0.1113,-0.0406,0.03,-4.0244,-0.3049,-4.5122
1574147205061.0,0.1083,-0.0425,0.027,-5.122,-11.0366,-2.9878
1574147205063.0,0.1036,-0.0454,0.0312,-7.5,-26.1585,-2.1341
1574147205064.0,0.109,-0.0474,0.0339,-9.2683,-37.561,-4.4512
1574147205064.0,0.1152,-0.0506,0.0314,-9.0854,-43.9024,-5.5488
1574147205065.0,0.118,-0.0516,0.027,-9.4512,-42.2561,-4.5732
1574147205066.0,0.1182,-0.051,0.024,-6.7073,-32.2561,-3.3537
1574147205066.0,0.116,-0.0536,0.0172,-3.4146,-23.7805,-2.2561
1574147205067.0,0.1129,-0.0555,0.0084,-2.2561,-18.1707,-2.8659
1574147205068.0,0.1129,-0.0538,0.0049,0.0,-10.4878,-3.5366
1574147205068.0,0.1086,-0.0514,0.0049,4.2683,5.3659,-4.939
1574147205106.0,0.1038,-0.0565,0.0049,8.9024,27.378,-7.439
1574147205107.0,0.1044,-0.0627,0.0078,12.2561,49.5732,-11.7683
1574147205108.0,0.1113,-0.0616,0.0226,17.0122,67.7439,-12.378
1574147205196.0,0.1238,-0.0587,0.0405,18.1707,82.3171,-12.0122
1574147205197.0,0.1298,-0.0554,0.0483,16.1585,96.8293,-11.4634
1574147205198.0,0.123,-0.0574,0.0518,16.5854,113.6585,-7.0732
1574147205198.0,0.1139,-0.0564,0.0502,16.3415,128.0488,-6.2805
1574147205241.0,0.1046,-0.0558,0.044,18.3537,134.0244,-3.7195
1574147205242.0,0.1008,-0.0563,0.0361,21.2195,122.2561,1.7683
1574147205243.0,0.108,-0.0502,0.0392,22.1951,88.1707,7.0122
1574147205244.0,0.111,-0.0484,0.0413,20.8537,39.2073,9.5122
1574147205245.0,0.1045,-0.0537,0.0344,15.6707,5.122,7.1951
1574147205246.0,0.0961,-0.0542,0.0316,16.0366,0.3049,2.8659
1574147205246.0,0.1004,-0.0494,0.0306,23.9024,7.9268,2.439
1574147205247.0,0.1088,-0.0502,0.0392,25.6098,19.2073,2.5
1574147205248.0,0.1008,-0.0544,0.0486,21.4634,34.6341,2.7439
1574147205248.0,0.0818,-0.0546,0.0576,19.6951,56.7683,1.4634
1574147205286.0,0.0699,-0.0519,0.0684,22.2561,80.061,-2.9878
1574147205288.0,0.0701,-0.0507,0.0762,21.5854,89.1463,-8.9024
1574147205288.0,0.0837,-0.046,0.0787,18.7195,80.4268,-12.439
1574147205289.0,0.0963,-0.0408,0.0726,14.1463,57.9268,-16.0976
1574147205290.0,0.0894,-0.031,0.0591,10.3049,31.0976,-21.0366
1574147205331.0,0.0801,-0.0235,0.0355,8.5976,6.4024,-26.7683
1574147205332.0,0.0906,-0.0247,0.022,7.3171,-21.9512,-31.6463
1574147205333.0,0.1105,-0.0312,0.0236,5.9146,-56.0976,-29.6341
1574147205334.0,0.1254,-0.0332,0.0341,6.0366,-78.7195,-24.878
1574147205335.0,0.1353,-0.0318,0.047,11.2195,-71.5244,-25.2439
1574147205376.0,0.1445,-0.0321,0.0504,13.7805,-40.0,-27.439
1574147205377.0,0.1406,-0.025,0.0557,17.9878,-1.1585,-26.2195
1574147205378.0,0.1278,-0.0157,0.0629,22.1951,28.2927,-23.9634
1574147205379.0,0.1265,-0.0162,0.0766,20.4878,42.2561,-23.9024
1574147205421.0,0.1315,-0.0232,0.0784,13.8415,42.561,-23.7805
1574147205423.0,0.1316,-0.0214,0.0776,11.5854,39.2073,-17.0122
1574147205423.0,0.1401,-0.0208,0.075,10.7317,32.622,-13.9024
1574147205424.0,0.1481,-0.0232,0.0675,8.0488,32.0122,-15.9146
1574147205425.0,0.1426,-0.0252,0.054,3.0488,41.5244,-13.1098
1574147205466.0,0.1297,-0.029,0.0518,1.2805,59.8781,-11.1585
1574147205468.0,0.1229,-0.0363,0.0615,1.2195,79.4512,-10.6707
1574147205469.0,0.1199,-0.041,0.063,0.3049,89.1463,-6.1585
1574147205470.0,0.1071,-0.0399,0.0629,2.0732,90.9756,0.7927
1574147205511.0,0.1133,-0.0434,0.0642,5.9146,87.0122,2.3171
1574147205512.0,0.1279,-0.0437,0.0714,7.439,75.122,2.1341
1574147205513.0,0.1238,-0.0402,0.0758,7.3171,61.8293,7.3171
1574147205514.0,0.113,-0.0396,0.0732,7.378,63.2927,6.4024
1574147205515.0,0.1118,-0.04,0.0752,8.7195,76.4024,2.561
1574147205556.0,0.1129,-0.04,0.0782,7.378,84.939,6.3415
1574147205557.0,0.1031,-0.0404,0.0707,6.7683,87.9268,12.9268
1574147205558.0,0.0853,-0.0385,0.0659,8.9024,89.6341,13.9024
1574147205559.0,0.0812,-0.0362,0.0766,13.2927,86.5854,11.4634
1574147205559.0,0.0937,-0.0352,0.085,11.7073,72.9878,12.5
1574147205601.0,0.0934,-0.0346,0.0828,7.622,57.0122,18.7805
1574147205602.0,0.0913,-0.0362,0.071,8.9024,55.122,21.0976
1574147205603.0,0.0994,-0.0372,0.0702,13.3537,59.3902,19.2073
1574147205604.0,0.0919,-0.0322,0.0823,15.6707,54.6951,20.122
1574147205646.0,0.0764,-0.029,0.0841,17.0732,55.3049,17.8659
1574147205648.0,0.0768,-0.0275,0.0817,19.3293,62.439,12.439
1574147205648.0,0.0802,-0.0275,0.0801,19.5732,62.561,13.9024
1574147205649.0,0.0781,-0.0278,0.084,20.1829,57.3781,17.7439
1574147205650.0,0.0731,-0.0281,0.0878,20.7927,52.8659,17.9878
1574147205691.0,0.0721,-0.031,0.0894,20.4268,47.0122,13.8415
1574147205693.0,0.0766,-0.0331,0.0934,20.6707,40.1829,10.7927
1574147205693.0,0.0851,-0.0342,0.093,21.7073,34.6951,10.6098
1574147205694.0,0.0883,-0.0369,0.09,20.9146,37.8659,9.7561
1574147205736.0,0.0808,-0.0394,0.0852,20.7317,54.4512,7.561
1574147205738.0,0.072,-0.043,0.0839,22.0732,74.0244,5.8537
1574147205738.0,0.0638,-0.048,0.0958,21.7683,81.7683,4.3293
1574147205739.0,0.0648,-0.0484,0.1067,19.2073,78.9634,2.561
1574147205740.0,0.06,-0.0389,0.1072,12.622,69.8171,-0.6098
1574147205781.0,0.0598,-0.0386,0.0934,4.0854,59.0854,-7.6829
1574147205783.0,0.0632,-0.0392,0.0886,-1.2195,56.7073,-16.0366
1574147205783.0,0.0594,-0.0323,0.096,-2.7439,58.6585,-16.3415
1574147205784.0,0.0668,-0.0285,0.0961,-3.4146,52.9878,-20.0
1574147205826.0,0.0831,-0.0222,0.0916,-6.9512,29.8171,-24.6951
1574147205827.0,0.1014,-0.0168,0.0833,-9.0854,-5.4878,-21.2805
1574147205827.0,0.1335,-0.0157,0.0828,-7.378,-42.439,-19.1463
1574147205828.0,0.1531,-0.0151,0.0891,-6.2195,-70.061,-11.2195
1574147205829.0,0.1443,-0.0172,0.0878,-0.7317,-68.1098,3.4756
1574147205871.0,0.1232,-0.0167,0.0864,13.5366,-39.0854,15.9146
1574147205872.0,0.1013,-0.0145,0.0903,27.0732,-15.6707,28.1707
1574147205872.0,0.0879,-0.0153,0.0886,32.3171,-15.3659,34.3293
1574147205873.0,0.0849,-0.0212,0.0798,36.4024,-20.0,36.4634
1574147205916.0,0.0654,-0.0234,0.071,40.7317,-23.6585,41.5854
1574147205917.0,0.0403,-0.0229,0.0717,47.9268,-35.4268,44.939
1574147205918.0,0.0759,-0.0403,0.0795,48.0488,-61.0366,38.2927
1574147205919.0,0.0939,-0.0373,0.1,47.3171,-72.8049,36.4024
1574147205920.0,0.0785,-0.0408,0.1235,49.8781,-53.4756,40.1829
1574147205962.0,0.0561,-0.0436,0.1294,48.6585,-8.0488,27.2561
1574147205963.0,0.0333,-0.0443,0.1309,40.122,31.7683,14.5122
1574147205963.0,0.0081,-0.0431,0.1238,28.1098,59.5122,4.878
1574147205964.0,0.0042,-0.0406,0.1036,16.3415,66.2195,-10.061
1574147205965.0,0.0345,-0.0444,0.0952,-0.6707,45.5488,-25.7927
1574147206006.0,0.0658,-0.0433,0.1141,-15.9146,25.1829,-33.8415
1574147206008.0,0.0818,-0.0405,0.1206,-23.7195,28.6585,-37.3171
1574147206008.0,0.0816,-0.0334,0.1121,-27.0122,50.4878,-41.9512
1574147206009.0,0.0835,-0.0311,0.1023,-28.7805,59.5122,-46.0976
1574147206051.0,0.0861,-0.0276,0.0959,-29.3293,45.5488,-48.9024
1574147206053.0,0.0978,-0.0227,0.0906,-30.4878,17.6829,-44.878
1574147206054.0,0.1178,-0.0208,0.0848,-33.3537,-13.6585,-36.8902
1574147206055.0,0.1297,-0.0158,0.0762,-32.7439,-33.8415,-27.9878
1574147206056.0,0.1288,-0.0141,0.0688,-26.2195,-33.0488,-18.6585
1574147206096.0,0.1212,-0.0167,0.0696,-17.622,-19.0854,-10.8537
1574147206098.0,0.1031,-0.0161,0.075,-5.9146,-0.3659,-3.4146
1574147206099.0,0.0955,-0.0153,0.0732,5.2439,12.439,1.0976
1574147206100.0,0.09,-0.0088,0.0695,13.2927,20.2439,3.1707
1574147206141.0,0.0848,-0.0092,0.08,19.3902,28.8415,4.7561
1574147206142.0,0.0888,-0.0119,0.1019,22.561,37.378,5.8537
1574147206142.0,0.1057,-0.0106,0.1116,19.3902,26.8902,10.6098
1574147206143.0,0.1255,-0.0119,0.1145,8.5366,-4.939,15.9146
1574147206144.0,0.1421,-0.0225,0.1196,-4.4512,-37.9878,19.0244
1574147206186.0,0.1459,-0.0339,0.1187,-14.0244,-47.9878,26.3415
1574147206187.0,0.1337,-0.0399,0.1137,-19.2683,-34.3902,37.3171
1574147206187.0,0.1147,-0.0411,0.1103,-20.4268,-13.6585,47.6829
1574147206188.0,0.1022,-0.0428,0.1017,-20.9146,-3.5976,56.3415
1574147206231.0,0.0858,-0.0387,0.0851,-22.561,-6.7683,63.6585
1574147206232.0,0.0649,-0.0383,0.0672,-22.6829,-14.3293,66.8293
1574147206232.0,0.0496,-0.0392,0.0615,-16.9512,-22.9268,60.8537
1574147206233.0,0.0406,-0.0394,0.066,-6.9512,-35.3049,57.6829
1574147206234.0,0.0311,-0.0388,0.0679,4.2073,-49.6951,58.4756
1574147206276.0,0.0287,-0.0422,0.0637,17.8659,-57.5,56.4634
1574147206278.0,0.0304,-0.0462,0.0662,32.7439,-55.6098,47.0122
1574147206279.0,0.0178,-0.0466,0.0728,45.9146,-41.5244,36.8293
1574147206322.0,0.0062,-0.0487,0.075,56.4634,-18.9634,27.1951
1574147206323.0,-0.004,-0.0439,0.0798,64.8781,4.0244,13.1707
1574147206324.0,0.0006,-0.0325,0.0884,67.3171,17.1341,-6.1585
1574147206325.0,0.0216,-0.0226,0.0988,62.1951,22.9268,-22.9878
1574147206326.0,0.055,-0.0198,0.1211,51.9512,21.0366,-34.0854
1574147206327.0,0.0764,-0.0171,0.1376,43.3537,19.2683,-38.5366
1574147206367.0,0.0827,-0.0203,0.14,36.5854,18.6585,-40.4268
1574147206368.0,0.0846,-0.0272,0.1309,30.3659,17.1341,-42.8659
1574147206369.0,0.0959,-0.0344,0.1147,25.1829,11.8293,-43.4146
1574147206370.0,0.0891,-0.0341,0.0874,22.0122,8.5366,-41.8902
1574147206371.0,0.0502,-0.037,0.0521,22.378,16.2805,-43.1707
1574147206411.0,0.0854,-0.0473,0.1283,26.3415,33.2927,-51.7073
1574147206413.0,0.1147,-0.0224,0.1728,22.5,31.2195,-38.2317
1574147206414.0,0.157,-0.0303,0.1602,-15.4268,-24.878,-16.2195
1574147206415.0,0.1357,-0.0228,0.1336,-28.9024,-2.8659,-29.3293
1574147206457.0,0.0816,-0.0302,0.1122,-11.3415,54.0244,-34.3902
1574147206458.0,0.0652,-0.0326,0.0914,-11.5854,57.7439,-32.0732
1574147206459.0,0.0782,-0.0281,0.0898,-26.1585,27.2561,-29.0854
1574147206460.0,0.093,-0.0287,0.1092,-31.3415,20.9756,-28.9634
1574147206462.0,0.0712,-0.0189,0.111,-29.2073,51.4634,-26.2805
1574147206546.0,0.0414,-0.007,0.0928,-27.0122,82.8659,-27.439
1574147206548.0,0.0563,0.0005,0.0859,-24.5122,74.3902,-38.6585
1574147206549.0,0.0927,0.0023,0.0878,-29.0244,29.8171,-41.0976
1574147206550.0,0.1136,0.0076,0.0793,-32.1341,-0.4878,-33.1098
1574147206551.0,0.13,0.0102,0.0719,-28.4146,-9.3293,-23.5976
1574147206552.0,0.1475,0.0046,0.1044,-21.2195,-17.1951,-14.878
1574147206553.0,0.1541,-0.0012,0.1307,-16.5244,-21.7073,0.7927
1574147206554.0,0.1575,-0.009,0.1194,-18.4146,-32.622,17.8659
1574147206555.0,0.1558,-0.0256,0.1042,-27.0732,-52.2561,33.4146
1574147206591.0,0.142,-0.0412,0.104,-28.9634,-49.939,43.3537
1574147206592.0,0.1241,-0.0428,0.0949,-27.622,-34.939,50.4878
1574147206593.0,0.1052,-0.0374,0.0737,-32.0732,-33.7195,57.8659
1574147206594.0,0.0949,-0.038,0.0638,-37.378,-45.7927,62.0122
1574147206594.0,0.0838,-0.037,0.0647,-35.1829,-57.0122,64.7561
1574147206637.0,0.0762,-0.0352,0.0619,-31.8902,-65.3659,67.9268
1574147206638.0,0.0599,-0.0312,0.0608,-25.7317,-62.622,68.5366
1574147206639.0,0.0466,-0.0342,0.0644,-11.5244,-49.0244,66.4634
1574147206639.0,0.0438,-0.038,0.0666,3.5976,-34.2073,62.1951
1574147206682.0,0.0331,-0.0343,0.0625,16.8293,-24.939,57.9878
1574147206683.0,0.0128,-0.0327,0.051,29.3902,-16.7073,50.6098
1574147206684.0,-0.0053,-0.0358,0.0421,41.5854,-6.0976,36.5854
1574147206684.0,-0.0231,-0.0353,0.0448,50.4268,0.6707,21.8293
1574147206685.0,-0.021,-0.0318,0.0671,57.439,1.3415,6.7073
1574147206727.0,0.007,-0.0247,0.0967,62.439,-4.0244,-8.2927
1574147206728.0,0.0414,-0.0189,0.1188,60.3659,-23.5366,-18.9634
1574147206728.0,0.0602,-0.0179,0.1245,54.0244,-43.4756,-29.3902
1574147206729.0,0.0774,-0.0224,0.1194,47.6829,-47.6829,-42.378
1574147206772.0,0.1028,-0.0272,0.1154,43.7195,-29.5122,-50.9146
1574147206773.0,0.1189,-0.0295,0.1046,41.4634,-0.6098,-48.9024
1574147206774.0,0.111,-0.0305,0.0984,41.1585,25.122,-42.3171
1574147206774.0,0.0871,-0.0273,0.1024,43.9024,44.5732,-39.5732
1574147206775.0,0.0613,-0.0269,0.1087,42.0122,55.3659,-40.9756
1574147206817.0,0.0568,-0.0332,0.1133,33.5366,54.0854,-42.7439
1574147206818.0,0.1166,-0.038,0.1774,24.7561,38.5366,-43.1707
1574147206819.0,0.1519,-0.0253,0.1946,5.4878,3.0488,-30.7317
1574147206819.0,0.1816,-0.0355,0.1639,-36.0366,-37.5,-20.4878
1574147206861.0,0.1508,-0.0308,0.1371,-49.7561,4.3902,-28.6585
1574147206862.0,0.0877,-0.0311,0.1094,-42.3171,79.0244,-24.0854
1574147206863.0,0.0516,-0.0272,0.0784,-41.8902,124.6341,-17.439
1574147206863.0,0.0467,-0.0215,0.0879,-47.6829,129.8171,-20.0
1574147206864.0,0.0371,-0.0231,0.1165,-49.8171,127.0122,-25.6098
1574147206906.0,0.0331,-0.0179,0.1308,-44.6341,130.3659,-28.9024
1574147206907.0,0.06,-0.0043,0.1242,-43.1098,101.2195,-24.3293
1574147206907.0,0.1006,-0.0033,0.1159,-57.2561,16.2805,-23.1707
1574147206908.0,0.127,-0.0081,0.1104,-69.3293,-61.9512,-26.7073
1574147206951.0,0.1445,-0.0126,0.1038,-72.561,-93.2317,-20.3049
1574147206952.0,0.1482,-0.0109,0.0937,-69.939,-86.9512,-5.1829
1574147206952.0,0.1416,-0.014,0.0818,-63.1707,-66.4024,10.6098
1574147206953.0,0.129,-0.0206,0.07,-53.3537,-41.8293,21.9512
1574147206954.0,0.1152,-0.0198,0.0626,-41.5854,-25.5488,32.3171
1574147206996.0,0.1085,-0.0205,0.063,-31.7683,-25.7317,42.2561
1574147206998.0,0.1003,-0.0248,0.0596,-26.9512,-39.8171,49.6341
1574147206999.0,0.0922,-0.0285,0.0524,-20.7927,-56.1585,53.2927
1574147206999.0,0.0855,-0.0309,0.0394,-8.1098,-64.5122,55.0
1574147207000.0,0.0769,-0.0294,0.0282,7.3171,-70.9756,56.3415
1574147207041.0,0.0643,-0.0225,0.0356,21.2805,-86.7683,58.1098
1574147207043.0,0.0455,-0.0217,0.0452,33.8415,-101.6463,51.1585
1574147207044.0,0.035,-0.0238,0.0522,44.8171,-95.1829,38.0488
1574147207044.0,0.0434,-0.0225,0.0599,51.0366,-79.8781,32.1951
1574147207087.0,0.0547,-0.0257,0.0707,51.7073,-67.9268,30.122
1574147207088.0,0.0482,-0.032,0.0855,53.1707,-50.7927,21.0976
1574147207089.0,0.0382,-0.0421,0.0961,54.3293,-26.7683,7.0122
1574147207089.0,0.0417,-0.0451,0.094,54.2073,-0.5488,-6.1585
1574147207090.0,0.0421,-0.0439,0.0976,53.4146,19.6951,-14.1463
1574147207132.0,0.0312,-0.0441,0.0909,47.1341,29.878,-19.3902
1574147207133.0,0.0358,-0.0464,0.08,42.3171,29.3902,-26.8902
1574147207133.0,0.0499,-0.0436,0.0807,36.4024,12.1951,-35.6707
1574147207134.0,0.0742,-0.0399,0.0867,30.4268,-11.0366,-42.9268
1574147207177.0,0.1004,-0.0377,0.1064,25.8537,-11.3415,-47.1951
1574147207178.0,0.1105,-0.037,0.1221,21.5244,11.1585,-47.0732
1574147207178.0,0.0945,-0.0344,0.1237,21.0976,41.4634,-44.2683
1574147207179.0,0.0734,-0.0302,0.1166,23.7805,60.6707,-41.5854
1574147207180.0,0.0679,-0.03,0.0897,25.122,56.5244,-40.5488
1574147207222.0,0.1172,-0.043,0.1415,21.7683,28.4756,-40.8537
1574147207223.0,0.1446,-0.0333,0.1712,10.061,-8.1707,-30.8537
1574147207223.0,0.1536,-0.0325,0.1537,-20.9756,-49.2683,-12.9878
1574147207224.0,0.1411,-0.0289,0.1085,-34.0244,-26.4634,-18.0488
1574147207266.0,0.1071,-0.0339,0.0787,-23.3537,31.7073,-25.0
1574147207267.0,0.074,-0.0388,0.074,-16.1585,71.9512,-16.7073
1574147207268.0,0.0493,-0.0362,0.0787,-12.1951,79.0854,-11.9512
1574147207269.0,0.0432,-0.0322,0.0849,-6.7073,65.4268,-15.7927
1574147207270.0,0.0554,-0.0292,0.0947,-6.1585,41.7073,-18.9024
1574147207312.0,0.0717,-0.027,0.1074,-10.122,18.2317,-20.4878
1574147207313.0,0.0831,-0.0201,0.1153,-12.8659,7.622,-19.5122
1574147207313.0,0.0922,-0.015,0.1177,-13.1707,5.6098,-17.3171
1574147207314.0,0.099,-0.0161,0.1128,-17.561,0.6098,-18.9634
1574147207315.0,0.0936,-0.0093,0.1016,-19.3293,0.4878,-20.9146
1574147207356.0,0.0923,-0.0089,0.087,-21.3415,-5.9756,-17.6829
1574147207357.0,0.0939,-0.0101,0.0763,-21.6463,-18.1707,-14.939
1574147207358.0,0.0942,-0.009,0.0708,-18.8415,-30.3659,-9.7561
1574147207359.0,0.0955,-0.0073,0.0661,-16.2195,-46.7683,-6.0366
1574147207402.0,0.0989,-0.0074,0.0629,-14.6951,-68.2927,-4.6341
1574147207403.0,0.0964,-0.0058,0.0663,-12.622,-89.4512,-3.4756
1574147207403.0,0.0936,-0.0028,0.0662,-10.8537,-110.4878,-2.1951
1574147207404.0,0.105,-0.0091,0.0685,-14.5732,-136.5854,-0.2439
1574147207405.0,0.131,-0.0212,0.0815,-20.4268,-163.8415,2.8659
1574147207491.0,0.1577,-0.037,0.0904,-26.7683,-178.7805,10.0
1574147207493.0,0.1694,-0.0449,0.0897,-28.3537,-165.8537,19.2683
1574147207493.0,0.1672,-0.0465,0.0873,-23.1707,-120.6098,25.061
1574147207494.0,0.1449,-0.0507,0.0757,-15.8537,-50.9756,28.4756
1574147207495.0,0.1046,-0.0507,0.0625,-6.4024,20.9756,33.4146
1574147207496.0,0.0694,-0.0475,0.0574,4.3293,61.8293,39.7561
1574147207496.0,0.0599,-0.0439,0.0602,12.3171,57.561,44.878
1574147207497.0,0.0822,-0.0435,0.0606,14.8171,27.7439,47.8049
1574147207497.0,0.0994,-0.0413,0.0738,16.0366,3.4756,46.7073
1574147207537.0,0.0922,-0.0388,0.0875,21.2195,4.6951,42.9878
1574147207538.0,0.0741,-0.037,0.0927,29.1463,36.5854,39.2073
1574147207538.0,0.0539,-0.0331,0.0906,37.7439,77.6829,36.8293
1574147207539.0,0.04,-0.0328,0.0803,44.3293,106.3415,33.4146
1574147207581.0,0.0328,-0.0315,0.0745,48.2317,121.8902,29.2683
1574147207583.0,0.0389,-0.0293,0.0667,50.1829,127.3781,25.061
1574147207583.0,0.0687,-0.0234,0.0653,51.7073,120.5488,17.3171
1574147207584.0,0.0995,-0.0095,0.1141,53.7805,105.8537,11.7683
1574147207585.0,0.1016,-0.0057,0.1758,46.2805,99.8781,3.4146
1574147207627.0,0.0692,-0.0023,0.1879,28.7195,118.5366,-13.8415
1574147207628.0,0.0416,-0.0236,0.1503,3.1707,167.8049,-28.7805
1574147207629.0,-0.0051,-0.0309,0.1256,2.6829,234.0854,-40.061
1574147207630.0,-0.0494,-0.0313,0.0892,16.2805,253.6585,-37.0732
1574147207631.0,-0.0394,-0.0367,0.0779,4.7561,185.1219,-41.8293
1574147207672.0,0.0254,-0.0233,0.1052,-18.8415,60.4878,-60.9146
1574147207673.0,0.0922,-0.0063,0.1431,-52.0732,-67.0732,-66.0366
1574147207673.0,0.1197,-0.0099,0.1379,-83.7195,-127.7439,-65.5488
1574147207674.0,0.1282,-0.0139,0.1148,-80.4268,-82.0122,-73.9024
1574147207716.0,0.1288,-0.0048,0.0972,-54.3902,-8.4756,-63.2927
1574147207718.0,0.1412,-0.0131,0.0923,-50.6707,-8.5366,-39.0244
1574147207718.0,0.1614,-0.0226,0.0977,-57.2561,-39.0244,-30.1829
1574147207719.0,0.1637,-0.0233,0.0992,-53.2927,-45.0,-18.4146
1574147207720.0,0.1464,-0.0224,0.095,-44.7561,-31.7073,-2.8659
1574147207806.0,0.1296,-0.0252,0.0875,-36.3415,-16.2805,7.622
1574147207808.0,0.1229,-0.0291,0.076,-32.6829,-18.1098,15.9146
1574147207809.0,0.1172,-0.0304,0.0704,-32.8049,-39.2073,25.8537
1574147207810.0,0.107,-0.0316,0.0665,-33.5976,-67.9268,34.2683
1574147207811.0,0.1077,-0.0323,0.0622,-33.5366,-91.9512,39.1463
1574147207811.0,0.1127,-0.0284,0.059,-31.3415,-104.4512,44.5122
1574147207812.0,0.1132,-0.0284,0.0587,-27.3171,-107.561,50.7927
1574147207813.0,0.1108,-0.0325,0.0588,-20.3049,-100.5488,54.5732
1574147207814.0,0.1017,-0.0338,0.0568,-9.5732,-86.2195,58.0488
1574147207852.0,0.0814,-0.0304,0.0587,2.9878,-71.7683,63.2317
1574147207853.0,0.0638,-0.0313,0.058,13.9024,-64.6951,65.3049
1574147207853.0,0.0536,-0.0342,0.0606,21.8902,-66.2805,62.622
1574147207854.0,0.0488,-0.0344,0.0654,29.0244,-76.5854,60.3049
1574147207897.0,0.0515,-0.0363,0.0692,33.5366,-91.7073,57.2561
1574147207898.0,0.059,-0.0397,0.0709,37.561,-100.4878,49.1463
1574147207899.0,0.0584,-0.0419,0.0812,42.7439,-93.0488,37.622
1574147207900.0,0.0444,-0.044,0.0916,49.3293,-66.7683,25.9146
1574147207900.0,0.0345,-0.0519,0.0922,54.5732,-34.1463,15.4268
1574147207941.0,0.0264,-0.0546,0.0846,60.7927,-6.8902,6.0976
1574147207942.0,0.0142,-0.0503,0.0845,68.9024,6.8902,-2.8049
1574147207942.0,0.0072,-0.0482,0.0953,67.561,9.5122,-12.2561
1574147207943.0,0.0222,-0.0421,0.1107,59.939,4.5122,-21.9512
1574147207986.0,0.0591,-0.0252,0.1246,54.2073,-2.9268,-30.6098
1574147207987.0,0.0947,-0.0119,0.1207,44.3293,-7.8049,-38.2317
1574147207987.0,0.1356,-0.0151,0.1035,36.0976,-5.3659,-44.3293
1574147207988.0,0.1664,-0.0197,0.0871,37.0122,12.7439,-45.7317
1574147207989.0,0.147,-0.02,0.0826,44.7561,45.5488,-44.0854
1574147208031.0,0.0707,-0.0212,0.0442,49.2683,95.3049,-48.4146
1574147208033.0,0.0327,-0.0416,0.0658,54.3293,148.4756,-60.0
1574147208033.0,0.0515,-0.0144,0.1647,61.9512,163.8415,-61.8902
1574147208034.0,0.1003,0.0057,0.2017,33.9024,68.4756,-27.6829
1574147208035.0,0.1857,-0.0272,0.1862,-42.9268,-55.5488,-16.7683
1574147208076.0,0.1763,-0.0277,0.1537,-64.7561,-29.4512,-39.8171
1574147208078.0,0.0951,-0.0343,0.1213,-35.4268,81.4024,-40.4268
1574147208078.0,0.0447,-0.0299,0.1025,-24.878,134.5122,-32.2561
1574147208079.0,0.0355,-0.0253,0.0891,-43.4756,94.5732,-31.7683
1574147208122.0,0.0462,-0.0263,0.075,-54.5732,36.5854,-41.9512
1574147208123.0,0.0605,-0.0242,0.0747,-51.2195,1.0976,-43.5976
1574147208124.0,0.083,-0.0193,0.0818,-48.7805,-19.5122,-37.561
1574147208125.0,0.104,-0.0143,0.0827,-48.2317,-26.1585,-32.0122
1574147208125.0,0.1167,-0.0096,0.0792,-44.2073,-21.0976,-29.5122
1574147208166.0,0.1246,-0.0044,0.0771,-36.3415,-12.8049,-26.3415
1574147208168.0,0.1195,0.0034,0.0812,-28.7195,-9.0244,-19.2683
1574147208168.0,0.1136,0.0045,0.0854,-23.5366,-13.7805,-12.439
1574147208212.0,0.1224,-0.0035,0.0963,-22.1341,-30.0,-5.4268
1574147208213.0,0.1395,-0.0132,0.1031,-24.0854,-61.3415,8.4756
1574147208213.0,0.15,-0.0255,0.1009,-35.1829,-103.0488,26.9512
1574147208214.0,0.142,-0.0345,0.0999,-49.1463,-132.1951,37.0732
1574147208215.0,0.1147,-0.0379,0.0942,-53.9634,-132.0732,39.0854
1574147208216.0,0.0872,-0.0363,0.0872,-55.6707,-124.2073,38.9634
1574147208302.0,0.0741,-0.0334,0.08,-61.1585,-132.0122,38.9024
1574147208303.0,0.0727,-0.0336,0.0688,-70.3659,-153.0488,39.0244
1574147208304.0,0.0751,-0.0372,0.0605,-80.061,-177.5,37.8659
1574147208304.0,0.0743,-0.0397,0.0615,-86.2195,-197.9878,35.6098
1574147208305.0,0.0725,-0.0431,0.062,-91.0366,-208.4146,34.5732
1574147208306.0,0.0852,-0.0495,0.0583,-96.2195,-209.2073,32.8659
1574147208307.0,0.0994,-0.0481,0.0638,-101.8902,-205.0,29.4512
1574147208307.0,0.0936,-0.0461,0.0742,-106.8902,-202.1951,23.1707
1574147208308.0,0.071,-0.0491,0.0739,-114.6341,-192.3171,12.0122
1574147208347.0,0.0521,-0.0499,0.0608,-118.2317,-184.6951,3.3537
1574147208348.0,0.0654,-0.0539,0.0429,-122.9268,-191.5854,1.2195
1574147208348.0,0.0879,-0.0607,0.029,-131.0366,-206.0976,-1.4634
1574147208349.0,0.0897,-0.0594,0.023,-134.939,-209.4512,-3.7195
1574147208350.0,0.0825,-0.054,0.0225,-133.4146,-194.2683,-10.061
1574147208391.0,0.0786,-0.0492,0.0098,-129.7561,-160.8537,-20.3049
1574147208393.0,0.0815,-0.0477,-0.0165,-119.0244,-129.7561,-27.7439
1574147208393.0,0.0844,-0.0491,-0.0317,-105.3659,-113.4756,-31.4024
1574147208394.0,0.088,-0.0482,-0.0374,-91.7683,-106.1585,-34.3902
1574147208437.0,0.1099,-0.0441,-0.0339,-77.0122,-104.2683,-40.3049
1574147208438.0,0.1316,-0.0385,-0.0325,-60.6098,-108.7805,-44.0854
1574147208439.0,0.1395,-0.0363,-0.0347,-44.2683,-110.3049,-42.1951
1574147208439.0,0.1451,-0.0453,-0.0385,-31.3415,-92.2561,-39.7561
1574147208440.0,0.1501,-0.0519,-0.0406,-22.5,-54.5122,-40.7317
1574147208482.0,0.1612,-0.049,-0.0291,-9.0244,-14.5122,-42.2561
1574147208483.0,0.1734,-0.0479,-0.0179,6.9512,35.6098,-41.0976
1574147208484.0,0.1681,-0.0471,-0.0068,20.3049,93.9634,-40.2439
1574147208485.0,0.1416,-0.0428,-0.0029,31.5854,140.1829,-37.8049
1574147208527.0,0.1217,-0.0426,-0.0071,41.9512,168.2927,-34.4512
1574147208528.0,0.11,-0.0419,-0.0114,45.5488,167.0122,-29.2683
1574147208529.0,0.0986,-0.0413,-0.0085,42.9878,136.2805,-21.3415
1574147208530.0,0.0995,-0.0428,0.0007,36.7683,102.8659,-16.9512
1574147208531.0,0.1127,-0.0409,0.0118,32.9268,71.2195,-22.561
1574147208571.0,0.1329,-0.0376,0.0188,29.939,33.2317,-25.3049
1574147208572.0,0.1627,-0.0397,0.0138,27.3171,-2.0122,-19.7561
1574147208572.0,0.1815,-0.0461,0.027,20.2439,-23.8415,-18.6585
1574147208573.0,0.1672,-0.0443,0.0328,13.7805,-19.878,-22.378
1574147208616.0,0.1505,-0.0398,0.0314,15.4268,12.3171,-27.1341
1574147208617.0,0.1427,-0.0347,0.0304,18.7195,47.8659,-27.0122
1574147208618.0,0.1407,-0.0364,0.0192,21.9512,76.8293,-18.8415
1574147208619.0,0.1328,-0.0363,0.0149,25.4268,103.7805,-10.3049
1574147208620.0,0.1086,-0.0369,0.0112,32.8659,117.439,-0.3049
1574147208661.0,0.0907,-0.0431,0.0124,35.7927,105.7927,5.7927
1574147208662.0,0.0823,-0.0386,0.017,38.1098,72.5,5.8537
1574147208662.0,0.0908,-0.0341,0.0236,44.2073,17.9268,8.6585
1574147208663.0,0.1121,-0.0327,0.0286,45.6707,-36.3415,8.1098
1574147208664.0,0.1234,-0.0252,0.0283,47.9268,-71.6463,5.1829
1574147208706.0,0.1195,-0.0252,0.0322,51.0366,-88.1707,2.5
1574147208707.0,0.1185,-0.0267,0.0403,47.9268,-89.3902,-1.4634
1574147208709.0,0.1237,-0.0228,0.0521,44.0244,-83.9634,-4.0854
1574147208709.0,0.1241,-0.0202,0.051,39.4512,-68.4756,-0.4268
1574147208752.0,0.1179,-0.0254,0.0496,36.4634,-44.0854,5.1829
1574147208753.0,0.1208,-0.0266,0.0417,30.3049,-21.7073,-0.5488
1574147208753.0,0.1217,-0.022,0.0324,27.8049,5.4268,-6.3415
1574147208754.0,0.1184,-0.0293,0.0329,30.061,30.4268,1.0366
1574147208755.0,0.1197,-0.0402,0.0378,26.8293,41.7683,3.1707
1574147208797.0,0.122,-0.0401,0.0341,24.4512,48.9634,-1.8293
1574147208798.0,0.1215,-0.0349,0.0298,24.6341,59.8171,-5.3049
1574147208799.0,0.1215,-0.0304,0.0302,23.9634,73.1707,-6.0366
1574147208800.0,0.125,-0.0319,0.0334,22.3171,81.8293,-5.9756
1574147208841.0,0.1282,-0.0302,0.0385,22.378,80.4878,-7.3171
1574147208843.0,0.1285,-0.0284,0.0397,23.7195,72.9268,-7.6829
1574147208844.0,0.1281,-0.0305,0.0385,24.0244,65.122,-5.8537
1574147208845.0,0.1267,-0.0334,0.0371,23.9024,60.9756,-4.2073
1574147208845.0,0.1246,-0.0357,0.0366,23.9634,59.5122,-2.3171
1574147208887.0,0.1226,-0.0352,0.0375,24.0244,60.5488,0.1829
1574147208888.0,0.1224,-0.0338,0.0402,24.4512,62.9268,1.3415
1574147208889.0,0.1218,-0.0318,0.0427,25.061,67.439,1.5244
1574147208890.0,0.1191,-0.0315,0.0437,25.2439,74.0244,1.7073
1574147208932.0,0.1157,-0.0321,0.0404,25.122,80.6098,0.9146
1574147208933.0,0.1087,-0.0287,0.0381,25.6098,88.2317,0.1829
1574147208934.0,0.1038,-0.0258,0.043,26.7073,92.1951,0.4878
1574147208935.0,0.1066,-0.0273,0.0502,25.6707,88.5976,1.8902
1574147208935.0,0.109,-0.0278,0.0534,24.1463,80.9146,3.2927
1574147208976.0,0.1109,-0.0281,0.0507,24.0244,73.8415,3.7195
1574147208977.0,0.1136,-0.0294,0.046,24.0244,69.5732,3.7195
1574147208977.0,0.1133,-0.0275,0.0452,26.7073,70.1829,2.7439
1574147208978.0,0.1062,-0.0267,0.0475,29.0244,71.7683,2.439
1574147209021.0,0.1053,-0.0278,0.0533,30.3659,67.622,1.8293
1574147209022.0,0.1099,-0.0268,0.0554,29.5122,60.6098,0.4878
1574147209022.0,0.1049,-0.0232,0.0572,29.4512,57.8049,0.122
1574147209023.0,0.1015,-0.0251,0.0634,28.1098,59.2073,-0.7927
1574147209024.0,0.1068,-0.0262,0.0708,25.0,63.6585,-1.7683
1574147209066.0,0.1135,-0.0248,0.0787,23.3537,66.9512,-1.0366
1574147209067.0,0.1149,-0.0242,0.0779,22.0122,68.0488,-0.5488
1574147209068.0,0.1119,-0.0241,0.0739,20.9756,68.1098,-0.7317
1574147209069.0,0.1115,-0.0262,0.0742,19.1463,61.5244,0.1829
1574147209070.0,0.1085,-0.027,0.0795,16.5854,53.0488,0.122
1574147209111.0,0.1036,-0.0239,0.0858,15.061,47.8049,0.6707
1574147209113.0,0.1038,-0.0215,0.0865,12.8659,44.7561,1.3415
1574147209113.0,0.1023,-0.0225,0.0837,9.6951,44.6951,0.8537
1574147209114.0,0.0977,-0.024,0.0804,8.1707,49.3293,1.2805
1574147209157.0,0.0965,-0.0228,0.0801,8.6585,55.7927,1.8293
1574147209158.0,0.0961,-0.0225,0.082,8.2317,58.9634,1.3415
1574147209158.0,0.0942,-0.0221,0.0806,8.1098,58.5366,0.7317
1574147209159.0,0.0912,-0.0208,0.0776,9.2073,55.9146,1.0366
1574147209160.0,0.0862,-0.0204,0.0786,10.9146,49.1463,1.0976
1574147209202.0,0.0862,-0.0184,0.084,12.0732,37.622,0.0
1574147209203.0,0.0959,-0.0205,0.0894,10.122,21.6463,0.3659
1574147209203.0,0.11,-0.0226,0.092,7.439,8.4756,0.061
1574147209204.0,0.1138,-0.0223,0.0909,7.8659,7.8049,-0.5488
1574147209246.0,0.1033,-0.023,0.0868,6.6463,20.7927,-0.1829
1574147209248.0,0.0908,-0.0242,0.0823,6.5854,34.5122,-0.3659
1574147209248.0,0.0887,-0.0275,0.0806,6.7073,36.2805,-1.2195
1574147209249.0,0.0964,-0.0302,0.0798,5.4878,27.0732,-0.9146
1574147209250.0,0.1011,-0.0298,0.0791,4.5732,19.4512,0.3659
1574147209292.0,0.0985,-0.0288,0.0803,7.0732,21.8293,0.122
1574147209293.0,0.0936,-0.026,0.0814,9.6341,27.622,-0.4878
1574147209293.0,0.0924,-0.0225,0.0843,10.061,29.8171,0.122
1574147209294.0,0.0944,-0.0219,0.0886,10.3659,27.8049,1.0976
1574147209337.0,0.0983,-0.0235,0.0931,9.939,21.4024,0.8537
1574147209338.0,0.1038,-0.0251,0.0947,8.6585,19.8171,0.3659
1574147209339.0,0.1016,-0.0194,0.092,9.6951,29.5122,2.378
1574147209339.0,0.0912,-0.0182,0.0957,11.5854,43.0488,2.5
1574147209340.0,0.0881,-0.0204,0.095,8.9634,54.0854,2.378
1574147209381.0,0.088,-0.0193,0.0927,6.2805,55.7317,3.9634
1574147209382.0,0.0848,-0.0182,0.0927,5.0,48.9024,3.1098
1574147209382.0,0.084,-0.0182,0.0915,3.3537,40.061,2.8049
1574147209383.0,0.09,-0.0164,0.0867,2.439,34.8171,1.9512
1574147209384.0,0.0991,-0.0143,0.0894,4.0244,38.1098,1.8902
1574147209427.0,0.107,-0.0128,0.0916,5.8537,48.9024,2.622
1574147209428.0,0.0879,-0.0083,0.0915,6.8293,70.8537,4.2073
1574147209428.0,0.0608,-0.0092,0.0932,13.1707,97.3781,5.9756
1574147209429.0,0.0544,-0.0173,0.0955,17.9268,102.0122,5.7927
1574147209472.0,0.0628,-0.0201,0.0989,15.5488,80.3659,2.2561
1574147209473.0,0.0742,-0.0188,0.0991,10.5488,53.7805,1.0976
1574147209473.0,0.0737,-0.0168,0.0982,8.5366,40.6098,0.3049
1574147209474.0,0.0645,-0.0194,0.1018,9.0854,38.5976,-2.5
1574147209475.0,0.0601,-0.019,0.108,10.7927,38.8415,-6.4024
1574147209517.0,0.0645,-0.0158,0.1099,10.3049,30.2439,-7.0122
1574147209518.0,0.071,-0.0182,0.1055,7.0122,9.0244,-5.6707
1574147209518.0,0.0733,-0.0228,0.1035,2.7439,-12.8049,-7.8659
1574147209519.0,0.0678,-0.0232,0.1022,2.0122,-27.2561,-10.6707
1574147209561.0,0.0645,-0.0248,0.0994,0.4268,-42.8049,-10.8537
1574147209562.0,0.0698,-0.0304,0.0921,-2.1341,-57.1951,-11.8293
1574147209563.0,0.0714,-0.0334,0.0898,-5.061,-66.2195,-12.0732
1574147209563.0,0.0762,-0.0317,0.0906,-4.2683,-72.6829,-12.6829
1574147209564.0,0.0858,-0.0309,0.0887,-4.7561,-80.3659,-13.2927
1574147209606.0,0.087,-0.0286,0.0864,-5.8537,-90.122,-10.7927
1574147209607.0,0.082,-0.0237,0.0877,-5.122,-104.6341,-7.0122
1574147209608.0,0.0875,-0.0248,0.0921,-8.2927,-128.3537,-5.061
1574147209609.0,0.1085,-0.0284,0.0942,-15.8537,-155.7317,-5.122
1574147209652.0,0.126,-0.0288,0.1031,-24.6951,-184.6951,-2.1951
1574147209653.0,0.1312,-0.0333,0.1096,-36.2805,-207.9878,5.9146
1574147209653.0,0.1315,-0.0425,0.1058,-47.8659,-208.2317,11.4024
1574147209654.0,0.1249,-0.0491,0.0901,-53.2317,-186.2195,17.622
1574147209654.0,0.1318,-0.0529,0.0726,-57.0122,-153.4146,26.4634
1574147209696.0,0.1423,-0.0557,0.0674,-60.061,-130.7927,30.1829
1574147209698.0,0.1355,-0.0552,0.058,-62.5,-115.9756,36.6463
1574147209699.0,0.1223,-0.057,0.0552,-59.1463,-92.8659,42.2561
1574147209700.0,0.1086,-0.0518,0.0669,-51.7073,-72.0732,42.622
1574147209741.0,0.116,-0.0455,0.0511,-47.1341,-69.939,44.0854
1574147209743.0,0.1266,-0.0353,0.0449,-43.5366,-69.8171,50.4878
1574147209743.0,0.1066,-0.0371,0.0484,-34.6951,-70.9756,62.2561
1574147209744.0,0.0912,-0.0481,0.0499,-35.4268,-81.5244,53.0488
1574147209745.0,0.079,-0.0417,0.0466,-30.7927,-82.0122,34.8171
1574147209786.0,0.0759,-0.0346,0.0359,-22.3171,-93.2927,33.8415
1574147209787.0,0.0862,-0.0374,0.0209,-18.9634,-112.6829,37.0122
1574147209788.0,0.1017,-0.04,0.0223,-16.0976,-122.1341,32.378
1574147209788.0,0.1162,-0.0368,0.0308,-10.5488,-117.8659,29.878
1574147209789.0,0.1311,-0.0339,0.0449,-7.622,-100.7317,30.061
1574147209831.0,0.1384,-0.0299,0.0569,-4.0244,-75.5488,23.5976
1574147209833.0,0.1236,-0.0261,0.0594,3.2927,-41.0366,17.1341
1574147209833.0,0.1061,-0.0301,0.0623,10.122,-5.4268,15.061
1574147209834.0,0.0992,-0.0391,0.0457,11.2805,19.6341,10.8537
1574147209877.0,0.0838,-0.0438,0.0295,10.9756,25.2439,6.3415
1574147209878.0,0.0729,-0.0455,0.0273,7.622,14.0854,1.7683
1574147209879.0,0.0765,-0.048,0.024,9.4512,7.6829,-5.9756
1574147209879.0,0.0953,-0.0498,0.0297,17.378,6.0366,-7.8049
1574147209880.0,0.1171,-0.0517,0.0406,22.1951,9.5122,-8.5976
1574147209921.0,0.1427,-0.0554,0.0398,23.9634,21.5244,-17.5
1574147209923.0,0.166,-0.0482,0.0471,32.3171,49.2683,-21.3415
1574147209924.0,0.1741,-0.0393,0.0688,41.7683,83.1098,-17.0732
1574147209925.0,0.1605,-0.0368,0.0639,42.7439,120.4268,-15.3659
1574147209966.0,0.1234,-0.0378,0.0356,43.5366,161.8902,-15.1829
1574147209967.0,0.0793,-0.0338,0.0229,50.6098,194.8781,-10.4878
1574147209968.0,0.0615,-0.0292,0.0316,59.939,207.9268,-9.3293
1574147209969.0,0.0903,-0.0277,0.0532,62.622,195.7317,-5.9146
1574147209970.0,0.1272,-0.0244,0.0734,59.2073,173.1707,4.8171
1574147210011.0,0.1371,-0.0224,0.0837,56.2195,159.8171,12.6829
1574147210012.0,0.1176,-0.0228,0.0867,55.7927,161.8293,15.9756
1574147210013.0,0.0836,-0.0269,0.0837,54.5732,158.2317,16.2195
1574147210014.0,0.0673,-0.0333,0.073,51.6463,131.8293,14.0244
1574147210056.0,0.0723,-0.0355,0.069,48.1098,83.7805,11.0976
1574147210057.0,0.1035,-0.0366,0.0697,44.878,35.9146,13.1098
1574147210057.0,0.1337,-0.0322,0.0714,42.5,22.3171,16.4634
1574147210058.0,0.1456,-0.0272,0.0765,44.7561,51.1585,17.439
1574147210059.0,0.121,-0.0243,0.0795,49.0244,103.9024,19.1463
1574147210101.0,0.0782,-0.0244,0.0829,52.0732,152.1342,22.3171
1574147210102.0,0.0445,-0.0208,0.0847,53.1707,178.5366,22.9268
1574147210103.0,0.0294,-0.0153,0.0892,54.3293,170.3049,21.2805
1574147210103.0,0.033,-0.0126,0.103,51.4024,121.8293,19.0244
1574147210104.0,0.0514,-0.011,0.1196,43.1098,52.3781,18.3537
1574147210146.0,0.0853,-0.0181,0.1185,28.8415,-10.4268,18.0488
1574147210147.0,0.1229,-0.0236,0.1143,17.3171,-43.6585,13.7195
1574147210148.0,0.1315,-0.0225,0.1017,15.061,-32.3171,13.9024
1574147210148.0,0.1152,-0.0258,0.0908,18.7805,12.1341,16.3415
1574147210192.0,0.0884,-0.0256,0.0827,21.5854,62.8659,17.7439
1574147210193.0,0.0581,-0.0223,0.079,27.439,89.8171,20.4878
1574147210193.0,0.0342,-0.0212,0.0807,31.8902,81.2195,20.4878
1574147210194.0,0.0368,-0.024,0.0796,32.6829,54.1463,14.2683
1574147210195.0,0.0601,-0.0258,0.0801,30.0,23.0488,10.7317
1574147210237.0,0.0679,-0.022,0.0941,29.3293,-4.3293,12.7439
1574147210238.0,0.0624,-0.0212,0.1068,30.9146,-18.9634,10.2439
1574147210239.0,0.079,-0.0195,0.1038,30.4268,-19.6951,-0.7317
1574147210239.0,0.1069,-0.0123,0.105,27.1951,-11.4024,-7.5
1574147210281.0,0.1031,-0.0082,0.113,23.9024,10.9146,-6.4024
1574147210283.0,0.0741,-0.0057,0.1179,21.5244,45.122,-8.2927
1574147210283.0,0.0475,-0.0015,0.1277,20.2439,73.2317,-15.4268
1574147210284.0,0.0447,-0.0018,0.1257,15.1829,80.3049,-21.1585
1574147210285.0,0.0534,-0.0005,0.1218,6.4024,68.2317,-20.9146
1574147210326.0,0.0623,0.0033,0.1183,0.6707,50.6707,-17.8049
1574147210328.0,0.0695,0.0058,0.1177,-4.1463,32.0732,-20.3049
1574147210328.0,0.0791,0.0073,0.1179,-9.5122,13.5976,-24.6341
1574147210329.0,0.0925,0.0121,0.1111,-13.8415,-0.7927,-24.2683
1574147210372.0,0.1117,0.0164,0.0967,-17.561,-11.5244,-18.5366
1574147210373.0,0.1254,0.014,0.0886,-19.5122,-17.1341,-9.3293
1574147210374.0,0.1191,0.009,0.0812,-14.7561,-7.9878,1.4634
1574147210375.0,0.0958,0.0041,0.0726,-4.0244,11.8902,9.4512
1574147210417.0,0.0681,0.001,0.0703,7.561,29.5122,13.4146
1574147210418.0,0.0561,-0.0034,0.0722,16.8293,30.4878,16.4024
1574147210418.0,0.0628,-0.0098,0.0758,22.5,12.0122,18.3537
1574147210419.0,0.0707,-0.0162,0.0864,25.9146,-11.0976,21.7073
1574147210420.0,0.0679,-0.0244,0.0975,28.7195,-23.3537,23.9634
1574147210421.0,0.0624,-0.0309,0.1103,30.0,-24.878,21.4024
1574147210462.0,0.0651,-0.0352,0.1132,28.3537,-24.4512,17.6829
1574147210463.0,0.0856,-0.0454,0.1127,24.3293,-27.0732,14.8171
1574147210464.0,0.0896,-0.0511,0.1174,21.5244,-28.9634,15.5488
1574147210464.0,0.0703,-0.0609,0.1207,20.6098,-21.3415,15.2439
1574147210507.0,0.0482,-0.0735,0.1104,17.0732,-0.7927,7.8659
1574147210508.0,0.0393,-0.0787,0.0999,10.9146,14.0244,4.7561
1574147210508.0,0.0352,-0.0754,0.0966,4.3902,14.1463,5.4878
1574147210509.0,0.0345,-0.0664,0.0925,0.8537,10.0,-1.5854
1574147210510.0,0.0425,-0.0563,0.0919,-2.622,2.9878,-12.9268
1574147210552.0,0.0543,-0.0471,0.0929,-6.1585,-8.4146,-18.4146
1574147210552.0,0.0689,-0.0416,0.0974,-6.5854,-14.4512,-19.8171
1574147210553.0,0.0823,-0.0366,0.1038,-5.7317,-8.0488,-18.8415
1574147210553.0,0.0857,-0.0262,0.1126,-3.5366,3.2927,-16.6463
1574147210597.0,0.0748,-0.0142,0.1179,-2.1341,11.7683,-17.378
1574147210598.0,0.0666,-0.0038,0.1196,-4.1463,15.9146,-22.3171
1574147210598.0,0.0735,0.0075,0.1187,-7.8659,16.0366,-25.061
1574147210599.0,0.09,0.0169,0.1184,-12.378,11.6463,-23.9634
1574147210600.0,0.0938,0.0251,0.123,-17.3171,11.7073,-22.3171
1574147210642.0,0.0838,0.0283,0.1246,-19.6341,19.878,-22.9878
1574147210643.0,0.0748,0.0284,0.1152,-20.4268,32.8659,-25.3659
1574147210643.0,0.0696,0.0314,0.1035,-19.3902,38.7805,-22.439
1574147210644.0,0.0668,0.0322,0.1015,-17.8049,30.9756,-16.8902
1574147210686.0,0.074,0.0299,0.1036,-15.8537,20.0,-15.7317
1574147210687.0,0.0844,0.0329,0.1016,-15.122,11.5244,-14.2683
1574147210688.0,0.0903,0.0319,0.0953,-14.2073,1.9512,-9.6341
1574147210689.0,0.0947,0.0236,0.0914,-12.561,-9.0244,-4.3902
1574147210689.0,0.1038,0.0112,0.092,-9.2073,-18.7195,0.122
1574147210732.0,0.1024,-0.0002,0.0933,-3.8415,-18.0488,8.3537
1574147210733.0,0.0879,-0.0109,0.0936,3.9024,-8.4146,17.439
1574147210733.0,0.0746,-0.0222,0.0961,11.4634,-1.8902,21.2805
1574147210734.0,0.0741,-0.0325,0.0951,15.2439,-6.3415,22.2561
1574147210777.0,0.0807,-0.042,0.0949,16.0366,-17.439,24.0244
1574147210778.0,0.0814,-0.0522,0.0972,15.7927,-27.5,25.7317
1574147210779.0,0.0715,-0.0627,0.0975,16.0366,-30.4878,25.5488
1574147210779.0,0.0638,-0.0753,0.0951,16.5244,-25.5488,24.0854
1574147210780.0,0.0563,-0.0795,0.0937,16.9512,-18.7195,23.5976
1574147210822.0,0.0475,-0.078,0.0935,15.9756,-17.3171,22.622
1574147210823.0,0.0478,-0.0766,0.0906,12.1341,-18.7195,16.4024
1574147210823.0,0.051,-0.071,0.0882,7.1951,-18.5976,10.9146
1574147210824.0,0.0463,-0.0631,0.0873,5.1829,-15.0,9.5732
1574147210825.0,0.0456,-0.0578,0.0854,5.9146,-10.122,6.2805
1574147210866.0,0.0518,-0.0516,0.092,6.3415,-10.2439,1.5244
1574147210867.0,0.0584,-0.0453,0.1017,6.8902,-15.0,-0.7927
1574147210868.0,0.0713,-0.0417,0.1052,5.6707,-21.4024,-2.1341
1574147210869.0,0.0885,-0.0358,0.1082,1.2805,-29.0854,-2.622
1574147210911.0,0.103,-0.0291,0.1106,-1.0976,-28.8415,-1.9512
1574147210913.0,0.11,-0.0172,0.1168,0.9146,-17.9268,-0.7927
1574147210914.0,0.1033,-0.0054,0.1259,2.9268,-4.8171,-0.4268
1574147210915.0,0.0917,0.0013,0.1311,2.439,11.8293,-3.7805
1574147210916.0,0.0767,0.0097,0.1299,-1.2195,29.3293,-4.6341
1574147210957.0,0.061,0.0172,0.1262,-5.9756,36.0976,-3.6585
1574147210958.0,0.0498,0.0213,0.1188,-10.3049,32.0122,-5.0
1574147210959.0,0.0646,0.0204,0.1072,-13.9634,22.561,-6.5854
1574147210961.0,0.0803,0.0259,0.1132,-15.9756,12.2561,-4.3902
1574147211001.0,0.0734,0.0249,0.1199,-17.378,11.8902,-3.5366
1574147211002.0,0.0627,0.0217,0.1111,-17.6829,28.7195,-13.1098
1574147211046.0,0.062,0.0233,0.1119,-17.561,40.2439,-17.8659
1574147211047.0,0.0668,0.0208,0.1204,-19.2683,37.1341,-14.939
1574147211047.0,0.0729,0.0179,0.1196,-20.6707,29.4512,-15.2439
1574147211048.0,0.0829,0.0138,0.1066,-24.0854,14.5732,-15.061
1574147211049.0,0.0884,0.0067,0.0918,-25.6707,-4.878,-10.4268
1574147211049.0,0.0894,-0.0045,0.0792,-23.0488,-24.878,-3.4146
1574147211050.0,0.0909,-0.0181,0.0699,-17.6829,-41.0976,3.4146
1574147211051.0,0.0927,-0.0304,0.0682,-12.7439,-48.8415,9.939
1574147211092.0,0.0942,-0.0361,0.0692,-4.0854,-47.3171,15.3659
1574147211093.0,0.1004,-0.0394,0.0766,6.8293,-41.6463,20.6098
1574147211094.0,0.0979,-0.0413,0.0917,15.9756,-38.0488,26.0366
1574147211094.0,0.0988,-0.0477,0.1044,23.2927,-36.8902,26.8902
1574147211136.0,0.0909,-0.0483,0.1082,27.5,-31.5854,28.9634
1574147211137.0,0.0818,-0.05,0.1043,28.5976,-26.5244,34.6341
1574147211138.0,0.0758,-0.0496,0.1005,26.9512,-26.6463,36.2195
1574147211138.0,0.0784,-0.048,0.1016,23.6585,-30.2439,35.4878
1574147211139.0,0.0762,-0.0425,0.1094,20.6098,-22.7439,34.0854
1574147211181.0,0.0559,-0.0356,0.1172,18.7195,2.622,30.3049
1574147211182.0,0.0161,-0.0303,0.1181,16.6463,37.0732,21.4634
1574147211183.0,-0.0107,-0.0255,0.1135,11.7073,58.9024,7.1341
1574147211183.0,-0.0082,-0.0161,0.1096,4.939,53.1098,-7.5
1574147211226.0,0.0244,-0.0118,0.1113,-3.5976,24.0854,-17.9878
1574147211228.0,0.0658,-0.011,0.122,-13.2317,-3.5366,-25.3659
1574147211228.0,0.0963,-0.0073,0.1376,-20.7927,-6.2195,-28.7195
1574147211229.0,0.097,0.001,0.1437,-25.0,17.7439,-31.1585
1574147211230.0,0.0876,0.0073,0.1293,-28.6585,48.1707,-36.1585
1574147211272.0,0.089,0.0096,0.111,-33.5366,62.3171,-40.1829
1574147211273.0,0.0807,0.0101,0.1007,-37.9878,57.9268,-37.8049
1574147211274.0,0.0688,0.0063,0.0863,-36.4634,50.4268,-33.1707
1574147211274.0,0.074,0.0034,0.0707,-31.2195,37.3171,-28.5976
1574147211317.0,0.093,0.0038,0.0689,-24.1463,7.2561,-21.8902
1574147211318.0,0.1161,0.0013,0.08,-14.2073,-25.5488,-12.9878
1574147211319.0,0.1353,-0.004,0.0908,-6.2195,-42.7439,-4.2073
1574147211319.0,0.138,-0.0074,0.0973,2.8049,-36.6463,5.9756
1574147211320.0,0.1203,-0.0088,0.1031,13.7195,-16.9512,16.4634
1574147211362.0,0.0944,-0.0114,0.1078,22.9878,-5.3049,22.6829
1574147211363.0,0.0776,-0.0159,0.1073,27.7439,-8.9634,25.3659
1574147211364.0,0.0661,-0.0212,0.1049,27.6829,-21.7683,29.7561
1574147211364.0,0.0506,-0.0297,0.1022,27.2561,-33.6585,33.8415
1574147211407.0,0.0396,-0.0405,0.0987,27.561,-42.439,34.5732
1574147211408.0,0.0566,-0.0514,0.0809,26.3415,-49.939,31.5854
1574147211408.0,0.094,-0.0513,0.0754,25.3049,-57.2561,27.3171
1574147211409.0,0.0939,-0.0458,0.1078,26.2195,-61.7683,25.9756
1574147211410.0,0.0715,-0.0574,0.1236,25.061,-37.1951,11.5244
1574147211452.0,0.0339,-0.0554,0.1178,18.9634,19.0854,-4.5122
1574147211453.0,-0.0099,-0.0419,0.1086,12.8049,52.6829,-4.2073
1574147211454.0,-0.0193,-0.0312,0.1053,8.1707,39.1463,-14.7561
1574147211455.0,0.0191,-0.019,0.1033,-6.8902,-8.7195,-32.7439
1574147211455.0,0.0527,-0.0054,0.0986,-28.1707,-59.5122,-38.5366
1574147211497.0,0.0627,0.0042,0.0977,-41.1585,-83.4756,-37.3171
1574147211498.0,0.0591,0.0132,0.0983,-45.3659,-84.8781,-42.1341
1574147211499.0,0.0614,0.0223,0.1082,-50.5488,-97.439,-49.5122
1574147211500.0,0.0784,0.0221,0.1321,-63.6585,-138.5976,-52.8049
1574147211542.0,0.1099,0.0134,0.1508,-91.7683,-204.3902,-48.4756
1574147211543.0,0.1436,0.0,0.1409,-128.4146,-267.2561,-37.9878
1574147211544.0,0.1642,-0.0081,0.1173,-157.1342,-298.0488,-26.5854
1574147211544.0,0.1682,-0.0193,0.0907,-177.1342,-285.4878,-13.6585
1574147211545.0,0.1539,-0.0259,0.0723,-189.4512,-238.0488,-2.622
1574147211586.0,0.1309,-0.0229,0.0614,-190.2439,-181.8902,6.0366
1574147211588.0,0.11,-0.0237,0.0541,-182.5,-134.8781,12.622
1574147211588.0,0.0965,-0.0315,0.0508,-176.2195,-99.7561,17.6829
1574147211589.0,0.0943,-0.0379,0.0497,-170.4268,-74.2073,19.8171
1574147211632.0,0.1063,-0.0434,0.051,-161.9512,-52.622,16.7073
1574147211633.0,0.1072,-0.0473,0.0599,-151.4024,-25.8537,11.8902
1574147211633.0,0.0986,-0.0496,0.0552,-139.6951,5.7927,8.9634
1574147211634.0,0.095,-0.0535,0.0463,-127.9268,30.4878,1.2805
1574147211635.0,0.0811,-0.0597,0.0431,-115.8537,49.2073,-6.4634
1574147211677.0,0.0553,-0.0637,0.04,-101.0366,63.7195,-10.3659
1574147211678.0,0.0471,-0.0668,0.037,-87.0732,64.0244,-19.7561
1574147211679.0,0.0557,-0.0676,0.0375,-78.8415,45.6707,-33.9634
1574147211679.0,0.07,-0.0682,0.035,-74.5122,19.4512,-44.878
1574147211722.0,0.0823,-0.0647,0.0334,-67.9878,5.4878,-54.2073
1574147211723.0,0.0944,-0.0612,0.0386,-61.4634,6.5244,-61.8902
1574147211724.0,0.1143,-0.0555,0.0486,-55.7317,16.8293,-65.1829
1574147211724.0,0.1249,-0.05,0.0526,-47.8659,36.5854,-66.5854
1574147211725.0,0.1108,-0.0464,0.0462,-40.122,60.0,-64.8171
1574147211766.0,0.0898,-0.0439,0.0338,-31.3415,74.6341,-63.1707
1574147211768.0,0.0795,-0.0464,0.0212,-24.3902,69.6341,-66.0366
1574147211769.0,0.0883,-0.0488,0.0173,-19.7561,45.0,-67.622
1574147211769.0,0.1182,-0.0443,0.0295,-15.061,15.4878,-65.9146
1574147211812.0,0.1564,-0.0392,0.0488,-11.5854,-9.2073,-63.8415
1574147211813.0,0.1705,-0.0319,0.0624,-10.1829,-6.8902,-62.8659
1574147211813.0,0.1419,-0.0262,0.0552,-11.0976,33.4756,-60.1829
1574147211814.0,0.1082,-0.028,0.0455,-8.9634,87.0732,-55.3659
1574147211815.0,0.0933,-0.0256,0.0544,-2.439,109.8781,-52.1341
1574147211857.0,0.1155,-0.025,0.0667,-2.1951,76.0976,-49.1463
1574147211858.0,0.1259,-0.0219,0.0535,-9.6341,19.3293,-46.2805
1574147211858.0,0.1129,-0.0215,0.0568,-14.6951,-22.0732,-38.1707
1574147211859.0,0.1252,-0.027,0.0569,-17.7439,-38.2927,-30.1829
1574147211860.0,0.1558,-0.0339,0.0513,-23.7195,-42.2561,-22.439
1574147211902.0,0.1553,-0.037,0.0454,-28.0488,-30.0,-11.8293
1574147211903.0,0.1286,-0.0407,0.0491,-23.7195,5.2439,-7.5
1574147211904.0,0.1149,-0.0399,0.056,-18.7195,41.2805,-9.6341
1574147211904.0,0.1187,-0.0334,0.0656,-18.1098,49.4512,-8.2317
1574147211946.0,0.1258,-0.0277,0.0668,-19.6341,35.5488,-3.9634
1574147211948.0,0.119,-0.0309,0.0621,-21.4024,17.439,-1.1585
1574147211948.0,0.1078,-0.0383,0.0596,-24.0854,8.0488,0.3049
1574147211949.0,0.1113,-0.0433,0.052,-24.939,3.0488,0.6707
1574147211950.0,0.1051,-0.0413,0.0487,-24.7561,-1.9512,3.8415
1574147211991.0,0.0945,-0.0367,0.0499,-21.2195,0.9146,5.061
1574147211992.0,0.0997,-0.0331,0.0486,-17.378,6.2195,1.1585
1574147211993.0,0.1065,-0.0306,0.049,-15.7927,2.439,1.4634
1574147211993.0,0.101,-0.0285,0.0521,-15.5488,-7.439,3.9634
1574147212037.0,0.1001,-0.0304,0.051,-13.0488,-8.5976,0.061
1574147212038.0,0.1013,-0.0327,0.0535,-11.0976,-10.9146,-3.5366
1574147212038.0,0.1003,-0.0353,0.0565,-8.5976,-13.7805,-5.8537
1574147212039.0,0.0911,-0.0334,0.0526,-7.1341,-13.4146,-8.9024
1574147212040.0,0.0811,-0.028,0.0527,-4.939,-20.2439,-10.7317
1574147212082.0,0.091,-0.0359,0.0504,-2.1341,-36.4634,-15.4268
1574147212083.0,0.1091,-0.0458,0.046,-2.2561,-48.3537,-18.4756
1574147212083.0,0.113,-0.043,0.0496,-0.5488,-48.6585,-18.5366
1574147212084.0,0.1123,-0.0415,0.0497,4.5732,-36.4634,-22.0122
1574147212126.0,0.1146,-0.0419,0.0461,7.9268,-17.1951,-27.2561
1574147212128.0,0.1092,-0.0361,0.0534,10.8537,0.6098,-28.9634
1574147212128.0,0.1066,-0.0292,0.0626,14.3293,12.6829,-33.7805
1574147212129.0,0.1084,-0.0259,0.067,16.7683,20.9146,-38.5976
1574147212130.0,0.1061,-0.0226,0.07,16.4024,25.6098,-39.5122
1574147212171.0,0.111,-0.0134,0.0807,13.3537,25.4268,-41.0366
1574147212172.0,0.1228,-0.0047,0.0785,10.7317,17.9268,-43.9634
1574147212173.0,0.1415,-0.0134,0.0639,9.6341,6.4634,-41.4634
1574147212173.0,0.1322,-0.012,0.0552,6.5854,10.5488,-34.939
1574147212174.0,0.1461,-0.0116,0.0729,11.3415,18.9634,-25.3049
1574147212216.0,0.2023,-0.0273,0.0828,10.6707,4.2683,-9.5732
1574147212218.0,0.2032,-0.0172,0.0721,-2.622,-2.1341,6.1585
1574147212218.0,0.1416,-0.0163,0.0671,4.939,42.9878,15.9756
1574147212219.0,0.0944,-0.0274,0.0609,10.0,86.4634,7.0732
1574147212261.0,0.0883,-0.0252,0.0574,5.3659,82.622,4.0244
1574147212262.0,0.0936,-0.0215,0.0596,6.1585,57.3781,10.2439
1574147212263.0,0.0924,-0.0197,0.0617,8.9024,43.9634,9.878
1574147212263.0,0.0933,-0.02,0.0601,11.0976,43.3537,10.9146
1574147212264.0,0.0965,-0.019,0.0572,13.3537,45.4878,11.1585
1574147212307.0,0.0959,-0.0142,0.0579,14.939,46.1585,8.4146
1574147212307.0,0.1039,-0.0142,0.0686,14.0854,45.3659,4.6341
1574147212308.0,0.1152,-0.0117,0.0765,11.7683,42.9268,0.6707
1574147212308.0,0.1059,-0.0009,0.0661,10.4268,44.1463,0.6707
1574147212352.0,0.0817,0.0083,0.0712,14.3902,53.0488,1.2195
1574147212353.0,0.0969,0.03,0.0656,15.4268,56.7073,-8.0488
1574147212353.0,0.1381,0.0444,0.0999,19.3902,42.8049,1.0976
1574147212354.0,0.1717,0.0339,0.1171,3.8415,-4.8171,24.6341
1574147212355.0,0.1786,0.0265,0.1,-26.7073,-36.2195,31.1585
1574147212397.0,0.1577,0.0244,0.0756,-39.5732,-10.2439,42.6829
1574147212398.0,0.1375,0.0145,0.0534,-47.561,29.3293,48.9024
1574147212399.0,0.1337,0.0083,0.0431,-60.061,48.1098,50.6098
1574147212399.0,0.1309,0.0067,0.043,-69.0854,43.0488,62.9268
1574147212442.0,0.125,-0.0032,0.038,-74.3293,28.7805,74.5122
1574147212443.0,0.1169,-0.0188,0.0237,-77.9878,24.3902,81.2805
1574147212444.0,0.1105,-0.0358,0.0133,-75.6707,34.7561,86.5244
1574147212444.0,0.1044,-0.0486,0.0088,-64.2683,51.5244,92.8049
1574147212445.0,0.1062,-0.0544,0.0078,-45.6098,65.3659,96.8293
1574147212487.0,0.1057,-0.0554,0.0142,-23.1707,69.0854,97.0122
1574147212488.0,0.0901,-0.0534,0.0292,0.9146,69.2683,99.6951
1574147212488.0,0.0673,-0.0538,0.0403,26.8902,67.6829,101.0976
1574147212489.0,0.0578,-0.0642,0.0484,49.5122,50.9756,98.0488
1574147212490.0,0.0617,-0.0776,0.0503,64.939,17.7439,99.8171
1574147212532.0,0.0566,-0.087,0.0515,79.939,-13.8415,105.5488
1574147212533.0,0.0427,-0.0922,0.0571,96.7073,-33.1098,104.4512
1574147212534.0,0.0342,-0.0912,0.0689,110.7927,-43.3537,99.8171
1574147212535.0,0.0371,-0.0911,0.0805,121.8293,-46.4634,93.9634
1574147212577.0,0.0477,-0.0915,0.0941,129.0854,-47.7439,84.0244
1574147212578.0,0.0568,-0.0884,0.1124,132.6829,-51.2195,71.1585
1574147212578.0,0.0614,-0.0847,0.1252,131.2805,-54.4512,55.9756
1574147212579.0,0.0625,-0.0789,0.1299,125.7927,-58.1098,38.5976
1574147212580.0,0.0403,-0.0704,0.1218,114.2073,-58.2927,27.5
1574147212622.0,0.0039,-0.0635,0.1133,101.7683,-56.4024,20.2439
1574147212623.0,-0.0104,-0.0545,0.1035,91.8902,-55.7927,7.561
1574147212624.0,0.0182,-0.0432,0.093,80.0,-62.0732,-5.5488
1574147212625.0,0.0804,-0.0377,0.092,67.8659,-72.561,-9.5122
1574147212667.0,0.1373,-0.0303,0.1033,58.7805,-84.1463,-7.439
1574147212668.0,0.1609,-0.0206,0.1151,55.6707,-87.1951,-5.3659
1574147212668.0,0.1536,-0.0159,0.1158,52.561,-68.5366,-5.9756
1574147212669.0,0.1255,-0.0168,0.1096,48.2317,-35.3659,-4.5732
1574147212670.0,0.0958,-0.024,0.1035,44.3902,-4.4512,-3.3537
1574147212712.0,0.083,-0.0254,0.0962,45.6098,9.1463,0.061
1574147212713.0,0.0792,-0.0204,0.0867,46.4634,6.5244,7.1341
1574147212714.0,0.0892,-0.017,0.0822,47.0122,-2.8659,10.6707
1574147212714.0,0.1126,-0.0154,0.0837,44.5732,-13.4756,12.2561
1574147212757.0,0.1205,-0.016,0.0872,37.9268,-25.4268,16.2195
1574147212758.0,0.1095,-0.0188,0.0899,29.3902,-28.1707,16.9512
1574147212759.0,0.0898,-0.0179,0.0908,24.0854,-16.2195,10.7317
1574147212759.0,0.082,-0.0209,0.0934,20.3659,-7.5,5.4878
1574147212760.0,0.0832,-0.0244,0.0906,14.6341,-7.7439,2.561
1574147212802.0,0.0866,-0.0237,0.084,11.8902,-10.1829,1.9512
1574147212803.0,0.0888,-0.0215,0.0785,11.9512,-8.9024,0.3659
1574147212804.0,0.0909,-0.0214,0.0728,10.9756,-7.1951,-2.1951
1574147212804.0,0.0948,-0.0245,0.069,8.9634,-5.4878,-3.7195
1574147212847.0,0.0984,-0.0279,0.0713,9.2073,-6.9512,-3.7195
1574147212848.0,0.1,-0.0269,0.0743,10.3659,-13.2927,-2.622
1574147212848.0,0.1026,-0.026,0.078,11.2195,-17.9268,-1.3415
1574147212849.0,0.103,-0.0281,0.0785,10.6098,-17.1951,-0.7927
1574147212850.0,0.0995,-0.0278,0.0782,9.2073,-14.0854,-1.2195
1574147212892.0,0.0992,-0.0287,0.0767,8.9024,-6.0366,-3.4146
1574147212893.0,0.1024,-0.0301,0.0738,9.2683,7.7439,-4.7561
1574147212893.0,0.1057,-0.0291,0.0728,10.4268,16.8293,-0.9146
1574147212894.0,0.1085,-0.0286,0.0696,11.7683,21.1585,3.1707
1574147212895.0,0.1075,-0.0305,0.0632,12.1951,25.1829,4.3902
1574147212937.0,0.1056,-0.0351,0.0592,13.5976,30.061,4.3902
1574147212938.0,0.1108,-0.0326,0.0637,19.4512,32.7439,3.2317
1574147212939.0,0.118,-0.0309,0.0722,24.6951,33.1707,1.1585
1574147212939.0,0.1154,-0.0348,0.0782,21.1585,37.0122,-2.3171
1574147212982.0,0.1045,-0.0367,0.0812,19.2683,49.3293,-4.2073
1574147212983.0,0.0898,-0.0328,0.0783,21.3415,69.1463,-4.3293
1574147212984.0,0.0807,-0.028,0.0755,23.2927,86.6463,-4.5732
1574147212984.0,0.0821,-0.025,0.0792,22.0122,94.8171,-6.0366
1574147212985.0,0.0832,-0.022,0.0865,19.5732,93.4146,-3.3537
1574147213026.0,0.0806,-0.0212,0.0897,17.622,81.5854,1.5854
1574147213028.0,0.0826,-0.0262,0.0903,14.0244,58.2317,2.622
1574147213028.0,0.0953,-0.0305,0.0931,8.8415,30.4878,1.8902
1574147213029.0,0.1036,-0.033,0.0956,4.0854,13.4756,4.2073
1574147213072.0,0.1021,-0.037,0.0895,4.5122,16.4024,5.3049
1574147213073.0,0.1034,-0.0309,0.0839,10.122,30.9146,5.3049
1574147213073.0,0.1026,-0.0261,0.0862,13.9024,46.0366,6.8902
1574147213074.0,0.0925,-0.0286,0.0922,9.878,61.6463,5.2439
1574147213074.0,0.0834,-0.0291,0.0997,6.0366,74.8781,3.4146
1574147213117.0,0.0787,-0.0278,0.103,5.5488,77.2561,4.0854
1574147213118.0,0.0709,-0.0278,0.1007,5.3049,68.1707,5.1829
1574147213118.0,0.0675,-0.0316,0.1007,4.939,53.4756,5.6098
1574147213119.0,0.0733,-0.032,0.1018,3.2317,40.3049,3.9634
1574147213162.0,0.074,-0.0294,0.1018,0.7927,32.1951,4.3902
1574147213163.0,0.0734,-0.0311,0.0975,-0.9146,27.378,2.0732
1574147213163.0,0.0773,-0.0295,0.099,-2.8049,17.9268,-1.4634
1574147213164.0,0.0797,-0.0264,0.0989,-4.1463,5.4268,-0.4268
1574147213164.0,0.0776,-0.0286,0.0988,-7.0122,-0.2439,-1.2805
1574147213206.0,0.0764,-0.0305,0.1002,-9.0854,-2.622,-2.9878
1574147213207.0,0.0784,-0.0306,0.1021,-9.939,-8.9024,-2.2561
1574147213208.0,0.0779,-0.0322,0.1009,-10.4878,-14.3293,-2.1951
1574147213208.0,0.078,-0.0305,0.0981,-8.4146,-16.4024,-2.0732
1574147213209.0,0.0776,-0.0278,0.0976,-5.4878,-17.9268,-0.5488
1574147213252.0,0.0781,-0.027,0.0974,-4.5122,-23.9634,-1.0976
1574147213252.0,0.0826,-0.0272,0.0986,-7.1341,-32.2561,-1.7073
1574147213253.0,0.0861,-0.028,0.1018,-8.5976,-36.5244,-2.8049
1574147213253.0,0.0916,-0.0302,0.1055,-7.8049,-38.9634,-3.4756
1574147213297.0,0.0953,-0.0293,0.108,-8.3537,-38.1098,-0.3049
1574147213298.0,0.093,-0.0294,0.106,-9.6951,-35.061,1.1585
1574147213298.0,0.0836,-0.0281,0.1013,-11.7073,-27.5,0.4878
1574147213299.0,0.0834,-0.0248,0.1011,-11.0366,-17.9268,0.7927
1574147213300.0,0.098,-0.0249,0.098,-12.3171,-8.3537,2.9878
1574147213342.0,0.1028,-0.0289,0.0933,-14.6951,1.1585,10.6098
1574147213343.0,0.1006,-0.0276,0.0944,-14.7561,9.4512,17.378
1574147213344.0,0.1025,-0.0269,0.0911,-13.1707,17.3171,16.3415
1574147213345.0,0.0922,-0.0316,0.09,-12.8659,30.4878,15.9146
1574147213387.0,0.0856,-0.0389,0.0909,-12.1951,43.5976,19.5732
1574147213388.0,0.0809,-0.0312,0.0881,-2.378,56.3415,20.122
1574147213388.0,0.0809,-0.0301,0.0908,4.2073,68.5366,17.622
1574147213389.0,0.0831,-0.0312,0.0936,-2.8049,76.9512,17.622
1574147213390.0,0.0877,-0.0317,0.1005,-7.5,81.2195,18.5366
1574147213432.0,0.0898,-0.0322,0.1096,-9.0244,94.6341,16.2195
1574147213433.0,0.0883,-0.0322,0.1085,-7.0732,112.7439,15.9756
1574147213433.0,0.0942,-0.0297,0.1074,-1.9512,122.622,19.1463
1574147213434.0,0.1032,-0.0252,0.105,3.8415,127.8659,22.8659
1574147213477.0,0.0991,-0.0345,0.1113,3.3537,140.8537,24.939
1574147213478.0,0.0903,-0.04,0.1058,-0.3659,159.2073,29.5732
1574147213478.0,0.0671,-0.0402,0.1036,1.5244,179.2683,39.0244
1574147213479.0,0.0438,-0.0411,0.0967,5.3659,189.0244,42.0732
1574147213480.0,0.0277,-0.0365,0.0948,9.3293,179.5122,39.0244
1574147213522.0,0.0273,-0.035,0.1004,10.7317,149.1463,36.4024
1574147213523.0,0.0499,-0.0391,0.1086,6.2195,104.2683,37.6829
1574147213524.0,0.0781,-0.0437,0.1034,2.439,66.4024,43.2317
1574147213524.0,0.0728,-0.0491,0.095,3.4146,61.9512,48.5366
1574147213525.0,0.0402,-0.0491,0.0832,12.1951,87.6829,51.2805
1574147213567.0,0.0125,-0.0463,0.0751,23.1098,109.3902,50.061
1574147213568.0,0.0009,-0.0439,0.075,29.3902,105.3049,43.9024
1574147213568.0,-0.0051,-0.0444,0.0759,31.4024,81.4024,38.7805
1574147213569.0,-0.0077,-0.0428,0.0786,33.5976,50.5488,34.0854
1574147213612.0,-0.0066,-0.0384,0.0856,36.1585,20.1829,29.2683
1574147213613.0,-0.0052,-0.037,0.088,34.878,-4.6341,22.439
1574147213614.0,-0.0022,-0.0326,0.0923,34.2683,-22.1341,13.4146
1574147213615.0,0.0161,-0.0262,0.1185,36.7683,-43.6585,5.0
1574147213615.0,0.0403,-0.0231,0.1415,32.9878,-73.5366,-1.2195
1574147213657.0,0.0544,-0.0219,0.1484,24.1463,-93.9634,-5.5488
1574147213658.0,0.0542,-0.0173,0.1555,20.061,-88.5976,-6.5244
1574147213659.0,0.0466,-0.0175,0.1627,18.7805,-60.6707,-5.0
1574147213659.0,0.045,-0.0174,0.1533,16.7683,-30.4878,-4.878
1574147213702.0,0.0495,-0.0117,0.1369,10.122,-18.3537,-3.7195
1574147213703.0,0.047,-0.0106,0.1367,-0.1829,-28.6585,-3.6585
1574147213704.0,0.0416,-0.0132,0.1515,-11.1585,-41.8293,-5.122
1574147213705.0,0.0454,-0.0202,0.1475,-22.6829,-49.6951,-3.5976
1574147213705.0,0.0612,-0.0234,0.1384,-30.3659,-59.6951,-0.7927
1574147213747.0,0.0564,-0.0231,0.1342,-28.9024,-61.1585,1.7683
1574147213748.0,0.0473,-0.0316,0.1241,-26.3415,-48.0488,-2.2561
1574147213748.0,0.0482,-0.033,0.1026,-24.3293,-24.7561,-2.8049
1574147213749.0,0.0485,-0.0349,0.0877,-22.0732,-12.1341,1.8293
1574147213792.0,0.0428,-0.0358,0.0831,-18.9024,-14.1463,3.4146
1574147213793.0,0.0412,-0.0372,0.082,-14.1463,-21.3415,1.4634
1574147213793.0,0.0485,-0.0368,0.0814,-7.8659,-26.7073,-1.3415
1574147213794.0,0.0621,-0.0364,0.0876,-1.1585,-25.8537,-0.4268
1574147213795.0,0.0716,-0.0358,0.0995,3.2317,-14.3902,1.0976
1574147213837.0,0.0689,-0.0317,0.1146,9.5122,8.9024,2.0732
1574147213838.0,0.0581,-0.028,0.1168,15.7317,38.2317,0.9146
1574147213839.0,0.0489,-0.025,0.1158,17.8659,52.9268,1.9512
1574147213839.0,0.0462,-0.0279,0.1177,15.6098,47.8659,7.3171
1574147213882.0,0.0437,-0.0322,0.1206,11.7683,34.1463,8.1707
1574147213883.0,0.0438,-0.0322,0.1187,9.2683,18.9024,6.8902
1574147213884.0,0.0459,-0.0317,0.1132,5.3049,1.6463,5.9146
1574147213884.0,0.0437,-0.0334,0.1113,2.561,-9.8171,6.5854
1574147213885.0,0.0424,-0.0349,0.1071,2.3171,-13.1707,7.7439
1574147213927.0,0.0424,-0.0339,0.1062,2.7439,-14.0244,7.622
1574147213928.0,0.0385,-0.0312,0.1117,4.3902,-14.8171,5.9756
1574147213928.0,0.0375,-0.0344,0.1194,5.4268,-14.3902,1.7683
1574147213929.0,0.0538,-0.0342,0.125,3.4146,-11.3415,-1.3415
1574147213930.0,0.0645,-0.0289,0.1287,-1.2805,-12.9268,3.9634
1574147213972.0,0.0583,-0.0293,0.1304,-3.8415,-15.8537,4.878
1574147213973.0,0.0458,-0.0333,0.1261,-5.2439,-11.7073,-0.061
1574147213974.0,0.0315,-0.0312,0.121,-6.3415,-7.9878,0.7317
1574147213975.0,0.027,-0.029,0.119,-7.0732,-20.3049,1.7683
1574147214017.0,0.0371,-0.0314,0.115,-12.378,-47.9878,-1.3415
1574147214017.0,0.0493,-0.0334,0.1105,-17.622,-76.7073,-2.0732
1574147214018.0,0.0576,-0.0347,0.1034,-18.9634,-94.4512,-4.3902
1574147214018.0,0.0619,-0.0334,0.0935,-17.622,-97.3171,-7.561
1574147214019.0,0.0714,-0.0331,0.0878,-14.0244,-84.4512,-7.1951
1574147214062.0,0.0785,-0.0341,0.0867,-12.439,-54.939,-3.0488
1574147214063.0,0.0723,-0.0332,0.0814,-7.8049,-23.1707,2.1951
1574147214064.0,0.062,-0.0286,0.0818,0.9146,-4.939,0.6707
1574147214065.0,0.0544,-0.0281,0.0847,6.7683,-2.5,-3.4146
1574147214107.0,0.0526,-0.0325,0.0895,8.1707,-8.1707,-6.8902
1574147214108.0,0.0562,-0.0358,0.0938,9.5122,-15.3659,-8.9024
1574147214108.0,0.0599,-0.035,0.0983,12.2561,-25.4878,-8.0488
1574147214109.0,0.0633,-0.034,0.1009,14.939,-40.1829,-7.378
1574147214110.0,0.0592,-0.0331,0.105,14.3902,-50.8537,-7.5
1574147214152.0,0.0552,-0.0308,0.1139,15.8537,-54.3293,-9.4512
1574147214153.0,0.0648,-0.0294,0.1118,15.2439,-60.3659,-13.4756
1574147214154.0,0.0794,-0.0253,0.1113,12.7439,-77.5,-13.7195
1574147214154.0,0.0863,-0.0283,0.1107,9.3293,-93.4756,-11.3415
1574147214197.0,0.0818,-0.0323,0.1118,5.5488,-91.7683,-12.1341
1574147214198.0,0.0724,-0.0344,0.1094,3.1098,-77.3781,-11.8902
1574147214198.0,0.0665,-0.0349,0.1085,1.2805,-65.9146,-13.0488
1574147214199.0,0.0714,-0.0314,0.109,-0.1829,-63.7805,-13.6585
1574147214200.0,0.0807,-0.0281,0.1058,-2.5,-63.4146,-14.1463
1574147214241.0,0.0898,-0.0251,0.1082,-5.7317,-56.6463,-14.8171
1574147214242.0,0.0924,-0.0199,0.1105,-9.0854,-40.9756,-11.1585
1574147214243.0,0.0895,-0.0186,0.1038,-9.4512,-21.1585,-4.2683
1574147214243.0,0.0829,-0.0235,0.0944,-9.939,0.7317,2.2561
1574147214244.0,0.0728,-0.0291,0.0902,-8.9634,20.3659,5.9756
1574147214286.0,0.0728,-0.0247,0.0908,-5.6098,29.878,6.5854
1574147214287.0,0.0815,-0.0192,0.1038,-1.7683,19.7561,6.0976
1574147214288.0,0.0832,-0.0228,0.1109,-4.2073,-1.5854,3.5976
1574147214288.0,0.0799,-0.0275,0.1114,-8.1707,-5.5488,-1.5244
1574147214332.0,0.0782,-0.0274,0.1083,-7.8049,6.7073,0.6098
1574147214333.0,0.0771,-0.029,0.1021,-6.0976,13.5976,5.9146
1574147214334.0,0.0754,-0.0322,0.0967,-6.2805,13.4756,5.9146
1574147214335.0,0.0737,-0.0331,0.0941,-5.4878,13.7195,6.4024
1574147214336.0,0.0782,-0.0318,0.1003,-2.5,11.8902,7.5
1574147214377.0,0.0853,-0.0292,0.1097,-0.9756,7.7439,5.8537
1574147214378.0,0.0907,-0.031,0.1134,-1.6463,7.1951,2.2561
1574147214379.0,0.0911,-0.0336,0.1075,-3.6585,12.1341,4.0244
1574147214379.0,0.0807,-0.0316,0.0984,-1.0366,21.9512,9.7561
1574147214422.0,0.0714,-0.0309,0.0905,3.5366,25.5488,10.7927
1574147214423.0,0.0677,-0.034,0.091,3.7195,18.8415,9.4512
1574147214424.0,0.0706,-0.037,0.0888,2.2561,10.4268,12.7439
1574147214425.0,0.078,-0.0379,0.0891,2.8049,1.3415,16.3415
1574147214425.0,0.0834,-0.0365,0.0935,5.2439,-6.0366,14.939
1574147214467.0,0.0812,-0.0377,0.0952,5.6098,-6.5854,12.622
1574147214468.0,0.0687,-0.0425,0.0967,5.6707,1.8902,10.4878
1574147214468.0,0.0536,-0.0453,0.102,6.7683,13.7805,8.4756
1574147214469.0,0.056,-0.0442,0.1025,11.8902,16.6463,3.7195
1574147214512.0,0.0688,-0.036,0.1006,17.9878,7.9878,-1.2805
1574147214512.0,0.0679,-0.0327,0.1044,16.1585,1.5854,-0.7317
1574147214513.0,0.0593,-0.0327,0.1036,11.0976,5.9756,0.1829
1574147214513.0,0.0629,-0.0286,0.1037,7.5,9.878,-0.8537
1574147214514.0,0.079,-0.0251,0.109,4.4512,6.3415,0.2439
1574147214557.0,0.088,-0.0292,0.1132,-1.5854,6.0366,5.3659
1574147214558.0,0.0795,-0.0364,0.1129,-7.6829,17.439,9.6341
1574147214558.0,0.0646,-0.0368,0.1094,-9.939,28.5976,11.0976
1574147214559.0,0.0562,-0.0333,0.1036,-9.0854,32.1951,7.8659
1574147214559.0,0.0568,-0.0342,0.1004,-9.0854,26.7073,6.7073
1574147214602.0,0.0614,-0.0292,0.1033,-8.4146,11.1585,5.061
1574147214603.0,0.0674,-0.029,0.1003,-5.0,-5.5488,1.4024
1574147214604.0,0.0757,-0.036,0.0972,-3.4756,-12.2561,-3.2317
1574147214605.0,0.09,-0.0349,0.095,0.8537,-6.7683,0.1829
1574147214646.0,0.0979,-0.0335,0.0831,8.4146,8.3537,7.622
1574147214647.0,0.0829,-0.0262,0.0803,8.4146,35.3659,9.6951
1574147214648.0,0.0597,-0.02,0.0823,9.939,70.2439,9.2683
1574147214648.0,0.0448,-0.0244,0.0827,13.1707,87.7439,5.061
1574147214649.0,0.0464,-0.0273,0.0861,13.7805,78.7805,4.878
1574147214692.0,0.0551,-0.0244,0.091,16.0976,59.0244,5.7317
1574147214692.0,0.0598,-0.0236,0.0957,17.8659,47.5,10.7927
1574147214693.0,0.0588,-0.0241,0.0969,17.9878,52.3171,16.1585
1574147214693.0,0.0583,-0.0262,0.1039,18.7805,76.1585,17.1341
1574147214736.0,0.043,-0.0253,0.1099,15.3659,103.6585,15.061
1574147214737.0,0.019,-0.0249,0.1117,15.4268,117.2561,9.0244
1574147214738.0,0.008,-0.0162,0.1158,20.7317,104.5122,-1.7683
1574147214738.0,0.0061,-0.0075,0.1252,20.2439,61.4024,-12.561
1574147214739.0,0.0315,-0.017,0.1224,13.5366,3.2927,-23.9634
1574147214782.0,0.0786,-0.0214,0.125,0.9146,-50.122,-26.9512
1574147214783.0,0.0946,-0.0222,0.1287,-6.0976,-65.2439,-13.2927
1574147214783.0,0.0868,-0.0278,0.1257,-4.4512,-42.9878,-16.7683
1574147214784.0,0.0621,-0.0234,0.1143,-3.4756,-9.2683,-23.5976
1574147214827.0,0.0488,-0.0211,0.1045,0.1829,8.2317,-22.9878
1574147214828.0,0.0517,-0.0226,0.103,-0.1829,-1.4634,-23.7805
1574147214829.0,0.0621,-0.0276,0.1061,-2.8049,-24.8171,-21.8902
1574147214830.0,0.0724,-0.0316,0.1057,-4.3902,-41.0976,-16.4024
1574147214831.0,0.0718,-0.0322,0.0981,-3.4756,-41.0366,-10.7317
1574147214872.0,0.0609,-0.0328,0.0948,0.4878,-28.3537,-9.0244
1574147214873.0,0.0564,-0.0315,0.097,5.7317,-12.6829,-11.6463
1574147214874.0,0.0599,-0.029,0.0974,9.7561,1.4024,-11.5244
1574147214875.0,0.0665,-0.0276,0.098,13.0488,8.3537,-8.5366
1574147214917.0,0.0632,-0.0238,0.1014,15.4878,4.8171,-8.1098
1574147214918.0,0.0496,-0.02,0.0935,16.8902,-1.0976,-10.7317
1574147214919.0,0.0406,-0.0189,0.0862,16.9512,-3.7195,-12.9878
1574147214920.0,0.0434,-0.0189,0.083,17.3171,-7.378,-13.8415
1574147214920.0,0.0541,-0.018,0.0905,16.3415,-20.5488,-15.4878
1574147214962.0,0.0746,-0.0154,0.1013,16.2195,-41.4634,-17.8049
1574147214963.0,0.0907,-0.0169,0.1122,11.8902,-54.7561,-16.5854
1574147214964.0,0.0909,-0.0173,0.1198,6.2805,-51.8902,-12.561
1574147214964.0,0.0869,-0.0173,0.1156,2.1341,-38.2927,-10.5488
1574147214965.0,0.0855,-0.0132,0.1095,0.4268,-26.0976,-12.5
1574147215007.0,0.0809,-0.0085,0.1102,0.4268,-22.3171,-12.8659
1574147215008.0,0.0723,-0.0126,0.113,-3.2927,-16.9512,-13.9024
1574147215009.0,0.062,-0.0181,0.1182,-6.8902,-7.1951,-17.439
1574147215010.0,0.0475,-0.0188,0.1254,-6.6463,-2.8049,-18.4756
1574147215052.0,0.0382,-0.0155,0.1313,-7.1341,-10.7317,-14.939
1574147215053.0,0.0502,-0.0154,0.1312,-10.6707,-27.7439,-11.0976
1574147215054.0,0.0733,-0.0168,0.1292,-20.5488,-49.0244,-9.3902
1574147215054.0,0.0856,-0.0192,0.12,-29.3293,-61.5854,-7.561
1574147215055.0,0.0806,-0.0208,0.1074,-29.7561,-64.0244,-3.1098
1574147215097.0,0.0715,-0.0197,0.1052,-25.6707,-62.3781,0.061
1574147215098.0,0.0637,-0.0233,0.1156,-25.3049,-59.2683,-2.5
1574147215099.0,0.059,-0.0317,0.1227,-27.9878,-49.4512,-9.939
1574147215099.0,0.058,-0.0356,0.1319,-31.7683,-40.061,-14.878
1574147215142.0,0.0668,-0.0397,0.1319,-36.7073,-45.3659,-14.6341
1574147215143.0,0.0814,-0.0464,0.111,-38.6585,-42.1341,-13.5366
1574147215144.0,0.0828,-0.053,0.0718,-37.1951,-32.0122,-9.2073
1574147215144.0,0.0872,-0.0499,0.0414,-28.5976,-23.5976,-6.1585
1574147215145.0,0.0895,-0.0424,0.0433,-12.1951,-20.122,-7.378
1574147215187.0,0.0915,-0.0428,0.062,-2.378,-18.7805,-11.0976
1574147215188.0,0.1122,-0.051,0.072,1.8293,-8.3537,-18.3537
1574147215232.0,0.1097,-0.056,0.0836,6.5244,17.5,-17.9268
1574147215233.0,0.0815,-0.0549,0.0912,13.2317,54.6341,-16.3415
1574147215234.0,0.0444,-0.0469,0.0955,24.7561,80.4878,-20.4268
1574147215234.0,0.0117,-0.0329,0.1085,31.9512,71.5244,-25.3049
1574147215235.0,0.0123,-0.0263,0.1193,29.6341,26.7683,-34.5122
1574147215236.0,0.0406,-0.0254,0.1288,15.1829,-50.9146,-40.7317
1574147215237.0,0.0823,-0.0247,0.1262,-6.1585,-133.2317,-34.939
1574147215276.0,0.1205,-0.0296,0.1145,-21.5854,-175.8537,-29.3293
1574147215277.0,0.1324,-0.0322,0.1027,-25.3049,-175.7927,-26.3415
1574147215278.0,0.1179,-0.0317,0.0899,-23.7195,-154.4512,-20.3659
1574147215278.0,0.1014,-0.0314,0.0878,-21.0976,-129.3293,-20.6707
1574147215279.0,0.104,-0.0345,0.0825,-20.2439,-111.0366,-24.3902
1574147215322.0,0.1167,-0.0342,0.0853,-17.561,-88.4756,-20.4878
1574147215322.0,0.1151,-0.0311,0.0805,-13.0488,-59.1463,-13.2317
1574147215323.0,0.1105,-0.0308,0.07,-8.7805,-32.7439,-10.3049
1574147215323.0,0.1057,-0.0283,0.0699,-3.4756,-5.6707,-10.4268
1574147215367.0,0.0996,-0.0229,0.0806,4.7561,18.5976,-7.9878
1574147215367.0,0.0882,-0.0192,0.0851,10.1829,36.4024,-4.6341
1574147215368.0,0.0844,-0.0187,0.0805,14.3293,44.5732,-5.9146
1574147215368.0,0.0858,-0.0154,0.0787,18.9634,47.1341,-8.3537
1574147215369.0,0.0832,-0.0086,0.0891,25.1829,39.5732,-4.3293
1574147215412.0,0.0787,-0.0045,0.1111,27.5,29.6341,-2.9268
1574147215413.0,0.0795,-0.005,0.1241,26.2195,21.5244,-12.3171
1574147215414.0,0.1051,-0.0015,0.1257,16.5244,6.4634,-17.7439
1574147215415.0,0.1356,-0.0002,0.118,2.1341,8.1707,-13.7195
1574147215457.0,0.1307,-0.0115,0.0934,-7.1341,47.3781,-3.9634
1574147215458.0,0.0968,-0.0227,0.0596,-10.0,91.8293,4.6951
1574147215459.0,0.0736,-0.0285,0.0479,-2.6829,113.9024,7.439
1574147215460.0,0.0755,-0.0276,0.0545,11.7683,115.0,-3.1098
1574147215460.0,0.0794,-0.0134,0.067,22.5,105.061,-6.4024
1574147215502.0,0.0745,0.0024,0.0867,34.939,107.5,-4.3293
1574147215503.0,0.0706,0.0168,0.1144,48.1098,113.4146,-3.6585
1574147215504.0,0.0797,0.0162,0.1239,51.8902,95.8537,0.0
1574147215505.0,0.0797,0.0013,0.1158,45.8537,65.7317,3.4146
1574147215547.0,0.0667,-0.0176,0.1137,37.378,52.1951,5.3659
1574147215548.0,0.0714,-0.0247,0.1142,30.7927,50.3659,5.5488
1574147215549.0,0.0801,-0.0218,0.1093,23.9024,43.7805,6.8293
1574147215549.0,0.0652,-0.0178,0.1071,20.0,39.6341,8.7195
1574147215550.0,0.0375,-0.0149,0.1055,18.2317,43.2317,5.8537
1574147215592.0,0.0461,-0.02,0.1046,17.0122,38.2317,0.122
1574147215593.0,0.0712,-0.0212,0.105,11.8293,15.8537,0.6707
1574147215594.0,0.0825,-0.0176,0.0996,9.7561,-1.0976,4.5732
1574147215594.0,0.0918,-0.0145,0.0955,11.8902,2.1951,3.5976
1574147215595.0,0.0884,-0.0074,0.0925,14.939,14.0244,4.878
1574147215637.0,0.0723,-0.0046,0.0986,20.1829,24.5732,9.4512
1574147215638.0,0.0616,-0.0048,0.1055,22.2561,30.6098,10.9146
1574147215639.0,0.0481,-0.0031,0.1055,19.6951,29.3902,11.4634
1574147215640.0,0.0406,-0.0023,0.1045,15.9146,23.7805,6.9512
1574147215682.0,0.042,0.0,0.1044,9.2683,13.7805,-1.0976
1574147215683.0,0.0431,0.0011,0.1026,3.5366,1.8293,-5.3049
1574147215684.0,0.04,-0.0013,0.0959,-0.061,-11.4634,-8.5976
1574147215685.0,0.0447,-0.0048,0.0925,-3.5366,-28.1707,-13.4756
1574147215685.0,0.0597,-0.0081,0.0897,-6.9512,-46.8902,-17.622
1574147215727.0,0.0746,-0.0106,0.0873,-10.1829,-61.4024,-18.3537
1574147215727.0,0.0992,-0.0135,0.1014,-10.9146,-63.8415,-17.1951
1574147215728.0,0.133,-0.0156,0.1077,-11.6463,-56.5244,-13.8415
1574147215728.0,0.1351,-0.0178,0.1084,-11.2195,-36.6463,-7.622
1574147215771.0,0.1123,-0.0176,0.1111,-9.939,-5.2439,-4.7561
1574147215772.0,0.0861,-0.0168,0.1053,-11.6463,18.7805,-4.939
1574147215773.0,0.0646,-0.0177,0.0988,-13.1098,25.4268,-2.2561
1574147215773.0,0.0505,-0.0179,0.0933,-12.1951,20.3049,1.0976
1574147215774.0,0.0363,-0.0142,0.0829,-10.9146,10.3659,2.561
1574147215817.0,0.0313,-0.0073,0.0784,-9.6341,-1.6463,2.5
1574147215817.0,0.0386,-0.0006,0.0853,-9.3293,-15.2439,0.122
1574147215818.0,0.0502,0.0036,0.1078,-9.7561,-29.8171,-2.9268
1574147215818.0,0.0502,-0.0005,0.1065,-15.7927,-41.5244,-4.1463
1574147215862.0,0.0564,-0.0106,0.1057,-20.6707,-43.9634,-6.4634
1574147215862.0,0.0842,-0.0154,0.1155,-23.1098,-41.9512,-11.8293
1574147215863.0,0.1027,-0.0123,0.113,-27.0732,-39.6341,-17.8659
1574147215863.0,0.0938,-0.0106,0.1063,-28.1707,-33.0488,-13.5366
1574147215864.0,0.0718,-0.0122,0.094,-25.0,-23.1707,-10.061
1574147215906.0,0.0662,-0.0165,0.0879,-21.2805,-17.0732,-15.5488
1574147215907.0,0.0765,-0.0148,0.0843,-20.0,-22.1951,-19.6951
1574147215908.0,0.0809,-0.0098,0.0791,-19.3902,-32.439,-18.4146
1574147215908.0,0.0824,-0.0067,0.0756,-17.0732,-33.3537,-17.8049
1574147215952.0,0.0893,-0.0093,0.0731,-14.5122,-28.5366,-17.439
1574147215952.0,0.1291,-0.0172,0.0997,-13.1707,-25.9756,-10.1829
1574147215953.0,0.1624,-0.0435,0.1527,-11.4024,-22.439,-4.6951
1574147215953.0,0.1533,-0.0686,0.1733,-10.7317,5.1829,6.0366
1574147215954.0,0.0929,-0.0216,0.141,-26.4024,76.4634,48.3537
1574147215997.0,0.0486,-0.0164,0.1161,-20.122,111.7073,35.6098
1574147215998.0,0.023,-0.0267,0.1019,-12.6829,87.622,0.122
1574147215999.0,0.0159,-0.0276,0.0983,-9.6951,56.7683,3.4146
1574147215999.0,0.05,-0.0326,0.1083,-7.561,34.878,-0.9146
1574147216000.0,0.1127,-0.0309,0.1219,-9.6341,10.9756,-10.9756
1574147216042.0,0.1345,-0.0222,0.1259,-7.6829,1.0976,-12.0122
1574147216043.0,0.1042,-0.0225,0.1112,-2.2561,12.3171,-13.7805
1574147216044.0,0.0788,-0.0294,0.0953,1.0976,28.1707,-11.9512
1574147216045.0,0.0645,-0.0204,0.0943,7.1951,38.9024,-6.8293
1574147216087.0,0.0477,-0.0096,0.0991,16.5854,43.7805,-6.8902
1574147216088.0,0.0562,-0.0116,0.1133,21.2195,37.6829,-7.9878
1574147216089.0,0.0757,-0.0188,0.127,18.7195,15.4878,-7.1951
1574147216089.0,0.0565,-0.0184,0.1283,14.3293,-4.5122,-5.4268
1574147216090.0,0.0509,-0.0171,0.12,9.3293,-11.4634,-3.8415
1574147216132.0,0.05,-0.023,0.11,5.6707,-25.9146,-11.2805
1574147216133.0,0.0438,-0.0222,0.1079,4.5122,-33.0488,-6.0976
1574147216134.0,0.0542,-0.015,0.1042,-4.7561,-46.6463,1.3415
1574147216135.0,0.0577,-0.012,0.0945,-9.939,-63.9634,-1.1585
1574147216177.0,0.0538,-0.0106,0.0951,-10.3049,-73.5366,-4.4512
1574147216178.0,0.0659,-0.0129,0.1026,-9.5732,-89.8171,-8.4146
1574147216179.0,0.0842,-0.0131,0.1028,-12.3171,-109.6951,-5.9756
1574147216180.0,0.0955,-0.0145,0.0968,-14.3293,-119.4512,-2.439
1574147216180.0,0.0981,-0.0168,0.0892,-15.5488,-114.0244,-0.8537
1574147216222.0,0.1021,-0.0172,0.0834,-16.2195,-100.6707,1.4024
1574147216223.0,0.1055,-0.0181,0.0777,-18.0488,-87.6829,3.5976
1574147216224.0,0.0997,-0.0172,0.0771,-17.8659,-74.8781,5.9756
1574147216225.0,0.0942,-0.0147,0.0815,-15.0,-59.2073,7.0122
1574147216267.0,0.093,-0.0117,0.0854,-14.2073,-45.1829,7.1951
1574147216268.0,0.0884,-0.0095,0.0868,-15.6707,-35.4878,7.0732
1574147216269.0,0.0855,-0.0142,0.0817,-17.0122,-28.4756,7.1341
1574147216269.0,0.0895,-0.0165,0.0731,-17.7439,-27.8049,7.5
1574147216270.0,0.0961,-0.0176,0.0706,-17.1341,-34.3902,8.2927
1574147216312.0,0.1033,-0.0196,0.0721,-19.3902,-39.5732,6.2805
1574147216312.0,0.1072,-0.0189,0.0783,-21.7683,-42.439,4.0244
1574147216313.0,0.1143,-0.016,0.0884,-23.4146,-41.7683,3.1707
1574147216313.0,0.1131,-0.0146,0.096,-25.6098,-32.2561,4.8171
1574147216357.0,0.1068,-0.0171,0.0981,-29.2683,-22.439,6.8293
1574147216357.0,0.0959,-0.0167,0.095,-33.2317,-17.561,6.2805
1574147216358.0,0.0899,-0.0161,0.0888,-35.061,-18.6585,8.7805
1574147216358.0,0.091,-0.0189,0.0845,-37.6829,-25.8537,11.4634
1574147216359.0,0.0918,-0.0182,0.0852,-40.1829,-34.878,11.9512
1574147216402.0,0.0936,-0.019,0.0908,-40.8537,-43.1707,10.061
1574147216403.0,0.0966,-0.024,0.0897,-44.878,-51.2805,8.1707
1574147216404.0,0.0931,-0.026,0.0801,-48.0488,-59.4512,8.9634
1574147216405.0,0.0774,-0.023,0.0775,-45.8537,-60.3049,9.3293
1574147216405.0,0.0717,-0.0247,0.075,-42.0732,-61.3415,7.439
1574147216447.0,0.0762,-0.0272,0.0646,-41.9512,-68.2927,7.439
1574147216448.0,0.0748,-0.0267,0.0579,-40.0,-79.8171,10.4878
1574147216449.0,0.0746,-0.0289,0.0489,-35.7927,-93.1098,9.3293
1574147216449.0,0.0778,-0.0327,0.0442,-33.7195,-106.2195,6.0366
1574147216492.0,0.0836,-0.0336,0.046,-30.3659,-122.6829,6.5854
1574147216493.0,0.1094,-0.0331,0.0485,-27.8659,-146.1585,5.061
1574147216494.0,0.1444,-0.0308,0.0637,-27.0122,-155.3659,6.0366
1574147216494.0,0.1595,-0.0309,0.0737,-26.4024,-139.7561,10.8537
1574147216495.0,0.1573,-0.031,0.0699,-26.2805,-112.1951,10.7317
1574147216537.0,0.1357,-0.0281,0.0627,-21.7073,-69.6951,9.5732
1574147216538.0,0.1022,-0.0261,0.0558,-13.7195,-35.1829,8.7195
1574147216539.0,0.0842,-0.0254,0.0502,-11.9512,-34.0244,8.3537
1574147216540.0,0.0895,-0.0266,0.0457,-15.7927,-61.7073,10.1829
1574147216582.0,0.1119,-0.0307,0.0463,-20.122,-99.6951,12.439
1574147216583.0,0.1354,-0.0356,0.0519,-25.122,-127.3171,14.6341
1574147216584.0,0.1506,-0.0386,0.0526,-26.9512,-129.5732,19.6341
1574147216585.0,0.1493,-0.0424,0.0436,-24.6341,-112.3171,25.8537
1574147216585.0,0.1379,-0.0457,0.0322,-21.0976,-90.8537,27.0122
1574147216627.0,0.1274,-0.0471,0.0305,-16.5244,-70.2439,25.061
1574147216628.0,0.1152,-0.0465,0.0305,-11.7073,-56.9512,22.7439
1574147216629.0,0.1057,-0.0453,0.0319,-8.4146,-56.8293,22.0732
1574147216629.0,0.1055,-0.0437,0.0333,-7.3171,-65.6098,22.378
1574147216630.0,0.1135,-0.0447,0.033,-7.0122,-74.0244,21.8293
1574147216672.0,0.1273,-0.0463,0.0367,-7.2561,-72.1341,21.1585
1574147216673.0,0.1367,-0.0464,0.0433,-6.9512,-57.1341,23.3537
1574147216674.0,0.1402,-0.0486,0.0445,-6.5854,-38.5976,25.4878
1574147216675.0,0.1404,-0.0483,0.0374,-5.9756,-22.0122,25.5488
1574147216717.0,0.1418,-0.048,0.032,-5.061,-5.061,25.9756
1574147216718.0,0.1371,-0.047,0.0346,-5.3659,9.5732,25.4878
1574147216718.0,0.1265,-0.0463,0.0349,-5.6707,20.5488,24.3902
1574147216719.0,0.115,-0.0464,0.0306,-5.7927,28.8415,22.439
1574147216719.0,0.1025,-0.0432,0.0309,-3.7195,27.9878,20.4268
1574147216762.0,0.0987,-0.0403,0.0286,-0.7317,13.2317,19.8171
1574147216763.0,0.1096,-0.041,0.0272,-1.1585,-9.8171,18.4146
1574147216764.0,0.1282,-0.0431,0.0269,-2.6829,-32.1951,15.3049
1574147216765.0,0.138,-0.0439,0.0226,-3.7195,-46.0366,13.8415
1574147216807.0,0.1506,-0.0485,0.0176,-4.3902,-44.6341,14.0854
1574147216808.0,0.1628,-0.0502,0.0234,-2.1951,-24.3293,11.3415
1574147216809.0,0.1506,-0.048,0.0313,1.6463,0.9146,13.0488
1574147216809.0,0.1176,-0.047,0.0312,6.8293,35.3659,15.3659
1574147216810.0,0.0907,-0.0481,0.0303,12.622,64.6341,11.3415
1574147216852.0,0.082,-0.0477,0.0271,16.3415,68.4756,6.7073
1574147216853.0,0.0939,-0.0482,0.022,16.2805,49.5122,7.7439
1574147216854.0,0.1158,-0.0512,0.0244,13.1707,22.0122,8.7195
1574147216854.0,0.1245,-0.0502,0.03,11.4024,0.9146,5.6098
1574147216897.0,0.1161,-0.049,0.0381,12.0122,-7.1341,1.4024
1574147216898.0,0.0967,-0.0504,0.0472,11.8902,-5.5488,-3.4146
1574147216899.0,0.0831,-0.053,0.0516,8.5366,-5.061,-9.0854
1574147216900.0,0.0818,-0.0541,0.0521,5.2439,-6.7683,-13.2927
1574147216900.0,0.0964,-0.0512,0.0549,5.0,-5.3659,-13.9634
1574147216942.0,0.1143,-0.0491,0.051,6.8293,3.1707,-13.1098
1574147216943.0,0.1159,-0.048,0.0442,9.0244,15.3049,-10.061
1574147216944.0,0.1046,-0.0456,0.0461,11.2805,21.7683,-3.2317
1574147216945.0,0.0924,-0.0476,0.0452,12.5,15.7927,0.9146
1574147216987.0,0.0916,-0.0475,0.045,8.9024,-5.1829,-0.061
1574147216988.0,0.1078,-0.0461,0.044,5.061,-36.1585,-2.561
1574147216989.0,0.1253,-0.0499,0.0463,2.622,-64.8781,-4.939
1574147216989.0,0.1338,-0.0521,0.0395,-0.9146,-79.6951,-6.3415
1574147216990.0,0.1329,-0.0453,0.0419,-1.2805,-75.9146,-6.2195
1574147217032.0,0.1299,-0.0424,0.0502,0.3049,-63.1707,-6.8902
1574147217032.0,0.1339,-0.0461,0.0501,-1.7073,-43.6585,-9.878
1574147217033.0,0.1282,-0.0427,0.05,1.6463,-26.6463,-6.0976
1574147217033.0,0.114,-0.0396,0.0422,5.0,-29.3902,4.6951
1574147217034.0,0.0929,-0.0421,0.039,2.9878,-49.6341,11.5854
1574147217077.0,0.0831,-0.0465,0.0345,-3.3537,-85.4268,9.5122
1574147217077.0,0.0964,-0.0477,0.0226,-8.5976,-121.8293,5.061
1574147217078.0,0.1182,-0.0463,0.0092,-10.3659,-147.2561,1.0976
1574147217079.0,0.1313,-0.0464,-0.0035,-10.061,-156.2805,-0.122
1574147217122.0,0.14,-0.0479,-0.0031,-7.1341,-146.2805,1.0366
1574147217123.0,0.1504,-0.0486,0.0018,-2.1951,-119.6951,2.622
1574147217124.0,0.1519,-0.0517,0.0033,3.9024,-82.9268,3.4756
1574147217125.0,0.1398,-0.0501,-0.0008,8.9024,-47.6829,4.4512
1574147217126.0,0.1249,-0.0484,-0.0052,16.4634,-21.2195,5.6098
1574147217167.0,0.1181,-0.0483,-0.0013,19.8171,-8.1707,2.8659
1574147217168.0,0.1172,-0.0453,-0.0051,19.2683,-0.7927,-1.8293
1574147217169.0,0.1227,-0.0429,-0.0158,21.2195,5.5488,-4.6341
1574147217170.0,0.1341,-0.047,-0.024,21.7683,9.0244,-5.3659
1574147217212.0,0.1368,-0.0505,-0.0173,21.8293,13.1707,-4.2683
1574147217213.0,0.1346,-0.0484,-0.0137,24.7561,27.0732,-2.3171
1574147217214.0,0.1284,-0.0405,-0.0056,30.9756,51.0976,-1.8293
1574147217214.0,0.1169,-0.0386,-0.0008,37.1341,69.6341,-1.8293
1574147217215.0,0.1092,-0.0403,0.0001,37.2561,79.3902,-2.5
1574147217257.0,0.1114,-0.0398,0.0038,37.3171,81.4634,-1.0976
1574147217258.0,0.1118,-0.0387,0.0082,39.2073,80.4878,2.5
1574147217259.0,0.0993,-0.0375,0.0113,38.4146,79.0244,3.0488
1574147217260.0,0.0951,-0.0374,0.0078,35.9756,74.2073,0.6098
1574147217302.0,0.1093,-0.0354,0.0107,34.939,65.8537,0.9756
1574147217303.0,0.1188,-0.0295,0.017,35.4268,60.4268,7.3171
1574147217304.0,0.1295,-0.0328,0.0132,33.4146,58.2317,11.2805
1574147217304.0,0.1423,-0.0405,0.0204,28.4146,51.6463,8.7805
1574147217305.0,0.1364,-0.0428,0.0289,24.4512,41.4634,7.9878
1574147217347.0,0.1045,-0.0399,0.0394,23.5976,46.1585,5.061
1574147217348.0,0.0895,-0.0336,0.0444,21.8902,52.7439,1.4024
1574147217349.0,0.0946,-0.0294,0.0472,19.878,43.4146,0.6098
1574147217349.0,0.0917,-0.0308,0.0487,13.1707,15.9756,7.0122
1574147217350.0,0.0881,-0.0328,0.0534,3.3537,-17.5,11.5854
1574147217392.0,0.0931,-0.0353,0.057,-3.4756,-49.6951,9.7561
1574147217392.0,0.0983,-0.0433,0.0499,-10.6707,-75.5488,11.0366
1574147217393.0,0.1042,-0.0508,0.0481,-18.5366,-94.3293,11.8293
1574147217393.0,0.1068,-0.0499,0.0377,-25.2439,-106.8293,9.1463
1574147217437.0,0.1085,-0.0456,0.0201,-29.3902,-111.2805,4.1463
1574147217437.0,0.1059,-0.0394,0.0118,-30.6707,-114.6951,0.7317
1574147217438.0,0.1072,-0.0361,0.0051,-31.7073,-117.3171,0.4878
1574147217438.0,0.1196,-0.0408,-0.0034,-30.6707,-115.4878,-1.0366
1574147217439.0,0.1327,-0.0473,-0.0087,-28.1098,-109.7561,-0.7927
1574147217482.0,0.1369,-0.0496,-0.0043,-24.939,-93.9024,1.2805
1574147217483.0,0.1378,-0.046,0.0011,-19.878,-70.7317,1.8902
1574147217484.0,0.1372,-0.0444,0.0001,-14.3293,-46.7683,2.0122
1574147217485.0,0.1348,-0.0464,-0.0049,-11.3415,-27.0122,1.8902
1574147217527.0,0.1336,-0.049,-0.0078,-9.878,-10.4878,1.2805
1574147217528.0,0.1265,-0.0469,-0.0092,-7.0732,5.5488,-0.4878
1574147217529.0,0.1213,-0.0435,-0.0122,-0.7927,16.5854,-3.0488
1574147217530.0,0.1254,-0.0397,-0.0117,5.4878,22.1951,-3.3537
1574147217530.0,0.131,-0.0421,-0.0135,8.6585,21.1585,0.061
1574147217572.0,0.1221,-0.0485,-0.0159,9.8171,22.622,0.1829
1574147217572.0,0.1099,-0.0528,-0.0124,12.439,30.4268,-4.939
1574147217573.0,0.1235,-0.0536,-0.014,16.1585,29.6951,-10.6098
1574147217573.0,0.1315,-0.0487,-0.0073,24.0244,30.122,-5.3049
1574147217617.0,0.1154,-0.0466,0.0015,30.4878,35.2439,1.4024
1574147217618.0,0.1056,-0.0455,0.0151,30.6098,40.7927,-3.4146
1574147217619.0,0.1115,-0.0435,0.0262,29.4512,39.5122,-7.0122
1574147217620.0,0.1242,-0.0435,0.034,27.8049,28.5976,-4.2683
1574147217620.0,0.1348,-0.0427,0.0211,23.6585,15.7317,0.3659
1574147217662.0,0.1359,-0.0469,0.0084,21.1585,13.2927,5.1829
1574147217663.0,0.1398,-0.0475,0.0062,18.9024,18.9634,4.939
1574147217664.0,0.1371,-0.0443,0.0146,21.2195,30.9146,5.8537
1574147217665.0,0.1285,-0.0444,0.0235,22.0122,43.4756,9.2683
1574147217707.0,0.1255,-0.0459,0.0275,20.7317,55.9146,8.0488
1574147217708.0,0.1192,-0.0466,0.0375,20.4268,68.7805,7.7439
1574147217709.0,0.1141,-0.045,0.0506,18.5976,80.3049,9.0244
1574147217710.0,0.1129,-0.0389,0.0561,17.0122,83.3537,8.5366
1574147217710.0,0.1063,-0.0373,0.0448,14.2073,72.0122,10.9146
1574147217752.0,0.0991,-0.0421,0.0333,9.6341,54.8781,11.8293
1574147217753.0,0.0999,-0.0437,0.0245,4.4512,33.1707,7.9268
1574147217754.0,0.1197,-0.0422,0.0237,2.0122,5.3659,4.0244
1574147217755.0,0.1389,-0.0417,0.0308,1.2805,-19.7561,5.3659
1574147217755.0,0.1329,-0.0457,0.0373,0.1829,-30.4878,9.1463
1574147217797.0,0.1036,-0.0465,0.0485,-1.2805,-21.0366,8.4756
1574147217798.0,0.0869,-0.0452,0.0486,-1.4024,-11.9512,6.7683
1574147217799.0,0.0938,-0.0457,0.038,-4.8171,-22.1951,6.0976
1574147217800.0,0.102,-0.0475,0.0266,-10.8537,-50.061,6.0976
1574147217842.0,0.0992,-0.0472,0.0296,-15.9756,-77.9878,3.6585
1574147217843.0,0.1006,-0.048,0.0311,-17.0732,-95.6098,-3.7195
1574147217844.0,0.0995,-0.0449,0.0301,-16.5244,-106.5244,-7.9878
1574147217845.0,0.0819,-0.0419,0.0375,-16.7073,-120.5488,-8.7805
1574147217845.0,0.0806,-0.0461,0.0272,-21.8293,-140.6707,-16.4634
1574147217887.0,0.0882,-0.0486,0.0095,-29.2683,-156.2805,-24.6951
1574147217888.0,0.0984,-0.0467,-0.0117,-32.3171,-177.9268,-25.7927
1574147217889.0,0.1154,-0.0434,-0.032,-32.9878,-192.9878,-28.4756
1574147217890.0,0.1282,-0.0388,-0.0349,-29.3293,-192.3171,-30.3659
1574147217932.0,0.1373,-0.0373,-0.0445,-24.6951,-177.6829,-29.0244
1574147217933.0,0.1379,-0.0375,-0.0424,-21.3415,-153.4146,-29.7561
1574147217934.0,0.1345,-0.0432,-0.0336,-21.5854,-129.5122,-31.2805
1574147217935.0,0.1346,-0.0477,-0.0311,-22.5,-109.8171,-34.0854
1574147217935.0,0.1435,-0.0518,-0.0431,-21.0976,-95.3659,-32.622
1574147217977.0,0.1459,-0.0523,-0.0445,-15.3659,-81.8293,-29.3902
1574147217978.0,0.1348,-0.0502,-0.0443,-9.4512,-68.0488,-30.8537
1574147217979.0,0.1353,-0.0494,-0.0516,-5.4878,-54.3293,-34.1463
1574147217980.0,0.14,-0.0468,-0.0568,0.3659,-40.061,-33.3537
1574147218022.0,0.1388,-0.0432,-0.0563,8.5976,-24.4512,-29.6341
1574147218023.0,0.1319,-0.0455,-0.0559,15.0,-8.7195,-27.1951
1574147218024.0,0.131,-0.0494,-0.0536,18.5976,-2.0732,-25.9146
1574147218025.0,0.1262,-0.0481,-0.0429,24.3902,0.6707,-22.1341
1574147218025.0,0.1279,-0.0449,-0.0305,31.6463,-2.0732,-17.1341
1574147218067.0,0.1322,-0.0438,-0.0244,39.6341,-1.3415,-12.0732
1574147218067.0,0.1248,-0.0469,-0.024,40.3659,1.5244,-9.8171
1574147218068.0,0.1274,-0.0427,-0.0208,37.561,-1.1585,-11.1585
1574147218068.0,0.1452,-0.0358,-0.0111,40.9146,-1.5244,-9.939
1574147218069.0,0.1457,-0.0335,-0.0119,42.378,6.8293,-7.9268
1574147218112.0,0.1341,-0.0368,-0.0123,39.6341,19.6341,-6.7073
1574147218112.0,0.1348,-0.0392,-0.0063,38.7805,27.1341,-4.0244
1574147218113.0,0.1382,-0.0372,-0.0064,38.9024,34.939,-1.0976
1574147218113.0,0.1312,-0.0386,-0.014,37.1341,44.3293,3.5366
1574147218157.0,0.1229,-0.0417,-0.0193,31.7683,51.9512,7.378
1574147218157.0,0.1174,-0.0378,-0.0189,29.5732,58.2927,5.7317
1574147218158.0,0.118,-0.0334,-0.0181,30.3049,62.8659,6.3415
1574147218158.0,0.1183,-0.0348,-0.0148,29.939,63.5366,9.8171
1574147218159.0,0.1237,-0.0399,-0.0131,27.378,58.1098,10.7927
1574147218202.0,0.1307,-0.0409,-0.0065,25.4878,60.7317,9.5732
1574147218202.0,0.1266,-0.0335,0.0089,25.9756,77.8659,10.3659
1574147218203.0,0.1219,-0.0291,0.029,27.3171,102.1951,9.6341
1574147218204.0,0.1256,-0.0297,0.0334,25.9756,124.3902,0.9756
1574147218247.0,0.1221,-0.0298,0.0256,21.0366,141.2805,-1.9512
1574147218248.0,0.1127,-0.0319,0.0085,15.4878,148.5976,0.122
1574147218249.0,0.0991,-0.0311,0.0065,10.3659,143.5366,-0.4878
1574147218249.0,0.1021,-0.0289,0.0125,5.8537,119.7561,-3.7805
1574147218250.0,0.1222,-0.0297,0.0092,3.9024,90.6707,-7.0732
1574147218292.0,0.1323,-0.0316,0.0058,2.1951,70.0,-7.5
1574147218293.0,0.1301,-0.033,0.0061,1.7683,63.1098,-5.8537
1574147218293.0,0.1209,-0.0329,0.0096,5.1829,65.0,-4.6341
1574147218294.0,0.1155,-0.0336,0.012,9.2683,60.9756,-1.9512
1574147218337.0,0.1189,-0.0372,0.0077,10.6707,49.6341,1.7683
1574147218337.0,0.1187,-0.0425,0.0045,9.6951,37.9878,5.6707
1574147218338.0,0.1237,-0.0443,0.0093,8.2317,31.8902,6.5244
1574147218338.0,0.139,-0.0379,0.0194,10.2439,31.8902,4.4512
1574147218339.0,0.1397,-0.0408,0.0256,10.9146,38.1098,10.8537
1574147218382.0,0.1285,-0.0441,0.032,5.6707,48.4756,12.1341
1574147218382.0,0.1183,-0.0419,0.024,3.4146,58.5976,6.0366
1574147218383.0,0.1121,-0.0369,0.0121,3.3537,67.3781,3.9024
1574147218383.0,0.1136,-0.0354,0.0137,5.8537,72.561,5.3049
1574147218384.0,0.1188,-0.0331,0.0234,7.0732,76.5854,5.4878
1574147218427.0,0.1226,-0.0319,0.032,7.3171,80.2439,7.7439
1574147218428.0,0.1228,-0.037,0.0346,6.3415,81.7073,9.7561
1574147218428.0,0.1107,-0.0391,0.0327,4.6951,84.3293,6.8293
1574147218429.0,0.0966,-0.0355,0.0338,6.1585,83.7195,3.0488
1574147218472.0,0.1005,-0.0338,0.0339,8.1707,71.0366,0.8537
1574147218472.0,0.1127,-0.038,0.0396,6.5854,49.6951,1.7073
1574147218473.0,0.1175,-0.0364,0.0483,1.8902,31.7073,2.6829
1574147218473.0,0.1199,-0.0349,0.0463,-0.061,21.9512,2.0732
1574147218474.0,0.1276,-0.0345,0.0427,-1.4634,21.3415,2.2561
1574147218517.0,0.1268,-0.0346,0.0331,0.0,29.2073,1.2805
1574147218518.0,0.1168,-0.0369,0.0286,2.2561,39.1463,2.0122
1574147218519.0,0.1091,-0.0371,0.0334,4.5732,45.9146,3.2317
1574147218520.0,0.1069,-0.0359,0.0352,6.7073,49.0244,5.0
1574147218562.0,0.1014,-0.0371,0.0372,7.561,48.7805,6.2805
1574147218563.0,0.0961,-0.0378,0.041,7.8659,40.7927,5.9756
1574147218564.0,0.0964,-0.0417,0.0438,7.0122,25.3049,4.4512
1574147218565.0,0.1051,-0.0427,0.0509,3.7805,6.6463,0.9146
1574147218565.0,0.1224,-0.0411,0.0549,1.7683,-9.5732,0.122
1574147218607.0,0.1287,-0.0422,0.0521,-1.0366,-16.8902,2.9268
1574147218608.0,0.1201,-0.0424,0.049,-5.4268,-14.3902,4.878
1574147218609.0,0.1223,-0.0361,0.0511,-5.7927,-9.5122,1.6463
1574147218609.0,0.1276,-0.0357,0.0432,-3.7805,-5.7317,2.439
1574147218652.0,0.1281,-0.0417,0.0364,-3.4756,1.1585,5.3659
1574147218653.0,0.1223,-0.044,0.0315,-2.622,13.1098,4.6951
1574147218654.0,0.1114,-0.0391,0.0292,0.061,21.3415,2.5
1574147218655.0,0.1118,-0.0411,0.0298,2.8049,20.2439,2.8659
1574147218655.0,0.1163,-0.0433,0.0322,2.1341,14.0854,3.5976
1574147218697.0,0.117,-0.0408,0.0394,3.1707,13.0488,2.8049
1574147218698.0,0.1136,-0.0436,0.0453,6.7683,20.122,1.5244
1574147218699.0,0.1138,-0.048,0.0491,6.2805,26.2195,1.3415
1574147218700.0,0.1153,-0.0462,0.0576,5.7317,28.3537,2.1951
1574147218742.0,0.1124,-0.0378,0.0667,5.4268,29.3293,2.5
1574147218743.0,0.1106,-0.0346,0.0623,5.6707,30.3659,1.5244
1574147218744.0,0.1049,-0.0381,0.0543,3.9024,29.0244,2.7439
1574147218745.0,0.0991,-0.0391,0.0494,2.0732,24.3293,-0.4268
1574147218745.0,0.1021,-0.0393,0.0447,1.4634,11.9512,-2.5
1574147218787.0,0.1087,-0.0392,0.0408,-1.5854,-5.8537,-1.7683
1574147218788.0,0.1129,-0.0365,0.0411,-2.0122,-16.8293,-1.3415
1574147218789.0,0.1169,-0.0353,0.0406,-0.7317,-18.5976,0.6707
1574147218789.0,0.1195,-0.0373,0.0419,-1.1585,-16.5854,2.5
1574147218790.0,0.1198,-0.0377,0.0462,-1.8902,-12.561,2.0732
1574147218832.0,0.1151,-0.037,0.0516,-2.1341,-5.0,1.1585
1574147218833.0,0.1117,-0.0363,0.0533,-3.4146,2.378,1.5854
1574147218834.0,0.1104,-0.039,0.055,-5.9756,5.3049,2.439
1574147218835.0,0.1081,-0.0407,0.0529,-10.122,1.3415,2.0122
1574147218877.0,0.1115,-0.0378,0.046,-13.3537,-8.6585,2.622
1574147218878.0,0.119,-0.0332,0.0433,-13.7195,-22.378,4.1463
1574147218879.0,0.1222,-0.0329,0.0437,-14.3293,-32.1951,2.439
1574147218880.0,0.1185,-0.0345,0.0367,-16.4024,-32.561,-1.2195
1574147218881.0,0.1161,-0.0345,0.0314,-16.5244,-26.7073,-2.622
1574147218922.0,0.119,-0.0357,0.0353,-15.3659,-20.5488,-1.5854
1574147218923.0,0.1182,-0.0369,0.0435,-14.939,-13.7805,0.6707
1574147218924.0,0.1112,-0.037,0.0483,-13.6585,-7.3171,0.8537
1574147218925.0,0.1074,-0.0358,0.0507,-12.3171,-7.622,0.4878
1574147218967.0,0.1053,-0.0352,0.0507,-13.4146,-14.939,1.4634
1574147218968.0,0.106,-0.0316,0.0521,-16.8902,-24.2683,-0.4268
1574147218969.0,0.101,-0.0311,0.0553,-19.0244,-33.1098,-1.1585
1574147218970.0,0.1025,-0.0311,0.0499,-26.9512,-48.6585,-1.3415
1574147218970.0,0.114,-0.0293,0.0435,-32.439,-62.622,-2.622
1574147219012.0,0.1243,-0.0281,0.0365,-35.9756,-67.5,-1.8902
1574147219013.0,0.1271,-0.0285,0.0391,-40.7317,-63.8415,-1.3415
1574147219014.0,0.1282,-0.026,0.0266,-47.0122,-54.6951,-2.6829
1574147219015.0,0.1382,-0.0269,0.0219,-47.0122,-42.3171,2.8049
1574147219057.0,0.1519,-0.0443,0.0187,-51.4024,-32.6829,12.6829
1574147219057.0,0.1521,-0.0515,0.0187,-55.6098,-13.4756,11.8293
1574147219058.0,0.1337,-0.0474,0.0181,-49.0854,18.7805,13.4756
1574147219059.0,0.1198,-0.0485,0.0115,-41.7073,46.7683,15.9756
1574147219059.0,0.1138,-0.0521,0.0034,-37.439,61.5244,14.878
1574147219102.0,0.1124,-0.0588,0.0041,-30.5488,63.2317,13.1707
1574147219103.0,0.1213,-0.0676,0.0128,-24.6341,55.7927,12.1341
1574147219104.0,0.1382,-0.0715,0.017,-17.622,44.5122,11.1585
1574147219105.0,0.1456,-0.0662,0.0137,-7.9268,45.6098,11.7073
1574147219106.0,0.1307,-0.0625,0.0135,2.9268,65.7927,12.622
1574147219147.0,0.1193,-0.0604,0.0247,10.4268,98.7195,6.0976
1574147219148.0,0.1127,-0.0578,0.0326,16.7073,134.8171,1.5244
1574147219149.0,0.1011,-0.0593,0.039,19.6951,155.6098,4.3293
1574147219149.0,0.0743,-0.0602,0.0386,20.5488,160.4878,4.8171
1574147219192.0,0.0555,-0.0581,0.0378,22.378,152.3781,2.1951
1574147219193.0,0.0519,-0.0592,0.0483,23.9024,132.2561,-0.4268
1574147219194.0,0.0638,-0.0602,0.065,20.2439,91.7683,-4.0854
1574147219195.0,0.0778,-0.0547,0.0812,11.4634,34.0854,-7.6829
1574147219195.0,0.1012,-0.0586,0.0806,0.8537,-21.3415,-6.0976
1574147219237.0,0.1192,-0.0567,0.0583,-9.8171,-53.0488,-9.2073
1574147219238.0,0.1172,-0.0522,0.0415,-11.7073,-59.2073,-8.7805
1574147219239.0,0.0991,-0.0492,0.0366,-10.7317,-55.7317,-8.1098
1574147219240.0,0.0812,-0.0461,0.0342,-8.6585,-56.2805,-11.7683
1574147219282.0,0.0861,-0.0441,0.0364,-7.439,-69.939,-13.4756
1574147219327.0,0.1044,-0.0481,0.045,-7.8659,-93.6585,-13.2317
1574147219372.0,0.1234,-0.0544,0.0534,-11.7073,-118.2927,-11.6463
1574147219373.0,0.1268,-0.0565,0.0545,-16.1585,-130.4268,-9.5732
1574147219374.0,0.1199,-0.0526,0.046,-18.5366,-119.3293,-11.2805
1574147219375.0,0.1188,-0.0524,0.0413,-14.3902,-91.1585,-13.9634
1574147219376.0,0.1041,-0.0588,0.0399,-12.2561,-65.6707,-15.4268
1574147219376.0,0.0949,-0.0624,0.0279,-14.7561,-50.7317,-15.3049
1574147219377.0,0.0999,-0.0554,0.0381,-9.5122,-35.7927,-17.8049
1574147219378.0,0.102,-0.0556,0.0483,-1.7683,-23.7195,-16.8902
1574147219379.0,0.1063,-0.0612,0.0524,-3.2927,-11.5244,-18.2317
1574147219379.0,0.1131,-0.0644,0.063,-3.5976,1.3415,-21.4024
1574147219417.0,0.1127,-0.0672,0.0621,-3.9634,11.2195,-27.0122
1574147219418.0,0.1088,-0.0517,0.0461,-6.8293,26.4024,-38.6585
1574147219419.0,0.1079,-0.0278,0.0452,0.6098,47.9268,-46.4024
1574147219420.0,0.1083,-0.0287,0.0405,4.6341,62.561,-48.5976
1574147219420.0,0.1036,-0.0372,0.0352,-1.5244,67.6829,-51.5854
1574147219421.0,0.1125,-0.0361,0.0399,-4.6951,64.0854,-53.9634
1574147219422.0,0.1365,-0.0311,0.0546,-4.5122,54.4512,-52.5
1574147219462.0,0.1602,-0.0298,0.0549,-5.7927,57.3171,-46.7073
1574147219462.0,0.1588,-0.0347,0.0455,-5.6707,87.0122,-43.2927
1574147219463.0,0.1288,-0.0374,0.052,-4.3293,128.0488,-39.878
1574147219464.0,0.1152,-0.0376,0.066,-4.4512,153.3537,-40.061
1574147219507.0,0.1266,-0.0373,0.0672,-6.6463,158.1098,-40.2439
1574147219507.0,0.1309,-0.035,0.0674,-10.9756,148.5366,-36.6463
1574147219508.0,0.1254,-0.0291,0.0704,-14.6341,139.2073,-33.5976
