0,1,2,3,4,5,6
1574147250966.0,0.0766,-0.0613,0.0599,10.2439,-36.0976,-11.5244
1574147250966.0,0.0782,-0.0612,0.0604,11.0366,-39.2073,-13.2317
1574147251008.0,0.0807,-0.0626,0.0645,14.878,-36.5854,-15.4268
1574147251009.0,0.0905,-0.0652,0.0707,18.5366,-29.6341,-17.8659
1574147251009.0,0.0972,-0.0643,0.0768,20.9756,-23.5366,-18.2317
1574147251010.0,0.0978,-0.0623,0.0803,23.2317,-18.5976,-17.2561
1574147251053.0,0.0988,-0.0637,0.0818,24.2073,-13.4756,-16.2805
1574147251054.0,0.1017,-0.0671,0.0809,23.1707,-11.1585,-15.8537
1574147251054.0,0.0987,-0.068,0.0789,24.3902,-7.378,-14.8171
1574147251055.0,0.098,-0.0684,0.0773,27.561,-0.061,-14.5122
1574147251055.0,0.1051,-0.0673,0.0776,30.8537,7.1951,-14.0854
1574147251098.0,0.0981,-0.0629,0.0766,30.4268,10.122,-11.5854
1574147251099.0,0.0833,-0.0583,0.0761,29.8171,6.4634,-8.4146
1574147251099.0,0.0813,-0.0573,0.077,29.0854,0.9146,-7.561
1574147251100.0,0.0897,-0.0565,0.0818,25.4878,-7.0732,-6.5244
1574147251143.0,0.0963,-0.0544,0.0835,21.4634,-13.9024,-3.2317
1574147251144.0,0.0956,-0.0522,0.0781,19.939,-11.7073,-0.061
1574147251144.0,0.093,-0.0541,0.0703,20.8537,-3.6585,2.439
1574147251145.0,0.0914,-0.0602,0.0627,22.378,3.8415,3.1707
1574147251145.0,0.0929,-0.0613,0.0681,24.1463,6.5244,2.439
1574147251188.0,0.1073,-0.0571,0.0829,25.3659,3.7195,3.8415
1574147251188.0,0.1074,-0.052,0.09,21.3415,-0.2439,5.122
1574147251189.0,0.0917,-0.0494,0.0904,20.0,-2.5,3.2317
1574147251190.0,0.0843,-0.0491,0.085,20.8537,-5.5488,0.6098
1574147251233.0,0.0873,-0.0547,0.0717,18.7195,-14.3902,-1.1585
1574147251234.0,0.0897,-0.0529,0.0626,17.1341,-22.622,-1.0366
1574147251235.0,0.0995,-0.0501,0.0589,19.6951,-17.9268,-0.4268
1574147251235.0,0.1241,-0.0559,0.0628,22.9268,1.3415,1.6463
1574147251236.0,0.1453,-0.0485,0.0517,29.5122,28.1098,7.0732
1574147251278.0,0.1552,-0.0347,0.0602,40.9146,70.3049,13.3537
1574147251323.0,0.1376,-0.0468,0.0779,36.2805,138.8415,19.4512
1574147251324.0,0.1046,-0.0573,0.08,35.061,214.7561,27.5
1574147251325.0,0.0823,-0.0574,0.0826,41.1585,264.3903,36.1585
1574147251326.0,0.0742,-0.0566,0.0904,42.1341,272.6829,47.1951
1574147251327.0,0.0721,-0.0549,0.0956,40.9756,251.8902,58.5976
1574147251328.0,0.0615,-0.0565,0.1044,34.8171,215.3049,67.3171
1574147251328.0,0.0611,-0.068,0.1173,24.939,172.1951,68.2317
1574147251329.0,0.075,-0.0716,0.1102,14.3902,132.3781,68.2317
1574147251368.0,0.0668,-0.0606,0.0947,9.7561,95.7317,75.4268
1574147251369.0,0.059,-0.0597,0.1035,13.2317,44.5122,81.8902
1574147251370.0,0.085,-0.0646,0.0947,11.4024,-23.7195,86.5244
1574147251371.0,0.0908,-0.0602,0.0723,3.6585,-73.1707,95.4878
1574147251372.0,0.072,-0.0513,0.0635,10.9756,-64.2073,97.561
1574147251413.0,0.057,-0.0452,0.0738,29.0244,-10.3659,89.7561
1574147251414.0,0.0381,-0.0347,0.0815,44.5122,48.9634,84.2073
1574147251415.0,0.0159,-0.0306,0.0914,52.622,81.8293,85.061
1574147251416.0,0.0094,-0.0343,0.0952,53.2317,80.061,83.9024
1574147251458.0,0.0129,-0.0375,0.1008,48.0488,55.9756,77.2561
1574147251459.0,0.0201,-0.0395,0.1078,42.8049,28.8415,66.8902
1574147251460.0,0.0275,-0.0419,0.1129,35.7317,-2.0732,56.8293
1574147251461.0,0.0269,-0.0456,0.1187,29.3293,-38.0488,45.9756
1574147251462.0,0.0249,-0.046,0.118,27.439,-65.0,33.5366
1574147251503.0,0.0278,-0.0414,0.106,26.1585,-83.2317,21.8293
1574147251504.0,0.0444,-0.0406,0.106,23.8415,-99.5732,12.378
1574147251505.0,0.0605,-0.0388,0.1172,19.8171,-113.1098,2.2561
1574147251506.0,0.0582,-0.0403,0.1154,14.939,-109.6951,-8.1707
1574147251548.0,0.0364,-0.0409,0.0973,16.6463,-86.4024,-17.622
1574147251549.0,0.0016,-0.0336,0.0803,25.2439,-61.2195,-29.7561
1574147251549.0,-0.0167,-0.0202,0.0729,32.0122,-52.439,-47.2561
1574147251550.0,0.0084,-0.0121,0.077,29.6341,-58.3537,-63.5366
1574147251550.0,0.05,-0.0087,0.0944,18.2927,-72.9268,-66.2805
1574147251593.0,0.0848,-0.0093,0.1123,9.0244,-89.0244,-65.6098
1574147251594.0,0.1128,-0.0116,0.104,3.4146,-96.5244,-66.8293
1574147251594.0,0.1196,-0.0068,0.1027,0.1829,-98.4756,-58.9024
1574147251595.0,0.1187,-0.0192,0.1163,1.7073,-103.9634,-47.8049
1574147251638.0,0.1381,-0.0349,0.1157,-7.622,-110.8537,-43.2927
1574147251639.0,0.1372,-0.0279,0.1171,-12.6829,-109.939,-34.6951
1574147251640.0,0.1175,-0.0329,0.1077,-8.1707,-91.8293,-28.2927
1574147251640.0,0.1013,-0.0386,0.0964,-3.8415,-72.561,-25.3659
1574147251641.0,0.0836,-0.0299,0.096,-4.2683,-75.8537,-16.8293
1574147251683.0,0.0729,-0.0251,0.093,-6.6463,-99.3902,-17.622
1574147251684.0,0.0811,-0.024,0.0905,-15.5488,-128.2317,-23.4146
1574147251685.0,0.0911,-0.0253,0.09,-24.878,-148.5366,-23.3537
1574147251686.0,0.0886,-0.0307,0.0842,-28.2927,-153.1098,-22.2561
1574147251687.0,0.081,-0.032,0.0729,-29.2073,-146.5244,-23.4756
1574147251728.0,0.08,-0.0302,0.0574,-27.561,-141.8293,-24.2683
1574147251729.0,0.0926,-0.0303,0.0495,-26.6463,-141.7073,-24.6341
1574147251730.0,0.1105,-0.0346,0.0524,-26.0976,-141.0976,-26.5244
1574147251730.0,0.1223,-0.0341,0.0575,-22.6829,-137.0122,-27.561
1574147251773.0,0.1333,-0.0312,0.0653,-17.8659,-131.7073,-27.1951
1574147251774.0,0.1317,-0.0336,0.0691,-16.8293,-117.561,-31.0366
1574147251775.0,0.113,-0.0388,0.0631,-20.3049,-92.7439,-33.1098
1574147251775.0,0.0913,-0.0383,0.059,-21.6463,-69.2073,-31.4024
1574147251776.0,0.0878,-0.0342,0.0569,-19.2683,-68.7805,-28.7805
1574147251818.0,0.1046,-0.0339,0.0552,-21.4024,-91.2195,-23.9024
1574147251820.0,0.1169,-0.0368,0.0564,-25.7927,-114.2073,-19.0244
1574147251820.0,0.1186,-0.0386,0.0513,-26.7073,-127.622,-19.7561
1574147251821.0,0.1149,-0.0382,0.0449,-27.8659,-129.5732,-22.2561
1574147251863.0,0.1078,-0.0379,0.0419,-29.939,-125.061,-24.3293
1574147251864.0,0.1077,-0.037,0.0377,-32.1341,-119.8781,-26.1585
1574147251865.0,0.1151,-0.0375,0.0357,-30.9756,-111.3415,-24.939
1574147251866.0,0.1254,-0.0392,0.0339,-29.6341,-99.6951,-20.5488
1574147251867.0,0.1333,-0.042,0.0333,-27.561,-87.9878,-16.8293
1574147251908.0,0.1352,-0.0474,0.0305,-26.5244,-81.1585,-15.6098
1574147251909.0,0.126,-0.0479,0.0211,-26.6463,-75.6707,-14.0244
1574147251911.0,0.1269,-0.0433,0.008,-21.7073,-69.6341,-9.878
1574147251912.0,0.1342,-0.0389,0.0013,-16.4024,-65.4878,-5.0
1574147251953.0,0.1214,-0.0355,0.0018,-12.5,-58.0488,-0.4878
1574147251954.0,0.1096,-0.0285,0.0007,-7.561,-40.6707,-2.8659
1574147251955.0,0.1333,-0.0244,0.0065,0.6707,-26.0976,-7.378
1574147251955.0,0.1523,-0.0262,0.0187,4.0244,-24.878,-5.061
1574147251956.0,0.1459,-0.0344,0.0179,2.2561,-18.7195,-1.2805
1574147251998.0,0.1367,-0.0352,0.0203,4.4512,-0.7927,-5.2439
1574147251999.0,0.1403,-0.0344,0.0278,10.061,16.5854,-8.2927
1574147252000.0,0.1409,-0.0381,0.0288,11.8293,30.4268,-6.0976
1574147252001.0,0.1257,-0.0419,0.0208,13.1707,42.0122,0.122
1574147252002.0,0.1219,-0.0497,0.0097,16.0976,42.5,2.7439
1574147252043.0,0.1365,-0.0515,0.0058,17.561,35.5488,2.7439
1574147252044.0,0.1526,-0.0475,0.0151,22.1951,42.0732,4.2073
1574147252045.0,0.15,-0.0366,0.0219,24.6951,66.0976,6.4024
1574147252046.0,0.1266,-0.0251,0.035,27.622,89.3902,11.5244
1574147252088.0,0.1056,-0.0276,0.0545,26.2805,96.5854,14.2073
1574147252090.0,0.0955,-0.0342,0.0655,16.0976,91.5244,13.3537
1574147252091.0,0.101,-0.0386,0.0638,5.9146,77.561,13.3537
1574147252092.0,0.1207,-0.0394,0.0577,1.8293,65.3049,14.878
1574147252093.0,0.1342,-0.0374,0.0575,2.8049,62.1951,15.3049
1574147252133.0,0.1415,-0.0363,0.0493,1.5244,55.122,14.3902
1574147252135.0,0.1386,-0.0341,0.0435,-0.3049,60.6098,11.8902
1574147252136.0,0.129,-0.0367,0.0378,-3.4756,81.8902,13.9024
1574147252136.0,0.1168,-0.0372,0.0363,-3.9634,105.2439,16.4634
1574147252178.0,0.1035,-0.0305,0.0447,0.2439,127.1341,20.6098
1574147252179.0,0.1036,-0.0287,0.0598,3.1098,139.939,22.6829
1574147252180.0,0.1023,-0.0282,0.0673,0.6707,149.2683,17.0732
1574147252181.0,0.0902,-0.0244,0.0724,0.9146,161.5854,16.4024
1574147252181.0,0.0919,-0.0238,0.0749,2.8049,162.1342,19.6951
1574147252223.0,0.0963,-0.0288,0.0667,-0.3049,150.9146,17.1341
1574147252224.0,0.0812,-0.032,0.0616,-0.3049,137.3781,14.5732
1574147252225.0,0.0712,-0.0351,0.0665,4.4512,112.9878,12.9268
1574147252226.0,0.0873,-0.0438,0.0755,4.3902,65.9146,10.0
1574147252268.0,0.1147,-0.0452,0.0815,1.8902,14.3293,7.622
1574147252269.0,0.1329,-0.0421,0.0793,1.4634,-10.8537,10.9756
1574147252269.0,0.1343,-0.0416,0.0715,3.2927,1.2805,17.1341
1574147252270.0,0.1238,-0.0424,0.0601,6.7073,41.5244,19.2683
1574147252270.0,0.1028,-0.042,0.0668,5.061,87.3171,17.0122
1574147252313.0,0.0832,-0.0357,0.0772,2.3171,125.4878,13.9634
1574147252358.0,0.0642,-0.0287,0.079,3.1707,151.5854,15.7317
1574147252403.0,0.0407,-0.0301,0.0744,5.2439,160.2439,15.122
1574147252404.0,0.0198,-0.0312,0.071,5.8537,147.8049,7.0732
1574147252404.0,0.0138,-0.0282,0.0762,6.7073,116.4024,-3.7805
1574147252405.0,0.0294,-0.0295,0.0791,4.3293,67.5,-14.1463
1574147252405.0,0.0653,-0.0363,0.0698,0.122,12.2561,-20.7317
1574147252406.0,0.1094,-0.0433,0.0678,-3.0488,-29.5122,-20.061
1574147252407.0,0.1337,-0.0463,0.0764,-5.122,-39.6951,-15.1829
1574147252407.0,0.1345,-0.0458,0.0853,-5.0,-18.6585,-13.5976
1574147252408.0,0.124,-0.0417,0.0841,0.1829,17.9878,-14.0244
1574147252409.0,0.1052,-0.0422,0.0853,7.0732,46.1585,-10.0
1574147252449.0,0.0927,-0.0513,0.0876,8.7195,53.0488,-8.3537
1574147252450.0,0.09,-0.0529,0.0919,5.3049,44.3293,-8.0488
1574147252450.0,0.0848,-0.0468,0.0992,0.5488,33.3537,-0.6707
1574147252451.0,0.0806,-0.0532,0.1031,-0.122,24.8171,0.0
1574147252452.0,0.0681,-0.0556,0.1143,-0.9756,18.5976,-2.439
1574147252453.0,0.062,-0.0517,0.1157,-4.4512,10.122,-0.122
1574147252493.0,0.0638,-0.0463,0.1017,-8.8415,-7.561,-3.8415
1574147252494.0,0.0789,-0.043,0.0868,-13.5366,-30.0,-9.7561
1574147252495.0,0.0964,-0.0452,0.0771,-15.4268,-36.9512,-12.6829
1574147252496.0,0.0898,-0.0416,0.0679,-13.7195,-20.9756,-12.9878
1574147252497.0,0.079,-0.0381,0.063,-7.1341,2.5,-13.5366
1574147252539.0,0.0812,-0.0386,0.0698,-1.8902,6.8902,-14.2073
1574147252540.0,0.0904,-0.0335,0.0853,3.2317,-1.2195,-13.1707
1574147252541.0,0.1022,-0.0287,0.0957,7.1951,-10.4878,-7.5
1574147252583.0,0.1063,-0.0255,0.0978,8.5366,-14.7561,-4.4512
1574147252585.0,0.0963,-0.022,0.0954,9.0854,-11.4634,-3.6585
1574147252585.0,0.0867,-0.0223,0.0884,8.4756,-6.5854,-4.8171
1574147252586.0,0.0851,-0.0245,0.0744,7.9878,-4.939,-3.8415
1574147252587.0,0.0932,-0.0272,0.0646,9.5122,-5.7317,-1.7683
1574147252588.0,0.106,-0.0266,0.0735,12.9268,-6.1585,-1.7073
1574147252628.0,0.1022,-0.0245,0.0844,15.2439,-3.2927,-0.6707
1574147252629.0,0.0898,-0.0283,0.0903,17.2561,7.6829,-1.3415
1574147252630.0,0.0891,-0.0323,0.0911,17.0122,13.6585,-2.622
1574147252631.0,0.0962,-0.0322,0.0884,14.4512,4.939,-2.3171
1574147252673.0,0.0989,-0.0322,0.0803,10.6098,-7.8049,-0.8537
1574147252674.0,0.0977,-0.0319,0.0743,8.5366,-11.8293,1.4024
1574147252675.0,0.0936,-0.0297,0.0706,8.9634,-1.6463,3.4756
1574147252676.0,0.0873,-0.0287,0.0699,10.5488,13.9024,4.939
1574147252677.0,0.0787,-0.0297,0.0725,12.8049,21.3415,4.0244
1574147252718.0,0.0757,-0.0309,0.0762,14.3293,18.7805,2.7439
1574147252720.0,0.0774,-0.0327,0.072,14.4512,15.3049,1.7683
1574147252720.0,0.0862,-0.0368,0.0746,15.6707,13.3537,0.4878
1574147252721.0,0.0921,-0.0409,0.0847,15.1829,8.7195,0.3049
1574147252722.0,0.0928,-0.0422,0.0984,14.2073,9.0854,2.1341
1574147252764.0,0.1019,-0.0429,0.1168,12.378,12.622,3.4756
1574147252765.0,0.1047,-0.0464,0.1134,9.1463,13.1098,2.439
1574147252765.0,0.0924,-0.0505,0.0985,6.1585,14.3902,5.061
1574147252766.0,0.0845,-0.052,0.0919,4.2683,16.8902,7.561
1574147252808.0,0.0812,-0.0455,0.0904,2.1951,19.2073,5.4878
1574147252809.0,0.0801,-0.0378,0.0901,0.8537,20.0,4.878
1574147252810.0,0.0812,-0.0345,0.0911,0.4268,19.2683,3.1098
1574147252811.0,0.0817,-0.0327,0.0945,1.5244,16.5854,0.2439
1574147252812.0,0.087,-0.0349,0.0942,0.7317,10.9756,-1.1585
1574147252853.0,0.0911,-0.034,0.0915,-0.6098,8.2317,-1.5244
1574147252854.0,0.0903,-0.0316,0.088,0.2439,10.3049,-0.8537
1574147252855.0,0.0845,-0.0292,0.0844,1.9512,15.6098,-0.3049
1574147252856.0,0.0816,-0.0283,0.0838,4.6951,21.0976,1.0366
1574147252899.0,0.0838,-0.0284,0.0846,7.0732,24.0854,2.6829
1574147252900.0,0.0831,-0.0277,0.0836,8.4146,23.4146,4.7561
1574147252900.0,0.0807,-0.0274,0.0862,10.5488,23.6585,6.3415
1574147252901.0,0.0834,-0.0273,0.0888,12.6829,23.5366,5.3049
1574147252902.0,0.0857,-0.0269,0.0941,13.3537,20.6707,5.4878
1574147252943.0,0.0864,-0.0276,0.0986,13.8415,18.0488,6.1585
1574147252944.0,0.0942,-0.0313,0.0961,13.6585,13.4146,4.5732
1574147252945.0,0.0975,-0.0358,0.0915,12.7439,11.4024,5.2439
1574147252946.0,0.0941,-0.036,0.091,13.4756,15.061,6.5244
1574147252988.0,0.088,-0.0366,0.0896,14.6951,19.5732,6.2805
1574147252990.0,0.0841,-0.0363,0.0907,14.6341,21.3415,5.8537
1574147252990.0,0.0847,-0.0349,0.0933,14.0854,22.6829,6.9512
1574147252991.0,0.082,-0.0335,0.0949,13.0488,21.7683,7.9878
1574147252992.0,0.0767,-0.0334,0.0944,12.0732,19.2073,7.378
1574147253033.0,0.0724,-0.0332,0.0972,12.1951,18.4756,6.7073
1574147253035.0,0.0717,-0.0327,0.1017,12.1951,17.439,6.5854
1574147253035.0,0.0726,-0.0343,0.1017,10.4268,12.3171,4.8171
1574147253036.0,0.0716,-0.0347,0.102,8.4146,5.6707,3.4146
1574147253037.0,0.069,-0.0339,0.1011,6.2805,-0.061,1.8293
1574147253078.0,0.0723,-0.0333,0.0959,4.4512,-4.2073,-0.6707
1574147253080.0,0.0782,-0.0338,0.0925,2.622,-5.122,-1.0366
1574147253080.0,0.0824,-0.0333,0.0918,2.1341,-2.622,0.3049
1574147253081.0,0.0838,-0.032,0.0925,2.9878,2.561,1.4024
1574147253123.0,0.0802,-0.0305,0.0913,5.0,9.2073,2.2561
1574147253124.0,0.0761,-0.0319,0.0917,7.0732,13.3537,3.4756
1574147253125.0,0.0718,-0.032,0.093,8.5976,14.2683,5.5488
1574147253126.0,0.0701,-0.0328,0.095,9.0244,12.1341,6.2195
1574147253127.0,0.0718,-0.033,0.098,9.5122,7.5,5.061
1574147253168.0,0.0709,-0.0322,0.1042,9.8171,2.8659,5.5488
1574147253170.0,0.0666,-0.0321,0.1107,8.7195,-1.5854,5.6707
1574147253170.0,0.0716,-0.0325,0.1102,5.9756,-4.6341,1.9512
1574147253171.0,0.0757,-0.0308,0.1086,1.0366,-8.0488,0.122
1574147253213.0,0.0723,-0.0306,0.1046,-5.122,-14.2683,-0.3659
1574147253215.0,0.0675,-0.0282,0.1002,-9.6341,-21.3415,-2.561
1574147253215.0,0.0594,-0.022,0.0965,-12.439,-32.1951,-5.122
1574147253216.0,0.054,-0.017,0.0897,-16.8293,-50.4268,-7.0732
1574147253217.0,0.0513,-0.0093,0.0836,-21.1585,-74.5122,-7.0732
1574147253258.0,0.0527,-0.0015,0.093,-25.6098,-101.8902,-8.2317
1574147253259.0,0.0632,0.0063,0.0885,-33.4146,-127.0732,-12.8049
1574147253260.0,0.0898,0.0088,0.064,-43.9634,-155.061,-19.3293
1574147253261.0,0.1276,0.0046,0.0542,-52.2561,-181.1585,-22.1341
1574147253303.0,0.1658,-0.0097,0.0807,-61.2805,-180.7927,-16.2805
1574147253304.0,0.1821,-0.0132,0.1139,-67.7439,-142.9268,-9.0244
1574147253304.0,0.1661,-0.0217,0.1228,-71.5854,-69.7561,-8.7805
1574147253305.0,0.1371,-0.0333,0.1187,-72.1951,34.5732,-12.3171
1574147253348.0,0.1088,-0.0391,0.1145,-66.5854,139.0854,-11.5854
1574147253349.0,0.0746,-0.0378,0.1215,-60.7317,200.4878,-22.439
1574147253349.0,0.0495,-0.0281,0.1255,-63.1707,208.1707,-37.378
1574147253350.0,0.0556,-0.0248,0.127,-75.3659,166.5244,-53.9634
1574147253351.0,0.0986,-0.0307,0.1228,-89.6341,93.2927,-67.7439
1574147253351.0,0.1411,-0.0368,0.1135,-104.0244,31.7683,-61.4024
1574147253393.0,0.1507,-0.0444,0.0996,-106.9512,20.5488,-48.4756
1574147253395.0,0.1376,-0.0562,0.0781,-95.122,58.1707,-47.1341
1574147253396.0,0.1156,-0.0647,0.0602,-76.8902,109.6951,-50.3049
1574147253397.0,0.0968,-0.0665,0.0548,-59.2683,137.9878,-46.6463
1574147253483.0,0.0857,-0.0642,0.0526,-46.1585,137.6829,-40.5488
1574147253484.0,0.065,-0.0553,0.051,-36.4024,122.8659,-34.7561
1574147253484.0,0.0331,-0.0429,0.0442,-22.622,104.5732,-28.4146
1574147253485.0,0.0223,-0.0359,0.0441,-8.4146,77.1341,-28.7195
1574147253486.0,0.0405,-0.0396,0.0497,-7.3171,35.5488,-29.7561
1574147253486.0,0.0734,-0.047,0.0613,-13.4756,-14.4512,-22.622
1574147253487.0,0.1035,-0.0508,0.0765,-15.7927,-54.3293,-15.6707
1574147253488.0,0.1191,-0.0548,0.0887,-17.3171,-67.561,-8.5976
1574147253489.0,0.1165,-0.0572,0.095,-13.9634,-50.8537,-1.7683
1574147253528.0,0.1,-0.0597,0.0961,-8.0488,-20.3659,3.4756
1574147253529.0,0.0801,-0.0618,0.0925,-5.1829,4.4512,6.5244
1574147253529.0,0.0613,-0.0626,0.0842,-5.6098,12.439,8.5366
1574147253530.0,0.051,-0.0579,0.0757,-5.122,-0.8537,10.6707
1574147253531.0,0.0646,-0.0549,0.0658,-5.7317,-30.9756,10.7927
1574147253573.0,0.0837,-0.0551,0.0624,-5.9756,-59.0854,12.6829
1574147253575.0,0.0876,-0.0555,0.0662,-2.8659,-74.0854,18.1707
1574147253575.0,0.0744,-0.0494,0.07,0.4268,-77.9268,20.061
1574147253576.0,0.0579,-0.0447,0.0739,3.4756,-76.7683,16.5854
1574147253618.0,0.041,-0.0442,0.0668,5.2439,-82.8049,10.4268
1574147253619.0,0.0306,-0.0382,0.055,8.7195,-100.1829,6.7073
1574147253620.0,0.0389,-0.0335,0.0465,15.9146,-127.8659,4.0244
1574147253621.0,0.0555,-0.0329,0.0513,16.5854,-165.1219,1.4634
1574147253622.0,0.0825,-0.0406,0.0475,8.4756,-204.3902,-2.5
1574147253664.0,0.1008,-0.0506,0.0427,3.4756,-228.9634,-4.7561
1574147253665.0,0.1074,-0.0503,0.0402,5.1829,-238.2317,-3.9634
1574147253665.0,0.1198,-0.0431,0.0443,7.439,-232.8659,-3.4756
1574147253666.0,0.1267,-0.0392,0.0435,9.3293,-205.3659,0.3659
1574147253708.0,0.1174,-0.0458,0.0214,11.8293,-166.4024,5.4268
1574147253709.0,0.1024,-0.0504,0.0206,19.2683,-129.7561,7.1951
1574147253710.0,0.1061,-0.0449,0.0319,33.4756,-114.8171,6.3415
1574147253711.0,0.1279,-0.0396,0.041,36.4634,-114.2683,9.5732
1574147253712.0,0.1288,-0.0413,0.0549,37.2561,-106.8293,19.1463
1574147253754.0,0.1198,-0.0507,0.0677,38.1098,-102.2561,23.9634
1574147253755.0,0.1282,-0.0571,0.069,40.6707,-96.6463,18.2317
1574147253756.0,0.1382,-0.0494,0.076,49.939,-76.6463,13.4756
1574147253756.0,0.1315,-0.0421,0.0809,55.8537,-43.2927,13.7805
1574147253798.0,0.1243,-0.043,0.0792,58.1707,1.7073,10.7317
1574147253800.0,0.1278,-0.0446,0.0717,60.6707,46.4634,5.061
1574147253800.0,0.1313,-0.0449,0.0609,67.7439,78.5366,4.6951
1574147253801.0,0.1215,-0.038,0.0521,76.4024,100.3049,8.4146
1574147253802.0,0.1042,-0.0333,0.0529,83.3537,122.9878,10.7927
1574147253843.0,0.0979,-0.0331,0.0587,85.3659,149.1463,9.2073
1574147253844.0,0.1042,-0.032,0.0749,84.6341,178.4146,8.8415
1574147253845.0,0.1118,-0.0286,0.0924,83.1707,205.9146,13.1707
1574147253846.0,0.1194,-0.0313,0.1004,78.5366,225.1829,19.3902
1574147253847.0,0.122,-0.0363,0.1024,72.0732,239.2073,24.3293
1574147253888.0,0.1171,-0.0343,0.1036,73.5976,247.3781,28.6585
1574147253889.0,0.0981,-0.0327,0.1042,75.9146,249.5732,29.0244
1574147253890.0,0.0703,-0.0312,0.0963,72.2561,240.4878,25.7927
1574147253891.0,0.0474,-0.0256,0.0856,67.0732,211.0976,25.4268
1574147253933.0,0.0353,-0.0216,0.0854,61.6463,164.3902,23.2317
1574147253935.0,0.0439,-0.0217,0.0991,52.5,115.4878,14.5122
1574147253935.0,0.0715,-0.0187,0.1129,39.8171,74.2683,12.2561
1574147253936.0,0.0881,-0.0167,0.1292,29.3902,50.7927,16.6463
1574147253937.0,0.0904,-0.0233,0.1364,24.878,55.7317,15.7317
1574147253978.0,0.084,-0.0262,0.1262,24.4512,78.6585,15.122
1574147253979.0,0.0751,-0.0281,0.1166,25.3659,101.0976,18.3537
1574147253980.0,0.0633,-0.0276,0.1168,26.5854,108.4146,17.1341
1574147253981.0,0.0432,-0.0253,0.112,25.2439,98.4756,14.939
1574147254023.0,0.0221,-0.0253,0.1062,22.622,77.3781,13.2317
1574147254025.0,0.0299,-0.0278,0.108,16.0366,46.8902,4.3293
1574147254025.0,0.0571,-0.0219,0.1173,5.7927,17.622,-1.2805
1574147254026.0,0.0781,-0.0225,0.1243,-3.4146,0.3049,2.8049
1574147254027.0,0.0812,-0.0268,0.1235,-8.7195,1.4634,3.1707
1574147254068.0,0.0705,-0.0283,0.1188,-7.6829,20.6098,2.8659
1574147254069.0,0.0703,-0.0305,0.1069,-4.8171,41.4024,2.439
1574147254070.0,0.0782,-0.0309,0.0952,-3.5366,48.7805,2.3171
1574147254071.0,0.0731,-0.0304,0.0887,-1.4634,48.2317,3.5366
1574147254071.0,0.0584,-0.0293,0.0856,4.3902,49.2683,3.6585
1574147254113.0,0.0477,-0.0276,0.0869,10.6707,46.9512,3.8415
1574147254114.0,0.0463,-0.0285,0.0898,12.8659,36.4634,3.4146
1574147254115.0,0.0562,-0.0307,0.0977,12.8049,20.4878,3.2927
1574147254116.0,0.0646,-0.0304,0.1077,12.0122,8.2317,3.9024
1574147254158.0,0.0641,-0.0302,0.1114,11.5244,5.9756,4.939
1574147254159.0,0.064,-0.0314,0.1119,12.622,11.4024,4.878
1574147254160.0,0.066,-0.0319,0.1091,13.4756,17.6829,4.5122
1574147254161.0,0.0656,-0.0325,0.1048,13.3537,22.0732,5.0
1574147254162.0,0.0613,-0.0312,0.1046,14.7561,24.2073,5.9146
1574147254203.0,0.0533,-0.0291,0.1069,15.3049,22.3171,5.3659
1574147254204.0,0.0473,-0.0267,0.1087,13.4756,15.9146,2.7439
1574147254205.0,0.055,-0.0261,0.1107,10.122,6.0366,0.8537
1574147254206.0,0.0642,-0.0254,0.1141,5.6098,-2.9268,2.0732
1574147254248.0,0.0661,-0.0265,0.114,2.8659,-5.3659,4.1463
1574147254249.0,0.0622,-0.0269,0.1113,3.2317,-2.9268,4.2073
1574147254250.0,0.0565,-0.0254,0.1068,3.9024,-0.4268,3.9634
1574147254251.0,0.0566,-0.0263,0.1027,3.1707,0.122,4.4512
1574147254252.0,0.0574,-0.0255,0.1037,2.6829,0.122,3.9634
1574147254293.0,0.053,-0.0233,0.1049,3.8415,1.8293,3.0488
1574147254295.0,0.0497,-0.0229,0.1063,4.3902,1.0976,2.9878
1574147254295.0,0.0517,-0.0235,0.1099,3.7195,-5.122,2.9268
1574147254296.0,0.0535,-0.0242,0.1139,2.1341,-11.4634,1.7683
1574147254338.0,0.0562,-0.0247,0.1177,1.8902,-12.3171,0.4268
1574147254339.0,0.0542,-0.0225,0.1172,2.1341,-8.7195,-0.9756
1574147254339.0,0.0497,-0.0223,0.1149,2.2561,-2.0732,-2.7439
1574147254340.0,0.0563,-0.0226,0.1144,2.8659,4.3293,-4.6951
1574147254341.0,0.0663,-0.0216,0.1181,3.1098,4.2073,-3.7195
1574147254383.0,0.063,-0.0215,0.1219,1.6463,0.4268,-2.1951
1574147254384.0,0.0553,-0.0234,0.1182,1.4024,0.0,-2.6829
1574147254384.0,0.061,-0.0272,0.1143,1.6463,-2.7439,-3.7805
1574147254385.0,0.0717,-0.0262,0.1201,0.1829,-10.6707,-3.8415
1574147254428.0,0.0622,-0.0212,0.1194,-0.6707,-13.7805,-4.2073
1574147254429.0,0.0441,-0.0209,0.1107,0.5488,-6.4634,-7.1951
1574147254429.0,0.0435,-0.0235,0.1091,1.7683,2.0122,-10.0
1574147254430.0,0.0577,-0.0233,0.111,-0.9146,3.1098,-8.9024
1574147254431.0,0.0653,-0.0222,0.1134,-3.0488,1.4024,-5.9756
1574147254473.0,0.0604,-0.025,0.1111,-3.6585,5.3049,-6.3415
1574147254474.0,0.0471,-0.0248,0.1083,-0.9756,14.3902,-7.2561
1574147254475.0,0.0449,-0.0252,0.1072,1.4024,15.6707,-8.2317
1574147254475.0,0.0508,-0.026,0.1034,-1.1585,5.5488,-10.3049
1574147254519.0,0.0536,-0.0276,0.0991,-3.5366,-2.1951,-11.4634
1574147254520.0,0.0486,-0.0269,0.0955,-1.5854,-5.061,-12.5
1574147254520.0,0.04,-0.0272,0.0945,-0.3049,-9.0244,-15.4878
1574147254521.0,0.0455,-0.0281,0.0977,0.1829,-16.3415,-21.2805
1574147254522.0,0.0633,-0.0275,0.1034,-2.3171,-32.1951,-22.622
1574147254564.0,0.0709,-0.0286,0.1047,-7.9268,-50.7317,-18.8415
1574147254565.0,0.0721,-0.0316,0.1022,-9.5122,-57.2561,-18.0488
1574147254565.0,0.0831,-0.0319,0.1049,-5.0,-47.622,-21.5854
1574147254566.0,0.0909,-0.0309,0.1086,-4.1463,-36.0976,-22.0732
1574147254567.0,0.0884,-0.0248,0.1111,-6.0976,-35.2439,-18.2927
1574147254609.0,0.0765,-0.0225,0.1157,-5.9146,-41.2805,-17.3171
1574147254611.0,0.0604,-0.0245,0.1213,-8.7195,-49.7561,-19.7561
1574147254612.0,0.0673,-0.0258,0.1166,-14.1463,-61.7683,-22.2561
1574147254613.0,0.0905,-0.0276,0.1199,-19.878,-69.7561,-23.9634
1574147254653.0,0.0952,-0.0219,0.1202,-25.1829,-55.4268,-23.9634
1574147254654.0,0.0881,-0.0176,0.1148,-22.3171,-11.6463,-20.0
1574147254654.0,0.0749,-0.023,0.1003,-12.3171,47.622,-17.0732
1574147254655.0,0.0627,-0.0267,0.0897,-0.6098,92.7439,-10.3049
1574147254656.0,0.0552,-0.029,0.0897,8.1098,107.0122,3.4146
1574147254698.0,0.0549,-0.0307,0.0923,9.8171,94.0244,10.0
1574147254699.0,0.0582,-0.0295,0.0947,10.1829,75.4878,10.6098
1574147254699.0,0.0591,-0.0286,0.0967,12.1341,64.4512,13.2927
1574147254700.0,0.0469,-0.0242,0.1051,15.6098,61.4634,15.9146
1574147254743.0,0.0347,-0.0223,0.1126,19.0854,60.6707,15.1829
1574147254744.0,0.0372,-0.0226,0.118,19.7561,51.5244,14.3293
1574147254745.0,0.0403,-0.0238,0.1188,17.378,36.5244,15.5488
1574147254745.0,0.0475,-0.0295,0.1185,14.8171,22.378,14.1463
1574147254746.0,0.0617,-0.0312,0.1209,12.2561,11.5854,12.9878
1574147254788.0,0.0869,-0.0347,0.1168,9.3902,6.1585,11.7683
1574147254789.0,0.1,-0.0371,0.1075,11.4634,15.7317,13.5366
1574147254790.0,0.0799,-0.0372,0.1037,21.2805,43.2317,17.9878
1574147254792.0,0.0471,-0.0291,0.103,33.7195,76.4634,19.2683
1574147254793.0,0.0374,-0.0228,0.1046,40.3049,87.3171,21.2805
1574147254833.0,0.0446,-0.0234,0.1289,37.8049,61.4634,25.6098
1574147254834.0,0.0503,-0.0202,0.1407,31.2805,33.7805,26.7073
1574147254835.0,0.0516,-0.0157,0.1446,20.4878,5.1829,31.8902
1574147254836.0,0.0393,-0.0159,0.143,12.1951,-10.5488,32.0732
1574147254878.0,0.043,-0.0207,0.1365,8.9634,-14.8171,27.9268
1574147254880.0,0.0628,-0.0265,0.1299,4.2073,-17.8659,26.3415
1574147254880.0,0.0764,-0.0261,0.1177,0.0,-8.1098,28.2927
1574147254881.0,0.0622,-0.0226,0.1003,3.2317,20.8537,31.7073
1574147254882.0,0.0354,-0.0226,0.0967,11.4634,49.4512,29.2683
1574147254923.0,0.016,-0.0151,0.1059,18.2317,59.2683,24.7561
1574147254925.0,0.012,-0.0093,0.1228,17.6829,45.3049,22.561
1574147254925.0,0.0203,-0.0112,0.129,10.4878,15.4268,20.0
1574147254926.0,0.0282,-0.015,0.1309,2.3171,-10.7317,16.8293
1574147254968.0,0.0378,-0.0184,0.1317,-1.3415,-13.1098,10.4268
1574147254969.0,0.0507,-0.0183,0.1216,-3.9024,0.061,5.4878
1574147254970.0,0.0557,-0.0207,0.1101,-4.7561,13.5366,5.8537
1574147254971.0,0.0494,-0.0253,0.0964,-1.3415,22.622,5.4878
1574147254972.0,0.049,-0.0266,0.0927,2.622,20.9756,5.3659
1574147255014.0,0.05,-0.0211,0.1035,5.7317,13.7195,4.1463
1574147255015.0,0.0421,-0.0219,0.1071,7.561,8.8415,4.939
1574147255016.0,0.0407,-0.0232,0.1077,9.3293,7.6829,5.3659
1574147255016.0,0.0441,-0.0168,0.1085,10.8537,10.061,5.0
1574147255058.0,0.0471,-0.0143,0.1055,9.1463,11.9512,4.3902
1574147255059.0,0.0461,-0.0165,0.1013,10.122,17.7439,3.0488
1574147255060.0,0.0428,-0.0187,0.1009,14.6341,24.3902,4.5732
1574147255061.0,0.0418,-0.0151,0.1154,20.0,28.9024,5.122
1574147255062.0,0.0334,-0.0093,0.1279,23.9634,31.8902,3.9634
1574147255104.0,0.035,-0.0125,0.124,22.9878,23.2317,2.8049
1574147255105.0,0.054,-0.0214,0.1238,15.6098,-4.1463,5.7317
1574147255105.0,0.0634,-0.0251,0.1255,7.8659,-26.7683,7.8049
1574147255106.0,0.0557,-0.0272,0.1267,7.5,-18.4146,6.0976
1574147255107.0,0.0466,-0.024,0.1202,12.561,6.5244,5.8537
1574147255149.0,0.0455,-0.0243,0.1152,14.7561,20.6707,8.1098
1574147255150.0,0.0504,-0.0245,0.1191,14.5732,19.0244,9.6341
1574147255150.0,0.0453,-0.022,0.1248,12.3171,13.5366,11.2195
1574147255151.0,0.0378,-0.019,0.1323,12.9878,16.2195,10.7317
1574147255193.0,0.0431,-0.0181,0.1445,12.8049,15.6098,10.122
1574147255195.0,0.0497,-0.0184,0.1553,8.1098,3.8415,13.8415
1574147255195.0,0.0519,-0.0228,0.1565,3.3537,-8.9024,17.1951
1574147255196.0,0.0504,-0.0241,0.1375,-0.3659,-12.3171,16.4634
1574147255197.0,0.0336,-0.0182,0.1133,-2.9878,-8.2317,13.9024
1574147255238.0,0.023,-0.019,0.1183,-6.2805,-2.2561,9.2073
1574147255239.0,0.0287,-0.0101,0.1191,-10.3659,4.0854,6.2195
1574147255240.0,0.0421,-0.0117,0.1132,-13.9024,0.4878,13.4756
1574147255241.0,0.0391,-0.0173,0.1074,-14.878,-0.9756,13.8415
1574147255284.0,0.029,-0.0175,0.1094,-11.5244,6.6463,10.5488
1574147255285.0,0.0196,-0.0142,0.108,-6.9512,14.939,12.5
1574147255285.0,0.017,-0.0159,0.1036,-5.7317,13.9024,10.061
1574147255286.0,0.0199,-0.0153,0.104,-5.6098,7.1341,5.2439
1574147255287.0,0.0247,-0.0143,0.1064,-6.0366,-0.9146,2.5
1574147255329.0,0.0314,-0.0157,0.1044,-6.8902,-6.4634,0.4268
1574147255374.0,0.0421,-0.0146,0.1075,-4.939,-6.4024,-1.9512
1574147255418.0,0.0472,-0.0148,0.1178,-1.8902,-3.2927,-2.9268
1574147255419.0,0.045,-0.0167,0.1249,0.2439,1.7073,-3.1707
1574147255420.0,0.0436,-0.015,0.1359,2.439,6.4024,-3.7195
1574147255420.0,0.045,-0.0154,0.1392,1.5244,5.7927,-2.9878
1574147255421.0,0.0533,-0.0196,0.128,-2.378,1.4024,0.3659
1574147255421.0,0.0486,-0.0223,0.1177,-4.4512,2.378,3.2317
1574147255422.0,0.0391,-0.0242,0.1169,-3.1098,12.561,1.5854
1574147255423.0,0.0338,-0.0204,0.111,-0.9146,22.0732,2.1341
1574147255423.0,0.0384,-0.0169,0.1112,-0.7317,17.9878,1.4024
1574147255424.0,0.0424,-0.0161,0.1155,-2.0122,4.7561,0.0
1574147255463.0,0.0391,-0.0175,0.1138,-2.9268,-4.2073,0.7317
1574147255464.0,0.0395,-0.0204,0.1078,-1.7073,-5.6707,1.4024
1574147255464.0,0.0439,-0.0213,0.1033,-1.0976,-4.0854,0.0
1574147255465.0,0.041,-0.017,0.1054,0.9756,-1.0976,-1.8902
1574147255466.0,0.0372,-0.0161,0.1072,3.9024,5.4878,-2.1951
1574147255466.0,0.0385,-0.0163,0.1052,5.2439,8.2927,-2.622
1574147255508.0,0.0413,-0.0161,0.1072,6.4634,3.2927,-2.0122
1574147255509.0,0.0355,-0.0203,0.1085,6.9512,-3.2927,-1.3415
1574147255510.0,0.0314,-0.0193,0.1151,9.3293,-5.5488,-1.2195
1574147255511.0,0.0436,-0.019,0.1286,9.4512,-9.2683,-5.7927
1574147255512.0,0.0482,-0.0154,0.1313,5.8537,-17.7439,-8.9024
1574147255554.0,0.0441,-0.0187,0.1274,3.3537,-23.4756,-8.1098
1574147255555.0,0.0452,-0.022,0.1293,0.4268,-29.6341,-9.5732
1574147255555.0,0.0541,-0.0228,0.1299,-3.9634,-38.7805,-8.2317
1574147255556.0,0.0624,-0.0266,0.1275,-8.1098,-47.8049,-4.7561
1574147255599.0,0.0657,-0.0278,0.1212,-8.2317,-47.7439,-2.1951
1574147255600.0,0.0609,-0.0257,0.1157,-3.7195,-35.061,-0.4268
1574147255600.0,0.0467,-0.0227,0.1115,0.5488,-18.3537,-0.7927
1574147255601.0,0.0345,-0.0234,0.1039,2.5,-10.9756,-1.8902
1574147255602.0,0.0286,-0.0218,0.1058,3.0488,-18.5366,-2.6829
1574147255643.0,0.0248,-0.0226,0.1111,-0.7317,-44.5122,-3.3537
1574147255644.0,0.0238,-0.0268,0.1071,-8.7805,-80.9146,-5.9146
1574147255645.0,0.0269,-0.0324,0.1035,-14.3293,-117.439,-11.1585
1574147255646.0,0.0387,-0.0351,0.1088,-16.6463,-155.4268,-15.8537
1574147255689.0,0.0627,-0.0371,0.1179,-20.7927,-188.1707,-18.6585
1574147255690.0,0.0811,-0.0364,0.1309,-25.8537,-202.1342,-21.8902
1574147255690.0,0.092,-0.0357,0.145,-24.0854,-188.7195,-24.3902
1574147255691.0,0.0972,-0.0388,0.1499,-22.1341,-152.3171,-25.9756
1574147255692.0,0.092,-0.0421,0.1325,-25.6098,-100.6707,-23.9634
1574147255734.0,0.0803,-0.0429,0.1115,-22.0732,-39.7561,-20.0
1574147255735.0,0.0808,-0.0424,0.0983,-16.5854,4.0244,-20.7317
1574147255736.0,0.0705,-0.0333,0.0886,-16.2195,25.8537,-15.3659
1574147255736.0,0.0535,-0.0247,0.0842,-13.7195,28.0488,-10.5488
1574147255778.0,0.052,-0.0197,0.0854,-12.1951,6.8902,-11.3415
1574147255780.0,0.074,-0.0229,0.0913,-16.2195,-32.5,-10.061
1574147255780.0,0.0996,-0.0218,0.1077,-22.378,-62.622,-8.4146
1574147255781.0,0.1115,-0.0126,0.1282,-21.8293,-61.4634,-2.7439
1574147255782.0,0.1024,-0.011,0.1289,-23.9634,-38.2927,5.6707
1574147255823.0,0.075,-0.0103,0.1226,-24.6951,-2.0732,7.8049
1574147255824.0,0.0594,-0.0073,0.1106,-22.622,31.6463,6.3415
1574147255826.0,0.0591,-0.0071,0.1015,-22.0122,46.1585,8.5366
1574147255827.0,0.0557,-0.0095,0.102,-21.8902,37.8049,8.2317
1574147255828.0,0.0625,-0.0137,0.1013,-22.9268,19.6951,4.6341
1574147255869.0,0.071,-0.0126,0.0923,-22.0122,9.939,5.1829
1574147255870.0,0.0677,-0.0107,0.0875,-15.6707,5.9756,6.7683
1574147255870.0,0.0628,-0.0142,0.1033,-9.2683,4.1463,4.0854
1574147255871.0,0.0655,-0.0134,0.1209,-8.7195,6.0976,0.4878
1574147255913.0,0.0838,-0.0186,0.1166,-11.3415,10.1829,2.1341
1574147255915.0,0.0826,-0.0273,0.1091,-14.6341,21.4024,8.3537
1574147255915.0,0.0549,-0.0295,0.1031,-10.8537,48.2927,9.6341
1574147255916.0,0.0372,-0.0242,0.1004,-4.7561,74.0854,6.9512
1574147255917.0,0.0212,-0.0176,0.0931,-3.0488,77.8659,5.2439
1574147255958.0,0.0054,-0.0153,0.0865,-1.2195,65.4268,-3.4756
1574147255960.0,0.0385,-0.0159,0.0969,4.4512,37.1341,-16.1585
1574147255960.0,0.0847,-0.0165,0.1136,-0.9146,-8.6585,-15.061
1574147255961.0,0.0929,-0.0262,0.1047,-7.1341,-30.122,-10.0
1574147256003.0,0.0679,-0.0345,0.0983,-0.9146,-3.9634,-12.1951
1574147256004.0,0.0681,-0.0311,0.099,7.1341,23.7195,-13.3537
1574147256005.0,0.1056,-0.0306,0.1047,9.5732,17.378,-10.7317
1574147256006.0,0.1113,-0.0274,0.1115,8.9024,3.2927,-1.7073
1574147256006.0,0.0723,-0.0241,0.1077,13.2927,15.3049,5.5488
1574147256048.0,0.0441,-0.0197,0.0962,20.0,37.5,2.8049
1574147256049.0,0.0348,-0.0176,0.1003,23.3537,40.6707,3.2927
1574147256050.0,0.0408,-0.0208,0.1002,22.3171,30.122,4.6951
1574147256051.0,0.0424,-0.0192,0.1051,19.878,22.7439,3.4146
1574147256094.0,0.0316,-0.0187,0.0946,19.0854,23.0488,-1.2195
1574147256095.0,0.0444,-0.0242,0.1104,20.061,22.0122,-9.939
1574147256095.0,0.0288,-0.0197,0.0977,17.8659,16.2805,-11.9512
1574147256096.0,0.0201,-0.0153,0.1049,21.7073,4.0854,-16.8902
1574147256096.0,0.045,-0.0029,0.1238,22.561,-12.8659,-26.9512
1574147256138.0,0.1086,0.0011,0.1511,16.8902,-37.439,-29.2683
1574147256139.0,0.113,-0.0047,0.1387,8.1707,-35.061,-19.7561
1574147256140.0,0.0691,-0.0315,0.1136,10.5488,-7.8659,-7.2561
1574147256141.0,0.044,-0.038,0.0951,13.7805,17.378,-12.8049
1574147256141.0,0.0303,-0.0273,0.0855,13.5976,20.9146,-12.0732
1574147256184.0,0.0353,-0.0229,0.0896,15.6098,5.7317,-11.5854
1574147256184.0,0.0534,-0.0142,0.0997,17.3171,-13.3537,-15.7927
1574147256185.0,0.0694,-0.0089,0.1185,19.4512,-27.0122,-17.5
1574147256186.0,0.0789,-0.0126,0.1186,21.0976,-28.6585,-19.4512
1574147256229.0,0.0756,-0.0237,0.1309,21.5854,-21.5244,-18.9024
1574147256229.0,0.0518,-0.0459,0.0882,21.1585,-15.4878,-17.8049
1574147256230.0,0.0334,-0.0685,0.0952,21.5244,-20.4268,-15.9756
1574147256231.0,0.0681,-0.0441,0.1364,23.5366,-29.6341,-19.6951
1574147256232.0,0.1165,-0.0237,0.1382,14.2683,-52.0122,-12.9878
1574147256274.0,0.1201,-0.037,0.1404,5.7317,-54.8781,-11.2805
1574147256275.0,0.0767,-0.0334,0.1306,5.9756,-21.0976,-8.5976
1574147256275.0,0.0566,-0.0283,0.1233,6.8902,1.0976,-3.7195
1574147256276.0,0.0713,-0.0145,0.1127,2.9878,0.0,-5.0
1574147256318.0,0.0752,-0.0088,0.1018,0.8537,-11.3415,2.0122
1574147256319.0,0.0678,-0.014,0.0894,2.0732,-6.7683,-0.061
1574147256320.0,0.0598,-0.0131,0.095,6.8902,11.4024,1.0366
1574147256321.0,0.0721,-0.0139,0.1073,9.8171,12.5,2.0732
1574147256321.0,0.0859,-0.0162,0.1133,8.2927,8.9024,1.1585
1574147256363.0,0.0799,-0.0239,0.1124,7.9268,10.1829,4.6341
1574147256364.0,0.0612,-0.0217,0.1113,9.1463,17.0122,6.8293
1574147256365.0,0.0532,-0.009,0.1136,10.3049,23.3537,8.9024
1574147256366.0,0.0632,0.0022,0.1155,8.1707,20.3659,7.0732
1574147256409.0,0.0753,0.0078,0.1173,6.0366,15.4268,3.5976
1574147256410.0,0.0714,0.0091,0.1091,5.4878,16.8902,4.1463
1574147256411.0,0.0576,0.0043,0.0944,6.5244,24.939,4.1463
1574147256411.0,0.0497,-0.0035,0.0886,8.3537,30.6707,2.0732
1574147256412.0,0.0562,-0.0079,0.0876,8.4756,23.4146,1.0976
1574147256453.0,0.0637,-0.0042,0.0883,7.3171,12.1951,0.0
1574147256454.0,0.0673,-0.0024,0.0912,7.1951,3.3537,-2.622
1574147256454.0,0.0756,-0.002,0.0924,6.2195,-2.561,-5.3049
1574147256455.0,0.0795,-0.0021,0.0984,5.3049,-2.8659,-5.6098
1574147256498.0,0.0751,0.0003,0.1,6.0976,2.439,-5.4878
1574147256499.0,0.0764,0.0028,0.101,5.6707,4.5732,-7.622
1574147256500.0,0.0756,0.0042,0.101,4.0244,2.0122,-9.0244
1574147256500.0,0.0604,0.0031,0.0915,3.7195,0.4268,-8.9024
1574147256501.0,0.045,0.0012,0.0774,3.2927,-3.2317,-10.7317
1574147256543.0,0.0342,0.0011,0.0696,1.5854,-14.2683,-14.939
1574147256544.0,0.0259,-0.0002,0.0544,-0.3049,-27.0122,-18.7195
1574147256545.0,0.0179,-0.0029,0.0416,-0.6707,-39.2073,-21.1585
1574147256546.0,0.0151,-0.0016,0.0376,1.7073,-54.3902,-22.439
1574147256546.0,0.0402,0.004,0.0453,4.6341,-77.3171,-26.5244
1574147256589.0,0.1027,0.0134,0.0847,7.0732,-97.9268,-32.6829
1574147256590.0,0.1642,0.0158,0.1558,5.061,-92.5,-29.878
1574147256590.0,0.2124,0.009,0.2757,5.061,-49.0244,-20.122
1574147256591.0,0.1683,-0.0098,0.2349,5.6707,16.4634,-7.561
1574147256633.0,0.0646,-0.0461,0.116,-1.1585,44.0244,8.0488
1574147256634.0,0.0311,-0.0686,0.0845,-9.939,39.7561,4.6951
1574147256635.0,0.0546,-0.0541,0.1003,-19.5122,18.1098,-4.3902
1574147256636.0,0.0659,-0.0292,0.0882,-29.5732,-8.4756,4.0244
1574147256636.0,0.0606,-0.0178,0.0576,-36.8293,-12.439,12.9268
1574147256679.0,0.0535,-0.0098,0.0514,-32.9268,17.8049,10.6098
1574147256680.0,0.0604,-0.0046,0.0649,-14.939,58.2927,4.6951
1574147256681.0,0.0671,0.0042,0.1124,8.4756,85.122,3.4756
1574147256681.0,0.0803,0.0084,0.1876,29.8171,96.7073,6.8293
1574147256724.0,0.0881,-0.0017,0.1968,33.9024,94.2073,8.3537
1574147256725.0,0.0637,-0.0081,0.1397,23.9024,67.8049,20.2439
1574147256725.0,0.05,-0.0262,0.1132,20.6098,35.3659,37.622
1574147256726.0,0.0373,-0.04,0.1102,26.3415,14.3293,29.3902
1574147256727.0,0.0214,-0.0265,0.107,29.3902,-11.3415,9.0244
1574147256769.0,0.0248,-0.0167,0.1117,24.939,-40.8537,-0.4268
1574147256770.0,0.0519,-0.0193,0.1283,14.5122,-57.0122,-4.0244
1574147256770.0,0.0707,-0.0091,0.132,6.1585,-49.939,-0.6707
1574147256771.0,0.0878,-0.0071,0.1392,-0.2439,-25.061,0.7317
1574147256814.0,0.0991,-0.0114,0.1287,-0.9756,9.3902,-8.1098
1574147256815.0,0.0972,-0.0157,0.1155,2.0732,38.8415,-4.2683
1574147256815.0,0.0724,-0.0205,0.1122,6.5854,56.5244,5.4268
1574147256816.0,0.0369,-0.0276,0.1245,9.6341,44.0244,3.7805
1574147256817.0,0.0339,-0.0277,0.1389,3.5976,10.2439,5.4268
1574147256858.0,0.0433,-0.0123,0.1173,-0.122,-19.0854,11.1585
1574147256860.0,0.0684,-0.0235,0.0989,-8.2317,-42.8049,2.9878
1574147256860.0,0.0812,-0.0259,0.0911,-13.1098,-29.8171,-0.3659
1574147256861.0,0.0599,-0.0179,0.0848,-6.5854,-1.0976,4.3902
1574147256861.0,0.069,-0.0239,0.0745,-1.2195,1.4634,0.5488
1574147256904.0,0.1098,-0.0273,0.0782,-0.9756,-14.1463,0.0
1574147256904.0,0.1205,-0.0193,0.093,3.7805,-6.4634,6.7683
1574147256905.0,0.0937,-0.0057,0.096,12.561,30.7317,12.561
1574147256906.0,0.0582,0.004,0.0937,18.4146,76.7683,10.122
1574147256949.0,0.0183,0.0148,0.0675,25.3049,119.1463,7.0122
1574147256949.0,0.0024,0.0053,0.0888,30.4268,131.6463,7.0122
1574147256950.0,0.0054,0.0267,0.1808,36.1585,108.8415,1.7073
1574147256951.0,0.0324,0.0342,0.2032,23.5366,31.5244,11.3415
1574147256951.0,0.0941,0.0079,0.1456,-10.2439,-59.8171,-1.5854
1574147256993.0,0.0708,-0.0237,0.1158,-22.9268,-75.6707,-6.9512
1574147256995.0,0.0323,-0.0206,0.1476,-4.1463,-18.2927,0.6098
1574147256995.0,0.0556,0.0168,0.1245,3.5366,39.7561,13.6585
1574147256996.0,0.0828,0.0075,0.126,-11.6463,47.0122,10.6707
1574147257038.0,0.0314,-0.0149,0.0638,-10.1829,34.5122,4.878
1574147257039.0,-0.0102,-0.0481,0.0898,3.5976,29.5732,0.2439
1574147257040.0,0.0368,-0.026,0.125,18.8415,33.4146,-5.7317
1574147257041.0,0.0998,-0.0192,0.1249,5.122,9.8171,3.5366
1574147257042.0,0.0928,-0.0377,0.1211,-2.7439,-7.0122,1.8293
1574147257083.0,0.0649,-0.0406,0.1226,7.0122,8.4146,0.9756
1574147257084.0,0.071,-0.0192,0.1354,10.3049,22.9268,1.7073
1574147257085.0,0.0822,0.0007,0.1323,2.1951,23.4756,10.5488
1574147257085.0,0.0731,-0.0021,0.1253,-3.1707,22.439,16.9512
1574147257128.0,0.053,0.0022,0.1212,-1.1585,27.8049,16.6463
1574147257129.0,0.0334,0.0079,0.1097,-0.5488,34.8171,23.7805
1574147257129.0,0.0281,0.004,0.1066,0.4878,29.3293,19.8171
1574147257130.0,0.0349,0.0058,0.1087,1.8902,14.7561,14.0854
1574147257131.0,0.0442,0.0046,0.1005,0.5488,3.3537,11.6463
1574147257173.0,0.0439,-0.0078,0.094,-1.5854,-1.6463,7.8659
1574147257174.0,0.0472,-0.0129,0.0919,-0.9756,3.3537,4.5122
1574147257175.0,0.0504,-0.0106,0.0929,-1.2195,6.4634,2.2561
1574147257176.0,0.0559,-0.0012,0.0995,-1.8902,2.1341,-2.8049
1574147257176.0,0.0614,0.0084,0.0966,-5.6707,-4.3902,-4.6341
1574147257218.0,0.0475,0.0074,0.0969,-11.2805,-11.8293,-4.878
1574147257219.0,0.0282,0.0063,0.1022,-11.7073,-14.3902,-5.8537
1574147257219.0,0.0092,0.0005,0.0844,-12.6829,-21.9512,-7.9878
1574147257220.0,-0.0016,-0.0106,0.0605,-15.3659,-42.622,-10.5488
1574147257263.0,0.0029,-0.0214,0.0678,-13.5976,-69.6951,-13.1707
1574147257264.0,0.0301,-0.0282,0.1153,-9.2683,-111.4024,-16.9512
1574147257265.0,0.0757,-0.0334,0.1578,-10.1829,-170.2439,-19.4512
1574147257266.0,0.1117,-0.0331,0.1654,-18.2317,-225.3049,-18.9634
1574147257266.0,0.1157,-0.0366,0.1466,-26.2805,-249.2073,-12.439
1574147257309.0,0.1069,-0.0625,0.1256,-25.1829,-228.3537,-20.3049
1574147257310.0,0.1022,-0.0604,0.1103,-34.7561,-202.6829,-14.2683
1574147257311.0,0.0985,-0.0526,0.0931,-44.6951,-191.8902,3.5976
1574147257312.0,0.1037,-0.052,0.0795,-45.6707,-197.9268,-2.8049
1574147257354.0,0.1082,-0.0579,0.0679,-51.0366,-208.7805,5.4268
1574147257355.0,0.1073,-0.0631,0.0741,-54.8171,-208.5366,20.061
1574147257355.0,0.1064,-0.0605,0.1047,-52.9268,-191.7683,25.6707
1574147257356.0,0.1166,-0.0612,0.1108,-52.1951,-166.4024,20.7317
1574147257356.0,0.139,-0.0637,0.0983,-55.8537,-132.9268,16.3415
1574147257398.0,0.1549,-0.0504,0.0783,-51.2195,-76.9512,24.7561
1574147257399.0,0.1425,-0.038,0.0565,-32.2561,2.8049,34.5732
1574147257400.0,0.106,-0.0333,0.0406,-9.939,92.0732,35.0
1574147257401.0,0.0567,-0.0255,0.0367,13.1707,167.6829,30.3049
1574147257444.0,0.0294,-0.0181,0.0536,33.3537,203.3537,23.2927
1574147257445.0,0.0366,-0.0044,0.0673,45.9756,191.0366,13.5366
1574147257445.0,0.0557,0.0112,0.0748,52.3171,147.0122,6.4634
1574147257446.0,0.0656,0.0259,0.0794,56.0366,95.6707,6.4024
1574147257446.0,0.0613,0.0369,0.0784,59.8781,55.9146,7.8049
1574147257488.0,0.0576,0.0428,0.0834,61.6463,26.8293,7.6829
1574147257489.0,0.0647,0.0461,0.0931,56.4634,0.5488,5.7317
1574147257489.0,0.0789,0.0445,0.1116,45.9146,-19.8171,8.4146
1574147257490.0,0.1151,0.0421,0.1224,36.8902,-32.6829,11.0976
1574147257533.0,0.1317,0.0451,0.1218,33.7195,-41.7073,19.3293
1574147257534.0,0.1402,0.0421,0.1161,31.4634,-57.622,29.3293
1574147257535.0,0.1469,0.0291,0.1234,21.7073,-62.561,26.6463
1574147257535.0,0.1195,0.0136,0.1182,9.3293,-35.0,24.0854
1574147257536.0,0.0905,0.0031,0.1067,5.3659,16.9512,23.1707
1574147257578.0,0.0749,-0.0016,0.0995,9.6951,64.6951,19.3902
1574147257579.0,0.0633,-0.0052,0.0926,10.122,85.4268,17.6829
1574147257579.0,0.0572,-0.0079,0.0839,7.0732,86.1585,13.9024
1574147257580.0,0.0598,-0.0067,0.0741,5.9756,77.1341,9.0854
1574147257581.0,0.067,-0.0038,0.067,8.8415,62.7439,6.5244
1574147257624.0,0.0745,-0.0023,0.0671,11.2805,46.3415,7.378
1574147257625.0,0.0822,-0.0001,0.0757,13.2317,38.1707,5.6707
1574147257625.0,0.0843,0.0028,0.0934,18.1707,40.7927,0.4268
1574147257626.0,0.0778,0.0027,0.106,20.9146,47.0122,-2.1341
1574147257669.0,0.0702,-0.0031,0.1034,18.1098,46.0976,0.061
1574147257670.0,0.0669,-0.0138,0.0959,12.0122,35.061,1.3415
1574147257671.0,0.0608,-0.0186,0.0883,9.4512,33.7195,-1.3415
1574147257671.0,0.0542,-0.0166,0.0773,12.378,38.4756,-4.2073
1574147257672.0,0.0449,-0.0123,0.0701,15.9756,38.4756,-8.8415
1574147257714.0,0.0499,-0.0034,0.0786,20.9146,29.8171,-12.8659
1574147257715.0,0.0796,-0.0024,0.0946,17.6829,12.439,-13.1707
1574147257716.0,0.1015,-0.0027,0.1138,8.9634,5.6707,-11.8902
1574147257717.0,0.104,-0.0009,0.129,7.0732,19.2683,-10.7317
1574147257759.0,0.0939,-0.009,0.1161,7.3171,40.4878,-13.4146
1574147257760.0,0.063,-0.0139,0.0902,9.4512,58.2317,-14.0854
1574147257760.0,0.0473,-0.0162,0.074,18.1098,63.9634,-11.6463
1574147257761.0,0.0598,-0.0135,0.1004,21.7683,42.2561,-17.1951
1574147257762.0,0.1,-0.005,0.1419,18.9024,0.2439,-15.4268
1574147257804.0,0.1127,-0.0062,0.1475,1.8902,-29.0244,-9.1463
1574147257805.0,0.0938,-0.011,0.1227,-8.4756,-21.1585,-4.878
1574147257806.0,0.0805,-0.0142,0.0969,-5.2439,6.1585,-2.5
1574147257807.0,0.0784,-0.021,0.0908,0.8537,17.378,0.3049
1574147257849.0,0.0792,-0.02,0.1026,1.2805,15.7927,5.122
1574147257850.0,0.0794,-0.0117,0.113,2.439,19.939,8.4146
1574147257851.0,0.0723,-0.0076,0.1064,4.8171,30.3049,6.9512
1574147257851.0,0.0652,-0.0057,0.097,6.5244,36.0976,6.3415
1574147257852.0,0.0623,-0.011,0.0911,7.1341,40.1829,8.1098
1574147257893.0,0.048,-0.0159,0.0859,9.2073,47.2561,6.8293
1574147257895.0,0.0374,-0.0162,0.0925,13.0488,48.5366,4.8171
1574147257895.0,0.0445,-0.0121,0.0935,14.878,48.3537,1.0366
1574147257896.0,0.0668,-0.0117,0.0931,17.622,42.9268,-2.439
1574147257897.0,0.0767,-0.014,0.1026,17.1341,40.1829,-2.622
1574147257939.0,0.0631,-0.0184,0.1202,20.1829,53.0488,-2.378
1574147257940.0,0.0649,-0.034,0.1384,22.8049,73.5366,-0.7317
1574147257940.0,0.0934,-0.0452,0.171,17.378,89.939,12.0732
1574147257941.0,0.0684,-0.0078,0.1656,15.061,135.9756,40.3659
1574147257984.0,0.0413,-0.0081,0.1417,22.561,170.4878,32.2561
1574147257985.0,0.0375,-0.0232,0.1263,20.3049,144.939,1.7073
1574147257986.0,0.0118,-0.0156,0.1175,20.9146,116.4634,7.8049
1574147257987.0,-0.0028,-0.0056,0.1221,28.9024,102.6829,9.5122
1574147257988.0,0.0179,0.0013,0.1365,26.5244,83.1098,-2.8659
1574147258029.0,0.0438,0.0044,0.1362,18.7805,54.7561,-7.1951
1574147258030.0,0.0452,-0.0021,0.1271,12.6829,32.8659,-1.3415
1574147258031.0,0.035,-0.0061,0.123,10.4878,25.3049,-0.3659
1574147258032.0,0.0289,-0.0013,0.1184,10.6707,24.1463,-2.3171
1574147258074.0,0.0179,0.004,0.1107,12.8049,20.1829,-2.3171
1574147258074.0,0.0283,-0.0012,0.1133,13.2927,11.3415,-3.3537
1574147258075.0,0.0513,-0.0012,0.1235,10.8537,-0.8537,-2.2561
1574147258075.0,0.0384,0.0031,0.1268,13.3537,-6.0366,2.5
1574147258076.0,0.0216,0.0036,0.1227,17.439,-4.939,1.2805
1574147258119.0,0.0406,0.0015,0.1223,14.6951,-9.939,-2.439
1574147258120.0,0.0574,0.002,0.1251,9.4512,-15.3049,0.122
1574147258121.0,0.0599,0.0021,0.1208,7.561,-11.8902,4.5732
1574147258122.0,0.0652,-0.0029,0.1205,6.2195,-5.9756,5.6098
1574147258164.0,0.049,-0.0021,0.1139,7.0732,4.2683,7.378
1574147258165.0,0.0195,0.0016,0.1073,12.1951,14.0244,7.9878
1574147258166.0,0.0178,0.0037,0.1094,13.6585,15.122,2.561
1574147258167.0,0.0302,0.003,0.1167,9.6341,4.3293,3.4146
1574147258167.0,0.0286,0.0046,0.1221,5.2439,-7.7439,6.7683
1574147258209.0,0.035,-0.0011,0.1245,-0.7317,-12.378,2.0732
1574147258210.0,0.0596,-0.0042,0.1238,-7.2561,-21.4634,-3.2317
1574147258211.0,0.0694,-0.0049,0.1208,-9.6951,-24.3902,2.1951
1574147258211.0,0.0596,-0.0063,0.1164,-7.1951,-11.8293,3.7805
1574147258254.0,0.0458,-0.004,0.1153,-3.6585,4.0244,2.8049
1574147258255.0,0.0414,-0.001,0.1182,-0.8537,15.5488,3.7195
1574147258256.0,0.0365,-0.0004,0.1234,-0.122,20.7317,5.9146
1574147258256.0,0.0314,-0.0001,0.1258,0.122,19.939,7.0122
1574147258257.0,0.0374,-0.0026,0.125,-1.7073,14.2683,5.6098
1574147258299.0,0.0364,-0.003,0.119,-4.7561,7.0732,5.7927
1574147258300.0,0.0341,-0.0032,0.1143,-6.4024,4.3902,4.878
1574147258301.0,0.0367,-0.0042,0.1158,-8.1098,2.622,0.9146
1574147258302.0,0.0439,-0.0024,0.1215,-7.9878,0.8537,0.6098
1574147258303.0,0.0427,0.0012,0.1207,-7.2561,0.8537,2.3171
1574147258344.0,0.0375,-0.0021,0.1183,-7.6829,2.3171,2.439
1574147258388.0,0.0391,-0.002,0.1219,-8.7195,2.1951,1.7073
1574147258433.0,0.0449,-0.0021,0.1242,-8.1707,1.4634,3.3537
1574147258434.0,0.0566,-0.0029,0.1295,-7.561,1.5854,4.4512
1574147258435.0,0.0527,-0.0036,0.1251,-6.8293,2.9878,6.6463
1574147258435.0,0.0458,-0.0084,0.1146,-4.2683,8.2927,4.5122
1574147258436.0,0.0439,-0.0067,0.1114,-0.6707,11.4634,1.6463
1574147258436.0,0.0314,-0.001,0.1127,5.4268,15.7927,0.7927
1574147258437.0,0.0311,-0.0004,0.1185,9.8171,19.2683,-1.5244
1574147258438.0,0.0397,0.0005,0.1259,9.8171,16.8902,0.0
1574147258438.0,0.0347,0.0006,0.1282,9.2073,14.0244,4.5732
1574147258439.0,0.0316,-0.0001,0.1271,7.561,11.0976,2.622
1574147258478.0,0.0328,0.0,0.1237,4.6951,4.5122,0.4268
1574147258479.0,0.0342,-0.0004,0.1208,1.7073,-2.1951,-0.2439
1574147258480.0,0.0432,-0.0018,0.1175,-1.0976,-7.3171,-0.3659
1574147258480.0,0.0549,-0.0045,0.1168,-2.8049,-10.4268,-0.6707
1574147258481.0,0.0511,-0.0043,0.1202,-0.122,-8.7195,-0.122
1574147258481.0,0.0403,-0.0044,0.1233,5.3659,-2.9878,-0.5488
1574147258523.0,0.0403,-0.003,0.1233,6.5244,-0.6707,-2.439
1574147258525.0,0.0353,-0.0014,0.1238,4.878,-3.1098,-2.8659
1574147258526.0,0.0302,-0.0005,0.1219,4.2073,-6.6463,-5.122
1574147258527.0,0.0278,0.0026,0.1173,1.9512,-13.2317,-8.3537
1574147258568.0,0.0247,0.0067,0.1119,0.7927,-24.4512,-8.9024
1574147258569.0,0.0232,0.0114,0.1119,1.1585,-43.1098,-7.1951
1574147258569.0,0.0353,0.009,0.1213,-1.9512,-69.2073,-9.878
1574147258570.0,0.0519,0.0048,0.1229,-6.9512,-87.3781,-18.4756
1574147258571.0,0.0626,0.0074,0.1162,-11.0366,-82.8049,-17.1341
1574147258613.0,0.07,0.0045,0.1119,-10.3049,-53.8415,-11.8902
1574147258614.0,0.0671,-0.0048,0.1078,-8.5976,-17.561,-11.4024
1574147258615.0,0.0611,-0.007,0.1115,-2.9878,13.9634,-7.439
1574147258615.0,0.0535,-0.0037,0.1221,0.9756,29.4512,-0.9146
1574147258616.0,0.0442,0.0007,0.1247,6.2195,33.9634,-1.1585
1574147258658.0,0.0399,0.0031,0.1264,10.7317,30.5488,-1.7683
1574147258659.0,0.0334,0.0019,0.1278,11.4024,18.0488,-1.0976
1574147258660.0,0.0305,-0.0026,0.1254,9.939,1.2805,-4.3293
1574147258661.0,0.0344,-0.0012,0.1249,7.0122,-16.1585,-6.5244
1574147258704.0,0.0327,-0.002,0.1212,5.9146,-31.8293,-11.4024
1574147258705.0,0.034,-0.0069,0.1088,2.7439,-43.5366,-15.6098
1574147258705.0,0.05,-0.0068,0.1048,-1.1585,-47.622,-15.0
1574147258706.0,0.0583,-0.0068,0.1045,0.4268,-43.2317,-16.3415
1574147258707.0,0.0573,-0.0054,0.1019,4.2683,-25.9756,-16.4024
1574147258749.0,0.057,0.0,0.1035,5.122,-1.6463,-10.1829
1574147258750.0,0.0618,-0.0034,0.1109,5.5488,17.0122,-7.439
1574147258751.0,0.0621,-0.0027,0.1187,8.1098,23.8415,-6.0976
1574147258751.0,0.0502,-0.0079,0.1235,13.4146,27.5,-3.9024
1574147258794.0,0.0423,-0.0104,0.1221,17.8659,28.2927,-4.3902
1574147258795.0,0.0432,-0.0084,0.1185,20.3659,27.5,-4.2073
1574147258796.0,0.0409,-0.0054,0.1176,18.3537,23.8415,-7.439
1574147258796.0,0.0331,-0.0003,0.1221,17.6829,19.6341,-8.5976
1574147258839.0,0.0341,0.0061,0.1283,16.4024,15.122,-8.5976
1574147258840.0,0.0389,0.0085,0.1259,11.5854,6.8293,-9.8171
1574147258840.0,0.0428,0.0054,0.1212,7.561,-1.3415,-7.1341
1574147258841.0,0.0455,0.0029,0.1192,3.4756,-9.1463,-4.5122
1574147258842.0,0.0453,0.0039,0.1159,0.9146,-14.5732,-0.9146
1574147258884.0,0.0516,0.0049,0.1157,1.4634,-14.4512,0.061
1574147258885.0,0.0572,0.0051,0.1223,2.8049,-11.8293,0.9756
1574147258886.0,0.051,0.0049,0.1246,3.4146,-6.1585,4.1463
1574147258886.0,0.0469,0.0033,0.1211,5.122,0.7927,4.6341
1574147258887.0,0.0578,-0.0005,0.1191,5.122,4.8171,3.1098
1574147258929.0,0.0635,-0.0016,0.123,5.7317,6.0366,4.4512
1574147258930.0,0.0515,0.0,0.1229,10.1829,12.8659,6.2195
1574147258930.0,0.0423,0.0031,0.1157,13.5366,21.8293,2.8659
1574147258931.0,0.0397,0.0067,0.1136,13.4146,24.0854,1.3415
1574147258932.0,0.0446,0.0107,0.119,13.5366,22.9268,3.1098
1574147258974.0,0.0488,0.0096,0.1188,12.1341,20.5488,3.7195
1574147258975.0,0.0482,0.0078,0.1163,9.6951,18.9634,3.2317
1574147258976.0,0.0535,0.0076,0.1184,8.6585,20.3659,2.2561
1574147258976.0,0.0549,0.0051,0.1176,7.622,22.6829,3.2927
1574147259019.0,0.043,0.0021,0.1172,8.5366,25.3659,7.2561
1574147259020.0,0.0417,0.003,0.1201,9.878,29.2073,5.7927
1574147259021.0,0.0477,0.0052,0.1213,9.4512,27.8049,4.4512
1574147259022.0,0.0441,0.0049,0.1192,7.439,26.9512,6.1585
1574147259023.0,0.035,0.0093,0.1212,6.3415,30.6707,6.0976
1574147259063.0,0.0287,0.0112,0.1197,4.2683,31.9512,5.9756
1574147259064.0,0.0323,0.0117,0.1224,2.8659,29.1463,3.9634
1574147259065.0,0.0336,0.014,0.1279,2.9268,23.5366,5.3659
1574147259065.0,0.0342,0.0121,0.1277,0.9756,20.7927,6.8293
1574147259109.0,0.0297,0.0129,0.1233,-1.2805,20.9756,6.8293
1574147259110.0,0.0295,0.0074,0.1147,-1.9512,21.2195,4.8171
1574147259111.0,0.0336,0.0059,0.1125,-0.122,20.6098,2.8659
1574147259111.0,0.0371,0.0052,0.1196,0.8537,19.2073,6.7073
1574147259112.0,0.041,0.0054,0.1254,0.7927,18.7805,7.622
1574147259154.0,0.0436,0.0045,0.1268,0.7927,19.0244,6.2805
1574147259155.0,0.0434,0.0023,0.1284,-0.6707,19.2073,6.9512
1574147259155.0,0.0444,0.0007,0.1278,-0.3659,20.6098,4.6951
1574147259156.0,0.0446,0.0023,0.1223,-0.4268,23.6585,6.8293
1574147259199.0,0.0377,0.0031,0.1174,-0.5488,29.0854,9.939
1574147259200.0,0.0289,0.0037,0.1158,1.5854,33.7805,10.3049
1574147259200.0,0.0226,0.0053,0.1116,4.0244,33.7805,9.1463
1574147259201.0,0.022,0.0076,0.117,5.122,23.5366,5.6707
1574147259202.0,0.0261,0.0092,0.1161,3.4146,7.7439,3.5366
1574147259244.0,0.0342,0.0101,0.116,2.6829,-4.0854,2.9268
1574147259245.0,0.0383,0.009,0.1211,0.1829,-16.4634,3.2317
1574147259245.0,0.0443,0.0081,0.1191,-1.9512,-16.8902,1.9512
1574147259246.0,0.0427,0.0089,0.1136,-3.3537,-13.4146,2.2561
1574147259289.0,0.0395,0.0085,0.1138,-4.6951,-9.3902,0.7317
1574147259290.0,0.0321,0.0103,0.118,-3.8415,-3.1707,0.3659
1574147259291.0,0.022,0.01,0.1177,-3.4146,1.1585,2.5
1574147259291.0,0.0228,0.0084,0.1189,-4.0854,-3.4146,2.0122
1574147259292.0,0.0237,0.0085,0.1193,-8.2927,-19.0854,0.6098
1574147259334.0,0.0278,0.0099,0.1175,-11.5854,-37.378,-1.1585
1574147259335.0,0.0352,0.0074,0.1152,-16.0366,-58.7805,-2.3171
1574147259336.0,0.0374,0.0051,0.1182,-20.0,-76.4024,-3.4756
1574147259336.0,0.0403,0.0071,0.1194,-19.878,-78.4146,-6.2805
1574147259337.0,0.0464,0.0078,0.1176,-20.3049,-70.4878,-7.8049
1574147259379.0,0.0515,0.0034,0.1115,-23.4146,-58.8415,-7.8659
1574147259380.0,0.05,0.001,0.1067,-20.9146,-43.3537,-7.0732
1574147259380.0,0.0456,-0.0016,0.1063,-16.2805,-34.6341,-4.6951
1574147259381.0,0.0436,-0.0025,0.112,-11.7073,-33.6585,-3.9024
1574147259424.0,0.0458,0.0002,0.1244,-8.1707,-37.3171,-3.1707
1574147259425.0,0.0561,0.0031,0.1381,-7.9878,-45.061,-4.1463
1574147259426.0,0.0661,0.0013,0.1395,-12.3171,-52.8659,-4.7561
1574147259427.0,0.0609,-0.0014,0.1396,-15.7317,-57.439,-1.0366
1574147259427.0,0.064,-0.0024,0.1422,-14.939,-55.4268,4.6341
1574147259469.0,0.0779,-0.0015,0.1342,-20.2439,-42.9268,4.5122
1574147259469.0,0.0613,-0.0037,0.1189,-21.0366,-11.6463,5.3659
1574147259470.0,0.0309,-0.0022,0.1078,-10.6707,20.3659,9.1463
1574147259470.0,0.0212,0.002,0.1057,-2.1951,30.3659,7.9268
1574147259514.0,0.0239,0.0027,0.1028,-2.561,22.622,5.5488
1574147259515.0,0.0217,0.0001,0.0955,-1.4024,15.8537,2.439
1574147259516.0,0.0233,0.001,0.0916,4.2683,13.9024,-2.0732
1574147259517.0,0.0292,0.0108,0.0932,9.0854,9.5732,-5.4268
1574147259517.0,0.0391,0.0115,0.0859,12.0122,5.6098,-7.3171
1574147259558.0,0.0524,0.0087,0.0803,19.2683,10.3049,-9.3293
1574147259559.0,0.0601,0.007,0.0974,30.1829,30.4268,-7.8049
1574147259561.0,0.0683,-0.0018,0.1683,37.6829,60.5488,-3.1098
1574147259562.0,0.0971,-0.0079,0.227,30.3049,64.0854,7.0732
1574147259603.0,0.0708,-0.0149,0.1787,13.0488,42.2561,16.7073
1574147259604.0,0.0635,-0.0106,0.1121,-7.9268,44.2683,10.3659
1574147259605.0,0.0664,-0.0115,0.0842,-13.6585,55.2439,2.6829
1574147259606.0,0.0558,-0.0178,0.09,4.3902,72.2561,4.6951
1574147259606.0,0.0388,-0.0068,0.1094,17.6829,81.2195,16.8293
1574147259648.0,0.0197,0.0034,0.131,24.6341,76.8293,19.2683
1574147259649.0,0.0158,0.0085,0.1393,26.0976,69.4512,12.2561
1574147259650.0,0.0168,0.0052,0.1342,20.3049,54.4512,12.8659
1574147259650.0,0.0068,0.0019,0.1219,13.4756,35.4878,16.2195
1574147259651.0,0.0085,0.0003,0.1147,9.878,22.8049,15.3049
1574147259693.0,0.0009,0.0052,0.1125,12.2561,18.2317,14.2683
1574147259694.0,0.0037,0.0141,0.1132,15.9756,19.8171,14.6951
1574147259695.0,0.0298,0.0149,0.1301,14.1463,11.4024,8.2927
1574147259695.0,0.0436,0.0119,0.1396,9.1463,2.378,7.8659
1574147259738.0,0.0469,0.0052,0.1338,9.2683,7.2561,10.7927
1574147259739.0,0.0483,0.0014,0.1315,11.7073,16.0976,10.122
1574147259740.0,0.0447,-0.0006,0.1293,11.0976,18.9024,11.3415
1574147259740.0,0.0419,-0.0011,0.1177,9.4512,20.7927,10.8537
1574147259741.0,0.0402,0.0012,0.1154,9.6951,25.3659,10.3659
1574147259783.0,0.0413,0.0061,0.1182,10.061,30.5488,14.3902
1574147259784.0,0.0504,0.0098,0.1339,10.6098,32.1341,15.6707
1574147259785.0,0.0445,0.0128,0.1376,10.1829,31.4634,12.2561
1574147259785.0,0.0208,0.0119,0.1281,9.8171,30.6098,12.0122
1574147259829.0,0.0209,0.0073,0.119,10.4878,28.4146,9.3293
1574147259830.0,0.0262,0.0074,0.1085,6.2195,26.4634,9.3902
1574147259831.0,0.0164,0.0093,0.0977,4.2683,30.6707,13.0488
1574147259832.0,0.0057,0.0135,0.1013,8.9634,40.3049,11.8902
1574147259832.0,0.002,0.0185,0.1127,12.9878,41.7683,7.378
1574147259874.0,-0.0028,0.0207,0.1204,11.1585,29.0854,2.8659
1574147259875.0,0.0065,0.0173,0.1231,8.5366,16.0976,-0.4268
1574147259876.0,0.0229,0.0068,0.1226,6.0976,2.622,1.2195
1574147259876.0,0.0299,0.0082,0.1185,2.1341,-6.7683,-3.1098
1574147259919.0,0.0385,0.0049,0.1215,2.0732,-4.2073,-4.3902
1574147259920.0,0.0449,0.0005,0.1214,2.0122,-2.0732,-4.2073
1574147259920.0,0.0406,0.0007,0.118,2.5,4.0244,-1.4024
1574147259921.0,0.0306,0.004,0.1247,6.6463,10.5488,-0.7927
1574147259922.0,0.0002,0.0075,0.1264,9.1463,14.8171,-2.439
1574147259964.0,-0.0155,0.006,0.1251,10.3049,14.2073,-4.3293
1574147259965.0,0.0282,0.006,0.1226,7.6829,1.1585,-6.5244
1574147259966.0,0.0526,0.0093,0.1245,-0.6707,-14.2683,-3.0488
1574147259967.0,0.0325,0.0034,0.1244,-2.3171,-12.5,1.4024
1574147259967.0,0.0306,0.0078,0.1242,4.4512,5.122,1.5244
1574147260009.0,0.0398,0.0115,0.1257,4.878,11.8902,1.1585
1574147260010.0,0.0254,0.009,0.1249,2.8049,10.061,4.7561
1574147260011.0,0.015,0.0084,0.1191,4.2683,12.2561,5.061
1574147260011.0,0.0145,0.0116,0.1163,4.4512,12.3171,3.8415
1574147260054.0,0.0153,0.0088,0.1134,1.4634,6.8293,2.6829
1574147260055.0,0.0152,0.009,0.1161,-0.3049,4.878,1.8293
1574147260056.0,0.0179,0.0112,0.1259,0.6707,6.3415,0.9756
1574147260057.0,0.0162,0.0121,0.125,-0.122,4.939,0.0
1574147260057.0,0.0186,0.0109,0.1248,-1.2195,-0.4268,-1.7073
1574147260099.0,0.0185,0.0149,0.1218,-3.8415,-7.0732,-5.6098
1574147260100.0,-0.0026,0.0145,0.1083,-5.6707,-9.1463,-5.6098
1574147260100.0,0.0303,0.0125,0.116,-4.4512,-14.4512,-12.3171
1574147260101.0,0.0408,0.0148,0.1266,-6.4024,-18.9024,-10.4878
1574147260144.0,0.0306,0.0068,0.1304,-3.4146,-13.5976,-2.9268
1574147260145.0,0.0311,0.0068,0.1323,0.7317,-2.8659,-4.4512
1574147260146.0,0.0237,0.0038,0.1258,0.061,2.561,-0.8537
1574147260147.0,0.0235,0.0046,0.1296,-0.061,4.1463,2.3171
1574147260148.0,0.0237,0.0052,0.1252,-1.0366,6.5854,4.3293
1574147260189.0,0.0287,0.0065,0.1244,-0.7927,8.9024,7.5
1574147260190.0,0.0057,0.0193,0.1177,-1.2195,8.7805,8.2927
1574147260191.0,-0.0142,0.0112,0.0942,-1.1585,10.5488,4.3902
1574147260191.0,0.0261,0.0049,0.1123,4.6951,0.0,-6.7073
1574147260234.0,0.0573,0.0059,0.1324,0.6707,-27.6829,0.3049
1574147260235.0,0.0425,0.0096,0.1393,1.2195,-25.7317,8.2317
1574147260236.0,0.0247,0.0103,0.1336,5.8537,-2.0122,4.1463
1574147260236.0,0.0251,0.0112,0.1237,7.8659,15.5488,1.2195
1574147260237.0,0.025,0.0084,0.1101,4.2073,16.5244,3.8415
1574147260279.0,0.0165,0.0065,0.1154,4.7561,13.4756,6.2195
1574147260280.0,0.011,0.0121,0.1273,7.8049,8.8415,2.8659
1574147260280.0,0.0173,0.0134,0.1307,6.4024,1.9512,1.8902
1574147260281.0,0.0316,0.0106,0.1248,4.1463,-5.7927,0.2439
1574147260324.0,0.046,0.004,0.1183,3.1098,-12.3171,-0.1829
1574147260325.0,0.0509,0.0064,0.1183,3.4146,-11.1585,-0.2439
1574147260326.0,0.0368,0.0115,0.1177,4.4512,-1.7683,0.6098
1574147260327.0,0.0208,0.0114,0.11,7.1341,13.5366,-0.7927
1574147260328.0,0.0136,0.0078,0.1082,9.6951,21.2195,-3.4756
1574147260369.0,0.0183,0.0089,0.136,12.0732,16.4634,-5.061
1574147260370.0,0.0164,0.0215,0.1641,14.4512,6.4634,-7.439
1574147260370.0,-0.0048,0.0303,0.1358,6.9512,-0.7927,-6.1585
1574147260371.0,-0.0087,0.0179,0.1205,-3.0488,-9.4512,-10.122
1574147260372.0,0.0366,0.0067,0.1289,-5.7927,-15.122,-17.1341
1574147260414.0,0.0576,0.0027,0.1322,-8.5366,-18.6585,-12.7439
1574147260415.0,0.0389,0.001,0.1204,-7.8659,-8.2317,-2.439
1574147260416.0,0.0195,0.0001,0.1188,-3.6585,5.8537,-3.6585
1574147260459.0,0.0191,0.0006,0.1253,0.061,7.5,-3.2317
1574147260460.0,0.0292,0.0098,0.125,-1.2195,1.5244,3.0488
1574147260461.0,0.024,0.0173,0.1124,-5.2439,-1.7683,5.4268
1574147260462.0,0.017,0.014,0.11,-6.7683,-0.4268,0.4268
1574147260462.0,0.0253,0.0109,0.1228,-6.8902,1.1585,-4.0244
1574147260463.0,0.0311,0.0116,0.1274,-5.9756,0.9146,-3.1707
1574147260504.0,0.0324,0.007,0.1328,-5.7317,-4.0244,-3.4146
1574147260504.0,0.0333,0.0032,0.1409,-5.8537,-6.3415,-5.3659
1574147260505.0,0.0373,-0.0004,0.1378,-6.8902,-2.0732,-2.8659
1574147260505.0,0.0342,0.0032,0.1259,-8.7195,7.0122,2.0732
1574147260549.0,0.0236,0.0089,0.1168,-10.7317,15.8537,2.7439
1574147260550.0,0.0213,0.0141,0.1092,-11.6463,19.2073,0.9756
1574147260551.0,0.0216,0.0128,0.1107,-13.7195,12.1341,-1.9512
1574147260552.0,0.0146,0.012,0.1155,-13.5366,6.6463,-4.2683
1574147260552.0,0.0126,0.0077,0.1245,-10.122,4.878,-3.8415
1574147260594.0,0.0167,0.0041,0.1229,-8.3537,2.439,-5.3659
1574147260595.0,0.0095,0.0004,0.1186,-7.7439,-3.1707,-4.878
1574147260596.0,0.0137,-0.0013,0.1273,-6.2195,-10.3049,-5.122
1574147260596.0,0.0244,0.004,0.1387,-7.378,-10.122,-1.5854
1574147260639.0,0.0221,0.0029,0.1348,-9.939,-1.4024,4.6951
1574147260640.0,0.0118,0.0037,0.1304,-8.5366,7.8659,7.439
1574147260640.0,0.0002,0.0132,0.1318,-7.7439,12.622,6.5244
1574147260641.0,0.0096,0.0187,0.1356,-7.1951,14.3293,2.0122
1574147260642.0,0.0248,0.0181,0.1312,-9.939,10.6098,1.2805
1574147260683.0,0.0242,0.0174,0.123,-13.0488,1.0366,-1.9512
1574147260684.0,0.0236,0.0159,0.1129,-13.5976,-2.622,-6.8902
1574147260685.0,0.03,0.0087,0.1078,-14.0244,-0.7927,-7.8049
1574147260685.0,0.039,0.0045,0.1205,-11.1585,1.2805,-6.0976
1574147260686.0,0.0429,0.0046,0.138,-6.0976,4.8171,-3.2927
1574147260729.0,0.0388,0.0032,0.1481,-3.4146,8.5366,-1.5854
1574147260729.0,0.0344,-0.0007,0.1467,-3.9634,9.5732,-0.1829
1574147260730.0,0.0353,-0.0042,0.1437,-8.5366,4.6951,0.3659
1574147260730.0,0.0287,-0.0009,0.1357,-15.1829,-1.2195,2.0122
1574147260774.0,0.0162,0.007,0.1265,-20.1829,-7.378,3.2317
1574147260775.0,0.0017,0.0085,0.1171,-23.5976,-21.4024,2.378
1574147260776.0,-0.0092,0.0107,0.1095,-30.2439,-53.1707,-2.2561
1574147260777.0,0.0048,0.0099,0.1092,-40.122,-87.5,-10.9756
1574147260778.0,0.0308,0.0042,0.1132,-55.9756,-103.9634,-17.3171
1574147260819.0,0.0483,0.0,0.1081,-62.1951,-94.6951,-19.2683
1574147260820.0,0.0618,-0.0013,0.1021,-56.3415,-70.9756,-18.9634
1574147260821.0,0.0601,-0.0001,0.1042,-48.7195,-54.0244,-19.0854
1574147260821.0,0.0575,-0.0048,0.11,-45.9756,-54.2073,-22.3171
1574147260864.0,0.0588,-0.0083,0.1113,-46.6463,-60.6098,-21.8293
1574147260865.0,0.0515,-0.0073,0.1111,-47.0122,-67.9878,-14.1463
1574147260866.0,0.0347,-0.0056,0.1087,-46.7073,-75.9146,-8.7195
1574147260866.0,0.0252,-0.0009,0.1027,-46.3415,-83.4146,-10.9756
