0,1,2,3,4,5,6
1574147070553.0,0.0692,-0.0357,0.1021,-3.5366,-9.8171,2.439
1574147070594.0,0.0695,-0.035,0.1066,-3.8415,-14.0244,2.439
1574147070596.0,0.0646,-0.0346,0.1097,-3.6585,-19.5732,-0.9756
1574147070596.0,0.0659,-0.0357,0.1099,-3.3537,-25.061,-7.1951
1574147070597.0,0.0709,-0.038,0.104,-5.3659,-26.5244,-8.0488
1574147070598.0,0.0743,-0.0375,0.0997,-7.0732,-18.2927,-5.8537
1574147070639.0,0.0622,-0.02,0.0986,-5.5488,-8.1098,-8.1098
1574147070639.0,0.0542,-0.0296,0.0986,-9.6951,2.9878,-14.5732
1574147070640.0,0.0665,-0.0288,0.1057,-18.4146,4.3293,-19.0244
1574147070641.0,0.08,-0.0211,0.1036,-27.7439,-18.9024,-15.7317
1574147070641.0,0.0708,-0.0275,0.0967,-25.7317,-10.4268,-9.3902
1574147070684.0,0.0652,-0.0266,0.0955,-20.3659,5.8537,-17.8659
1574147070685.0,0.0677,-0.0282,0.1,-19.939,3.9024,-15.122
1574147070685.0,0.0677,-0.0308,0.1003,-18.0488,-6.1585,-3.1707
1574147070686.0,0.0699,-0.0303,0.1012,-15.2439,-17.0732,1.4634
1574147070729.0,0.0691,-0.0295,0.1035,-12.9268,-20.122,0.1829
1574147070730.0,0.0671,-0.0305,0.1027,-9.939,-19.6341,-0.3659
1574147070731.0,0.0731,-0.0331,0.1111,-7.8659,-22.9268,1.4024
1574147070732.0,0.0735,-0.0341,0.1119,-7.5,-27.561,2.9878
1574147070733.0,0.0678,-0.0369,0.105,-8.7195,-32.9268,5.061
1574147070774.0,0.0659,-0.0432,0.1,-9.4512,-34.7561,2.7439
1574147070775.0,0.0691,-0.0468,0.0971,-8.5976,-33.7195,-1.2195
1574147070776.0,0.0762,-0.0492,0.0941,-8.1098,-37.0732,-2.8049
1574147070777.0,0.0806,-0.0522,0.0898,-7.5,-43.1707,-4.1463
1574147070819.0,0.0841,-0.0547,0.0874,-5.4268,-47.8659,-5.4878
1574147070820.0,0.089,-0.0543,0.0856,-2.439,-46.9512,-5.9146
1574147070821.0,0.0931,-0.051,0.0852,2.622,-41.0366,-5.9146
1574147070822.0,0.0936,-0.0475,0.086,6.6463,-32.2561,-5.122
1574147070823.0,0.0917,-0.0445,0.0874,9.2683,-21.7683,-4.878
1574147070864.0,0.0886,-0.041,0.0865,10.6707,-10.7927,-5.6098
1574147070865.0,0.0834,-0.0384,0.0876,11.2805,-1.5854,-5.0
1574147070866.0,0.0816,-0.0349,0.0864,12.3171,4.2073,-3.4756
1574147070867.0,0.0837,-0.0312,0.0899,12.378,7.622,-1.1585
1574147070909.0,0.0826,-0.0289,0.0943,10.3659,10.7927,1.4024
1574147070909.0,0.0766,-0.0262,0.0956,9.2683,14.1463,2.439
1574147070910.0,0.0702,-0.0258,0.097,8.3537,15.9146,2.8049
1574147070911.0,0.0694,-0.0266,0.0986,6.8902,15.1829,4.6341
1574147070911.0,0.0657,-0.0281,0.1006,4.1463,10.4878,6.5244
1574147070954.0,0.0721,-0.032,0.1042,1.5854,3.8415,6.8293
1574147070954.0,0.0809,-0.0318,0.1023,-1.2805,1.2195,5.1829
1574147070955.0,0.0755,-0.0322,0.1013,-4.5122,-2.5,5.4268
1574147070956.0,0.0732,-0.0358,0.0996,-5.122,-2.8049,5.2439
1574147070956.0,0.0754,-0.0369,0.0981,-5.4878,-3.4756,2.3171
1574147071000.0,0.0782,-0.0372,0.0981,-5.8537,-7.1341,0.6707
1574147071044.0,0.0792,-0.0383,0.0969,-5.1829,-9.4512,-0.6098
1574147071044.0,0.0797,-0.0383,0.0958,-3.7805,-9.939,-1.7073
1574147071089.0,0.0801,-0.0378,0.0939,-2.3171,-10.122,-2.5
1574147071090.0,0.0812,-0.0377,0.0933,-1.5244,-10.8537,-3.3537
1574147071090.0,0.083,-0.038,0.0925,-1.3415,-11.3415,-4.5122
1574147071091.0,0.084,-0.0377,0.0906,-1.1585,-12.0122,-4.878
1574147071091.0,0.084,-0.0385,0.0892,-1.2805,-11.6463,-4.3902
1574147071092.0,0.0833,-0.0391,0.0908,-0.9756,-9.6341,-3.7805
1574147071093.0,0.0823,-0.0394,0.0897,-0.6098,-7.3171,-2.8049
1574147071093.0,0.0812,-0.0384,0.0891,0.061,-4.5732,-1.6463
1574147071094.0,0.0787,-0.0368,0.0901,0.3049,-3.3537,-0.6707
1574147071095.0,0.0795,-0.0369,0.0919,-0.122,-3.5976,0.3659
1574147071134.0,0.0834,-0.0377,0.0928,-1.0976,-4.8171,0.8537
1574147071135.0,0.0839,-0.0378,0.0937,-2.1951,-4.939,1.3415
1574147071179.0,0.0814,-0.0377,0.0937,-1.8293,-2.0122,2.0122
1574147071180.0,0.0781,-0.0371,0.0941,-1.2805,1.8293,2.622
1574147071181.0,0.0768,-0.036,0.0962,-1.2805,3.5976,2.439
1574147071182.0,0.0763,-0.0358,0.0976,-1.8293,1.9512,1.7683
1574147071183.0,0.0779,-0.037,0.0978,-3.4146,-1.4024,0.7317
1574147071183.0,0.0789,-0.0369,0.0956,-4.8171,-2.9268,-1.0976
1574147071184.0,0.0782,-0.0348,0.0939,-5.3659,-3.5976,-2.9878
1574147071185.0,0.0769,-0.033,0.0933,-5.4268,-3.9634,-4.2683
1574147071224.0,0.0776,-0.033,0.0941,-5.7317,-6.2195,-5.4268
1574147071225.0,0.0806,-0.0325,0.0951,-6.7073,-10.7317,-6.3415
1574147071226.0,0.0836,-0.032,0.0939,-7.561,-14.2073,-6.3415
1574147071227.0,0.0842,-0.0322,0.0923,-7.378,-14.0854,-5.9756
1574147071269.0,0.0825,-0.0324,0.0925,-6.2805,-11.1585,-5.8537
1574147071270.0,0.0803,-0.0326,0.0931,-5.3049,-8.8415,-5.5488
1574147071271.0,0.0803,-0.0326,0.0931,-4.7561,-9.2683,-4.4512
1574147071272.0,0.081,-0.0331,0.092,-4.939,-11.0976,-3.7195
1574147071273.0,0.0828,-0.0344,0.0903,-5.122,-12.561,-2.9878
1574147071314.0,0.0841,-0.036,0.0909,-5.2439,-13.5976,-2.0122
1574147071315.0,0.0845,-0.0374,0.0899,-4.7561,-13.9634,-1.1585
1574147071316.0,0.0842,-0.0383,0.0892,-4.2683,-13.4756,-0.3049
1574147071317.0,0.0825,-0.0386,0.0883,-3.4146,-12.8659,0.0
1574147071359.0,0.0819,-0.0387,0.088,-2.8659,-13.1707,0.6098
1574147071361.0,0.0803,-0.0385,0.0875,-2.6829,-14.878,1.5244
1574147071362.0,0.0833,-0.0402,0.0881,-3.4756,-18.5366,2.3171
1574147071363.0,0.0836,-0.0409,0.088,-4.3902,-20.7927,2.1951
1574147071364.0,0.0852,-0.0419,0.0873,-4.6951,-23.1098,3.1707
1574147071404.0,0.0873,-0.0438,0.0858,-5.7317,-22.439,4.0244
1574147071405.0,0.0867,-0.045,0.0861,-5.4268,-19.4512,3.9024
1574147071406.0,0.0858,-0.0449,0.0869,-4.0854,-16.0366,4.5122
1574147071407.0,0.087,-0.0444,0.087,-3.1707,-14.2683,5.0
1574147071449.0,0.0884,-0.0447,0.0858,-2.5,-12.9268,3.9634
1574147071450.0,0.0891,-0.044,0.0863,-2.3171,-11.2195,2.8049
1574147071494.0,0.0883,-0.0422,0.0855,-1.8902,-8.1707,2.6829
1574147071495.0,0.0858,-0.0404,0.086,-1.0976,-4.939,1.8293
1574147071496.0,0.0855,-0.0383,0.0869,-0.1829,-3.4146,1.0976
1574147071497.0,0.0852,-0.037,0.0883,-0.061,-3.7195,1.8902
1574147071498.0,0.0839,-0.0358,0.0896,0.0,-5.5488,2.0732
1574147071499.0,0.084,-0.035,0.0899,-0.6098,-7.8659,1.7073
1574147071499.0,0.0834,-0.0333,0.0892,-1.5854,-9.1463,1.7683
1574147071500.0,0.0817,-0.0325,0.0898,-1.8293,-12.2561,1.2195
1574147071539.0,0.083,-0.0328,0.0889,-2.7439,-18.9024,0.7317
1574147071540.0,0.0881,-0.0332,0.0868,-4.4512,-25.9756,0.6707
1574147071541.0,0.0913,-0.0336,0.0851,-6.0366,-29.4512,0.3049
1574147071542.0,0.0919,-0.0335,0.0837,-6.7683,-29.5732,0.3659
1574147071584.0,0.0925,-0.0341,0.0843,-7.3171,-28.5366,2.2561
1574147071585.0,0.0935,-0.0352,0.084,-7.9268,-28.1098,3.3537
1574147071585.0,0.0933,-0.0338,0.084,-8.5976,-27.8049,3.3537
1574147071586.0,0.0889,-0.031,0.0834,-10.061,-28.4146,4.5732
1574147071586.0,0.0854,-0.0298,0.082,-12.2561,-30.7927,5.7927
1574147071629.0,0.085,-0.0302,0.0804,-15.1829,-38.0488,7.9268
1574147071629.0,0.0876,-0.032,0.0801,-19.5732,-52.9268,11.0366
1574147071630.0,0.0933,-0.0345,0.0806,-25.9146,-69.0244,12.5
1574147071631.0,0.1013,-0.0372,0.0848,-32.1341,-80.061,12.378
1574147071674.0,0.1138,-0.0391,0.0888,-37.1341,-87.439,12.5
1574147071674.0,0.1236,-0.0353,0.0869,-42.0732,-88.4756,16.2805
1574147071675.0,0.1182,-0.0342,0.0657,-45.7317,-79.1463,19.6951
1574147071676.0,0.099,-0.0334,0.0494,-44.5732,-70.8537,19.0854
1574147071676.0,0.0865,-0.0261,0.0526,-30.9756,-76.9512,15.3049
1574147071720.0,0.0934,-0.0261,0.0656,-20.8537,-88.9024,7.6829
1574147071764.0,0.1207,-0.0292,0.0731,-26.0366,-98.4756,5.7927
1574147071764.0,0.1367,-0.0135,0.0702,-31.5854,-99.8781,10.9756
1574147071765.0,0.1445,-0.0081,0.0674,-24.7561,-87.3171,7.9878
1574147071766.0,0.134,-0.046,0.0715,-8.7195,-84.2073,-21.5854
1574147071767.0,0.1103,-0.0536,0.0601,-23.2927,-85.3049,-8.1707
1574147071767.0,0.0945,-0.0493,0.0422,-21.7683,-64.0854,8.8415
1574147071768.0,0.0912,-0.0461,0.0322,-10.7927,-56.8902,-3.8415
1574147071769.0,0.1061,-0.0459,0.0223,-7.0122,-65.5488,-7.0122
1574147071809.0,0.139,-0.047,0.0259,-6.6463,-72.0732,0.7927
1574147071809.0,0.162,-0.0495,0.035,-6.1585,-63.1098,6.4024
1574147071810.0,0.1535,-0.0537,0.0436,-0.6707,-30.4268,8.6585
1574147071811.0,0.1243,-0.0589,0.0421,7.3171,14.1463,10.0
1574147071854.0,0.0997,-0.0577,0.0427,16.5854,51.0976,13.9634
1574147071855.0,0.0901,-0.0549,0.0511,20.6098,67.0122,17.561
1574147071855.0,0.087,-0.0555,0.056,17.8659,68.2317,18.2317
1574147071856.0,0.0826,-0.0573,0.0595,14.7561,66.8902,18.0488
1574147071856.0,0.0857,-0.0626,0.0599,13.5976,65.1829,17.7439
1574147071899.0,0.0907,-0.0612,0.0595,13.7195,62.561,17.0122
1574147071900.0,0.0903,-0.057,0.0651,15.3659,63.7805,16.5244
1574147071901.0,0.0822,-0.059,0.071,14.8171,76.4634,15.2439
1574147071901.0,0.0807,-0.0603,0.0721,18.2927,91.5854,12.1341
1574147071944.0,0.0886,-0.067,0.0817,22.0122,97.5,9.0854
1574147071945.0,0.0969,-0.0638,0.0761,24.6341,96.6463,7.622
1574147071946.0,0.0924,-0.0649,0.0739,29.878,104.5122,6.8902
1574147071946.0,0.079,-0.0727,0.0811,30.7927,124.8171,4.7561
1574147071947.0,0.0754,-0.0716,0.0696,32.378,138.6585,3.7805
1574147071989.0,0.0811,-0.0679,0.0699,36.4024,147.3781,2.561
1574147071989.0,0.0877,-0.0692,0.0742,39.7561,162.9268,-0.7927
1574147071990.0,0.0954,-0.0618,0.076,46.2195,181.8293,-1.4634
1574147071991.0,0.0875,-0.0566,0.0987,51.8293,200.3049,-0.2439
1574147072124.0,0.0751,-0.0498,0.1182,54.2073,217.1342,2.3171
1574147072125.0,0.0631,-0.0441,0.1217,52.622,220.6707,10.4268
1574147072126.0,0.0546,-0.051,0.1208,46.5244,201.2195,16.5244
1574147072127.0,0.0585,-0.063,0.11,38.0488,168.4756,18.2927
1574147072127.0,0.065,-0.0676,0.0914,29.2073,134.5732,21.1585
1574147072128.0,0.0673,-0.0652,0.0853,22.8049,105.1829,25.3049
1574147072129.0,0.0806,-0.0627,0.0956,16.4634,74.4512,30.3659
1574147072129.0,0.0959,-0.0604,0.11,9.4512,40.7927,38.1707
1574147072130.0,0.0921,-0.0579,0.1205,4.5122,17.439,50.122
1574147072131.0,0.0799,-0.0591,0.1218,5.1829,9.3293,61.5854
1574147072169.0,0.0735,-0.063,0.1184,5.9756,11.0976,69.939
1574147072170.0,0.0719,-0.0659,0.1143,6.2805,14.878,75.6098
1574147072170.0,0.0704,-0.0666,0.1108,6.7683,15.1829,80.122
1574147072171.0,0.0608,-0.0654,0.1082,7.0732,9.939,83.9634
1574147072171.0,0.0494,-0.0649,0.0994,6.6463,-2.1951,88.4146
1574147072172.0,0.0368,-0.0652,0.0886,2.9268,-26.5244,91.8902
1574147072173.0,0.0201,-0.0652,0.0859,-1.2195,-58.1707,92.1951
1574147072173.0,0.0074,-0.0659,0.0829,-4.5732,-92.3781,89.4512
1574147072174.0,0.0031,-0.0698,0.0681,-6.6463,-122.8049,82.1951
1574147072214.0,0.009,-0.0746,0.0467,-4.939,-144.2683,71.4024
1574147072215.0,0.0272,-0.0753,0.0397,2.439,-162.3781,58.1098
1574147072216.0,0.0494,-0.0659,0.0551,11.5854,-175.8537,42.1341
1574147072217.0,0.0502,-0.0554,0.0831,20.122,-172.1342,27.3171
1574147072259.0,0.0333,-0.0519,0.1049,26.7073,-149.3293,10.9146
1574147072260.0,0.0129,-0.0484,0.1151,30.5488,-116.7073,-3.4146
1574147072261.0,0.0039,-0.0452,0.1136,33.9024,-91.7683,-14.939
1574147072262.0,0.0106,-0.0423,0.1017,29.0854,-78.4146,-29.6341
1574147072263.0,0.0159,-0.0335,0.0917,21.8293,-74.0244,-43.3537
1574147072304.0,0.0257,-0.0296,0.0782,16.2195,-73.3537,-52.1951
1574147072305.0,0.0397,-0.0282,0.0606,10.4878,-76.0976,-60.9146
1574147072306.0,0.0667,-0.0247,0.0607,9.878,-88.9024,-66.4024
1574147072307.0,0.1147,-0.016,0.069,9.8171,-105.122,-67.9268
1574147072307.0,0.1476,-0.0017,0.0881,9.5122,-113.3537,-66.7683
1574147072349.0,0.1622,-0.0023,0.1046,8.9634,-108.8415,-69.7561
1574147072350.0,0.1525,-0.0085,0.0972,8.2927,-77.7439,-75.6098
1574147072351.0,0.1231,-0.0059,0.0946,16.7683,-34.0854,-73.1707
1574147072352.0,0.109,-0.0056,0.0908,27.7439,-17.0732,-64.8781
1574147072394.0,0.1107,-0.0001,0.0777,20.1829,-28.1098,-49.2073
1574147072395.0,0.1103,0.0193,0.0877,15.1829,-53.7805,-36.4634
1574147072396.0,0.1403,0.0167,0.0928,5.2439,-78.3537,-28.5366
1574147072397.0,0.1754,-0.0098,0.1027,-10.2439,-104.6341,-14.7561
1574147072397.0,0.1525,-0.0137,0.0801,-20.6707,-121.7683,-3.5366
1574147072439.0,0.1047,-0.009,0.0538,-8.7805,-101.3415,-4.5122
1574147072440.0,0.0801,-0.0115,0.0471,4.939,-81.5854,-21.2805
1574147072441.0,0.0691,-0.0113,0.0476,2.0122,-81.3415,-29.6341
1574147072442.0,0.0753,-0.008,0.0475,-4.3902,-93.9024,-22.1951
1574147072484.0,0.0925,-0.0057,0.0461,-2.9878,-110.4878,-15.4878
1574147072485.0,0.1069,-0.0079,0.0487,0.4878,-115.8537,-12.1951
1574147072486.0,0.123,-0.0157,0.0543,3.9024,-114.3902,-19.5732
1574147072487.0,0.1342,-0.0194,0.0593,5.1829,-98.2317,-25.1829
1574147072488.0,0.1396,-0.0239,0.0657,3.8415,-72.9268,-23.3537
1574147072529.0,0.1337,-0.0306,0.0632,3.9634,-42.378,-22.0122
1574147072531.0,0.1261,-0.0398,0.066,3.0488,-21.5244,-18.7195
1574147072531.0,0.1213,-0.0474,0.0698,0.4268,-20.9756,-14.2683
1574147072532.0,0.1113,-0.0493,0.066,-6.5244,-43.1707,-12.8049
1574147072574.0,0.0966,-0.0469,0.0639,-14.5122,-68.2927,-13.5366
1574147072576.0,0.0872,-0.0429,0.0616,-20.6707,-88.1098,-17.1951
1574147072576.0,0.0905,-0.0407,0.0541,-25.2439,-107.561,-19.878
1574147072577.0,0.0981,-0.0423,0.0515,-30.6098,-126.2805,-17.5
1574147072578.0,0.1033,-0.0455,0.0559,-35.8537,-138.0488,-16.2805
1574147072619.0,0.1113,-0.0468,0.0511,-41.2805,-140.7927,-17.2561
1574147072620.0,0.1191,-0.0463,0.045,-42.2561,-140.1219,-17.378
1574147072621.0,0.1247,-0.0473,0.0374,-42.8659,-141.5854,-15.5488
1574147072622.0,0.1235,-0.0445,0.0262,-44.939,-142.8659,-15.5488
1574147072623.0,0.1217,-0.0373,0.015,-42.378,-140.6707,-19.6951
1574147072664.0,0.1235,-0.0314,0.0126,-37.7439,-134.6951,-20.9756
1574147072665.0,0.1263,-0.028,0.0085,-33.2317,-123.1707,-16.8293
1574147072666.0,0.1301,-0.0263,-0.0017,-27.561,-105.2439,-11.8293
1574147072667.0,0.1298,-0.0248,-0.0098,-20.4878,-90.9146,-8.7805
1574147072709.0,0.1381,-0.0255,-0.0151,-14.878,-88.9634,-6.0976
1574147072710.0,0.1529,-0.027,-0.0009,-11.7683,-92.2561,-5.061
1574147072711.0,0.1577,-0.0296,0.0229,-8.9024,-85.061,-3.2927
1574147072712.0,0.1505,-0.0322,0.0211,-4.3293,-63.7195,-5.6098
1574147072713.0,0.1348,-0.0317,0.0033,2.3171,-40.122,-7.8049
1574147072754.0,0.1225,-0.0331,-0.0142,6.4024,-26.3415,-2.1341
1574147072756.0,0.1176,-0.0356,-0.0125,9.939,-22.378,1.1585
1574147072756.0,0.1268,-0.0316,-0.0009,11.3415,-29.4512,-2.0732
1574147072757.0,0.1408,-0.0205,0.0004,10.7927,-44.4512,-5.9146
1574147072799.0,0.1421,-0.0148,0.0009,10.0,-52.0732,-2.1951
1574147072800.0,0.1445,-0.0136,0.0093,8.8415,-41.0366,0.8537
1574147072801.0,0.1587,-0.0067,0.0179,11.9512,-14.5122,0.9756
1574147072802.0,0.1728,-0.0045,0.0331,15.1829,18.9634,5.1829
1574147072803.0,0.1706,-0.0073,0.0392,7.6829,50.8537,10.2439
1574147072844.0,0.1675,-0.0105,0.0406,-3.4146,81.8293,16.8902
1574147072845.0,0.1592,-0.0153,0.036,-10.5488,127.5,21.8293
1574147072846.0,0.1402,-0.0186,0.0283,-16.2805,186.2805,23.1707
1574147072847.0,0.1152,-0.0201,0.0257,-18.0488,233.1098,22.1341
1574147072889.0,0.0995,-0.0245,0.0256,-19.3902,249.1463,19.1463
1574147072890.0,0.0965,-0.0309,0.0269,-24.8171,238.9634,15.3659
1574147072890.0,0.0921,-0.0387,0.0306,-30.9146,216.9512,12.6829
1574147072891.0,0.0825,-0.0407,0.0399,-32.7439,193.9025,9.5732
1574147072891.0,0.0786,-0.0383,0.0538,-30.6098,167.9268,4.6341
1574147072934.0,0.0851,-0.0394,0.0552,-29.4512,141.6463,-2.8049
1574147072935.0,0.0878,-0.04,0.048,-27.0732,114.5732,-7.622
1574147072935.0,0.0901,-0.042,0.0397,-24.5122,83.7805,-7.6829
1574147072936.0,0.1013,-0.0499,0.0339,-22.0732,55.4878,-8.4146
1574147072979.0,0.1136,-0.0464,0.031,-15.061,32.1951,-8.6585
1574147072980.0,0.1317,-0.0436,0.0307,-8.7805,11.5854,-5.8537
1574147072981.0,0.1499,-0.0473,0.033,-10.6098,4.6951,-0.9146
1574147072982.0,0.148,-0.0493,0.0386,-12.1951,13.4756,5.7927
1574147072983.0,0.1316,-0.0499,0.0489,-10.3049,33.8415,7.561
1574147073024.0,0.114,-0.0468,0.0494,-7.2561,64.6951,2.378
1574147073025.0,0.0871,-0.0467,0.0455,-4.2683,89.6951,1.3415
1574147073025.0,0.0568,-0.0455,0.0434,2.3171,98.6585,3.1098
1574147073026.0,0.0596,-0.0391,0.0418,7.0122,80.9146,-0.9146
1574147073026.0,0.1002,-0.0405,0.0441,3.7195,33.4756,-8.4146
1574147073069.0,0.1324,-0.0439,0.0567,-1.2805,-12.7439,-8.2317
1574147073070.0,0.1436,-0.0451,0.0728,-3.3537,-27.9878,-0.6707
1574147073070.0,0.1439,-0.0429,0.0688,0.122,-10.2439,-0.7927
1574147073071.0,0.1183,-0.0367,0.0591,9.5732,31.8293,-2.378
1574147073114.0,0.1191,-0.0432,0.0535,9.6341,48.4756,-6.5244
1574147073115.0,0.1187,-0.045,0.0479,8.3537,44.6951,-4.1463
1574147073116.0,0.1048,-0.0367,0.0507,9.6341,43.3537,1.3415
1574147073117.0,0.0894,-0.0274,0.0555,13.6585,43.1098,-2.9878
1574147073117.0,0.0862,-0.0209,0.0594,13.6585,33.5366,-8.0488
1574147073159.0,0.0894,-0.0152,0.0658,12.8049,21.4634,-8.5366
1574147073160.0,0.0947,-0.012,0.0717,13.2927,10.5488,-5.7317
1574147073161.0,0.101,-0.0135,0.0728,12.439,7.7439,-6.1585
1574147073162.0,0.1235,-0.0168,0.071,8.9024,11.1585,-8.7805
1574147073204.0,0.1349,-0.0183,0.0666,7.6829,18.1707,-5.122
1574147073205.0,0.1235,-0.0226,0.0637,10.061,32.9268,0.5488
1574147073206.0,0.1096,-0.0269,0.0618,11.2805,48.9024,0.2439
1574147073207.0,0.0993,-0.0272,0.0576,10.3659,54.2073,1.4024
1574147073207.0,0.0981,-0.0255,0.0555,10.8537,58.0488,5.6707
1574147073249.0,0.1065,-0.0253,0.0573,14.939,59.3902,7.0732
1574147073250.0,0.1037,-0.0292,0.0576,17.7439,61.2195,7.9268
1574147073251.0,0.0952,-0.033,0.0572,20.1829,69.0244,6.2195
1574147073294.0,0.1032,-0.0355,0.0679,23.3537,75.122,4.6951
1574147073295.0,0.1174,-0.0374,0.0779,25.6707,70.7317,4.1463
1574147073296.0,0.1068,-0.0375,0.0783,27.0122,64.939,2.9878
1574147073297.0,0.101,-0.0395,0.0796,27.9268,59.2683,-1.8293
1574147073298.0,0.1051,-0.0441,0.0781,21.4634,43.0488,1.2805
1574147073299.0,0.1015,-0.0438,0.0777,14.3293,33.5366,9.4512
1574147073339.0,0.0974,-0.0384,0.0831,14.878,35.4268,5.9146
1574147073340.0,0.0911,-0.0334,0.0855,14.3293,37.1951,2.7439
1574147073341.0,0.0882,-0.0329,0.0818,11.5854,32.0122,1.2195
1574147073342.0,0.0897,-0.0327,0.0768,9.6341,24.5732,0.3659
1574147073343.0,0.0894,-0.0317,0.0743,7.622,18.1098,0.4268
1574147073384.0,0.0948,-0.0326,0.0746,6.2195,11.3415,-0.7927
1574147073386.0,0.1005,-0.0308,0.0756,5.9146,7.0732,-1.4024
1574147073387.0,0.104,-0.0287,0.0784,6.8902,8.5976,0.0
1574147073388.0,0.0995,-0.0287,0.0834,8.2927,12.1341,1.4634
1574147073429.0,0.0941,-0.03,0.0884,8.2927,15.122,2.2561
1574147073431.0,0.0865,-0.0305,0.0861,7.1951,15.5488,2.561
1574147073431.0,0.0806,-0.0303,0.0828,6.1585,10.4268,2.0732
1574147073432.0,0.0835,-0.0297,0.0853,5.3659,0.6098,1.0366
1574147073433.0,0.0945,-0.0286,0.0874,4.7561,-9.6951,-0.3659
1574147073474.0,0.095,-0.0278,0.085,3.3537,-14.2073,-0.9756
1574147073476.0,0.0944,-0.0283,0.0787,3.4756,-11.6463,-2.6829
1574147073476.0,0.1032,-0.0295,0.0781,4.6951,-13.7195,-5.0
1574147073477.0,0.1083,-0.0311,0.0808,4.939,-17.1341,-3.2927
1574147073520.0,0.1016,-0.0317,0.0815,5.8537,-14.5732,-1.4634
1574147073521.0,0.0954,-0.0294,0.081,7.7439,-10.122,-2.0732
1574147073522.0,0.0928,-0.0264,0.0781,8.1707,-11.3415,-3.1098
1574147073523.0,0.0897,-0.023,0.0809,7.439,-15.6707,-4.0244
1574147073524.0,0.0928,-0.0185,0.0855,7.0122,-19.1463,-6.4024
1574147073564.0,0.0915,-0.0178,0.0792,5.122,-21.6463,-7.7439
1574147073565.0,0.0986,-0.0217,0.0716,3.2927,-24.6341,-6.8902
1574147073566.0,0.1135,-0.0254,0.0664,3.9024,-28.6585,-4.2073
1574147073567.0,0.1174,-0.0288,0.0664,5.061,-25.4268,0.2439
1574147073610.0,0.1168,-0.0297,0.074,7.3171,-13.9024,0.9146
1574147073611.0,0.1035,-0.0278,0.08,8.9024,1.1585,0.3659
1574147073612.0,0.0989,-0.0256,0.0807,10.122,14.3293,0.3659
1574147073613.0,0.0968,-0.0231,0.0806,9.5122,16.8293,2.1951
1574147073614.0,0.0908,-0.025,0.0779,7.6829,14.0244,4.2683
1574147073655.0,0.0938,-0.0287,0.0747,5.9146,10.6098,2.9878
1574147073656.0,0.1042,-0.0319,0.0785,4.6951,3.1707,3.0488
1574147073657.0,0.1044,-0.0313,0.0837,2.6829,-1.2195,4.1463
1574147073658.0,0.1008,-0.0303,0.0797,0.4268,0.5488,2.8049
1574147073659.0,0.1046,-0.0276,0.0748,-0.8537,2.8659,-0.3049
1574147073699.0,0.1018,-0.0254,0.0772,-1.9512,6.0976,-0.061
1574147073700.0,0.0928,-0.0232,0.0792,-2.6829,11.9512,-0.122
1574147073701.0,0.0912,-0.0208,0.0808,-2.622,15.9146,-1.2195
1574147073702.0,0.0906,-0.0219,0.0821,-2.7439,12.1951,-1.0366
1574147073744.0,0.0904,-0.0234,0.0808,-3.6585,6.2805,-2.0122
1574147073745.0,0.0977,-0.0245,0.0794,-4.5732,0.1829,-3.5976
1574147073745.0,0.1047,-0.0251,0.0771,-5.3049,-4.2073,-3.1098
1574147073746.0,0.111,-0.0251,0.0728,-4.6951,-1.8902,-2.1951
1574147073747.0,0.1166,-0.0242,0.0737,-2.8049,4.939,0.061
1574147073790.0,0.1152,-0.0232,0.0746,0.6098,15.3049,2.9878
1574147073791.0,0.0997,-0.0229,0.0771,3.3537,29.8171,4.3902
1574147073791.0,0.0875,-0.0219,0.0803,6.3415,42.439,4.8171
1574147073792.0,0.0934,-0.0229,0.0831,8.2317,45.3049,6.2805
1574147073834.0,0.0994,-0.0254,0.0865,7.561,40.4878,10.0
1574147073835.0,0.0956,-0.028,0.0879,6.7683,39.7561,11.7683
1574147073836.0,0.0916,-0.0271,0.082,6.9512,41.8902,10.061
1574147073837.0,0.101,-0.0284,0.0726,7.2561,40.7927,9.6341
1574147073838.0,0.1052,-0.0305,0.0708,7.5,38.1098,10.6707
1574147073879.0,0.0968,-0.0302,0.0754,9.0244,44.6341,12.6829
1574147073880.0,0.0948,-0.0278,0.081,12.6829,51.6463,9.6341
1574147073880.0,0.0979,-0.0248,0.0858,15.0,53.2317,8.1098
1574147073881.0,0.0928,-0.0237,0.0878,16.1585,53.9634,9.3293
1574147073924.0,0.0817,-0.0226,0.0883,17.439,56.0366,9.3902
1574147073925.0,0.0762,-0.0225,0.0907,19.2683,58.3537,7.439
1574147073926.0,0.0779,-0.0225,0.0956,18.2927,50.6707,8.2317
1574147073927.0,0.0796,-0.0245,0.0981,16.2805,41.5244,10.6707
1574147073928.0,0.0748,-0.0318,0.0953,17.0122,37.9878,5.061
1574147073970.0,0.0787,-0.0256,0.0989,15.8537,38.3537,5.7927
1574147073971.0,0.0798,-0.0294,0.1005,15.1829,34.1463,6.5854
1574147073972.0,0.0854,-0.0313,0.1017,14.1463,27.9268,3.5976
1574147073972.0,0.0907,-0.033,0.1011,12.9268,22.6829,3.9634
1574147074014.0,0.0876,-0.0334,0.096,10.6707,21.5854,3.2317
1574147074016.0,0.084,-0.0306,0.0913,10.061,25.9756,1.8902
1574147074016.0,0.0859,-0.0273,0.0901,9.6951,29.8171,2.0122
1574147074017.0,0.0811,-0.0261,0.0922,9.2073,30.6707,3.4756
1574147074018.0,0.0765,-0.0258,0.0939,9.3293,30.3659,3.5976
1574147074059.0,0.0774,-0.0249,0.0955,8.6585,29.2683,2.9268
1574147074060.0,0.0764,-0.025,0.0971,7.1341,26.0976,4.3293
1574147074060.0,0.0733,-0.0257,0.0988,5.8537,20.9146,3.4756
1574147074061.0,0.075,-0.0255,0.0983,4.5732,15.4268,1.5244
1574147074062.0,0.0771,-0.0253,0.0982,2.561,8.5976,0.4268
1574147074104.0,0.0736,-0.0245,0.0997,0.5488,2.378,0.061
1574147074105.0,0.0768,-0.0226,0.0995,-0.9146,-2.1951,-2.0122
1574147074106.0,0.0844,-0.0257,0.0983,-3.3537,-7.2561,-3.7805
1574147074106.0,0.088,-0.0258,0.0977,-4.8171,-7.378,-2.8659
1574147074149.0,0.0847,-0.0185,0.095,-4.2683,-2.3171,-1.2805
1574147074150.0,0.074,-0.0152,0.0914,-4.3293,1.8293,-1.3415
1574147074151.0,0.0698,-0.0161,0.09,-2.7439,4.2683,-2.9878
1574147074152.0,0.075,-0.0173,0.0915,-1.1585,0.3659,-2.622
1574147074153.0,0.0789,-0.0211,0.0919,-1.2805,-7.3171,0.122
1574147074194.0,0.084,-0.026,0.0942,-0.6707,-12.2561,1.4024
1574147074195.0,0.094,-0.029,0.1021,0.6098,-15.3049,0.6098
1574147074196.0,0.0998,-0.0311,0.1068,0.3659,-15.6098,1.0976
1574147074197.0,0.0936,-0.0336,0.1019,-0.7317,-10.9756,2.561
1574147074239.0,0.0829,-0.0314,0.0942,-1.7683,-4.878,2.561
1574147074284.0,0.079,-0.0268,0.092,-1.5244,0.1829,0.061
1574147074285.0,0.0813,-0.0235,0.0926,-0.9756,1.6463,-1.2195
1574147074285.0,0.0823,-0.0211,0.0938,-0.4878,0.2439,-0.6707
1574147074286.0,0.0786,-0.0216,0.0948,0.122,-0.7317,-0.6707
1574147074287.0,0.0755,-0.0215,0.0948,1.0366,-0.9146,-1.0976
1574147074287.0,0.0731,-0.0219,0.0926,1.4024,-3.2927,-0.9756
1574147074288.0,0.0691,-0.0225,0.0921,1.5244,-6.7073,-0.7317
1574147074289.0,0.0736,-0.0236,0.0945,2.439,-7.2561,-1.2805
1574147074289.0,0.0836,-0.0244,0.0964,2.8659,-5.9756,-1.4024
1574147074329.0,0.0856,-0.0264,0.0969,2.622,-4.2073,-0.6098
1574147074330.0,0.0822,-0.0281,0.0967,2.561,-0.4878,-0.4878
1574147074331.0,0.0825,-0.0278,0.0973,2.439,1.9512,-0.8537
1574147074331.0,0.0802,-0.026,0.0977,1.3415,1.4024,-0.6098
1574147074374.0,0.0745,-0.0245,0.0967,0.4268,1.0366,-0.3049
1574147074375.0,0.0742,-0.0243,0.093,-0.5488,-1.2805,-1.4024
1574147074376.0,0.0749,-0.0244,0.0875,-2.0732,-7.8049,-1.9512
1574147074377.0,0.0786,-0.0239,0.0827,-2.9268,-16.2805,-1.8902
1574147074378.0,0.0888,-0.0223,0.0813,-3.8415,-24.6951,-2.0122
1574147074419.0,0.0888,-0.0189,0.0798,-5.1829,-27.9878,-1.0366
1574147074420.0,0.0788,-0.0144,0.0692,-5.122,-28.0488,-1.0366
1574147074422.0,0.0663,-0.0098,0.0513,-4.6341,-34.3293,-1.6463
1574147074423.0,0.0463,-0.0015,0.0385,-1.2805,-46.5854,-2.7439
1574147074464.0,0.0442,0.0074,0.0555,6.2195,-62.0122,-3.7195
1574147074465.0,0.0792,0.0128,0.1003,6.7073,-86.8902,-3.4756
1574147074466.0,0.1353,0.0132,0.136,-5.3049,-115.4878,-4.1463
1574147074467.0,0.1467,0.0135,0.1447,-16.1585,-124.8171,-5.061
1574147074468.0,0.1198,0.0063,0.0911,-31.3415,-111.5854,0.4878
1574147074509.0,0.1222,-0.0087,0.071,-57.1341,-104.1463,7.9268
1574147074511.0,0.1149,-0.0279,0.046,-76.7683,-116.4634,16.4024
1574147074511.0,0.1224,-0.0267,0.0942,-98.1707,-124.5732,29.0854
1574147074512.0,0.1937,-0.0173,0.155,-101.0366,-126.6463,24.878
1574147074554.0,0.2004,-0.0298,0.1627,-104.8781,-123.5366,-7.7439
1574147074555.0,0.1588,-0.0428,0.1412,-121.4024,-79.3902,-24.878
1574147074556.0,0.1033,-0.0361,0.1157,-133.3537,-7.7439,-29.939
1574147074557.0,0.0759,-0.0296,0.0896,-136.5244,38.2927,-34.0244
1574147074558.0,0.0931,-0.0313,0.0752,-144.2683,32.622,-34.7561
1574147074599.0,0.1167,-0.0289,0.0688,-145.7927,15.7317,-22.0122
1574147074600.0,0.1321,-0.028,0.0608,-136.5854,19.1463,-10.3049
1574147074601.0,0.1324,-0.0286,0.0497,-121.7683,46.2805,-11.0366
1574147074602.0,0.1281,-0.0347,0.0394,-106.3415,75.1829,-13.1707
1574147074644.0,0.1211,-0.0442,0.0378,-94.0854,98.4756,-14.5732
1574147074645.0,0.1094,-0.0462,0.0334,-81.2195,116.6463,-15.2439
1574147074646.0,0.094,-0.0458,0.0355,-67.8659,125.6707,-15.7927
1574147074647.0,0.0825,-0.0471,0.0381,-55.1829,126.8902,-16.3415
1574147074647.0,0.0828,-0.0486,0.044,-45.061,121.5244,-16.4634
1574147074734.0,0.0799,-0.0461,0.0462,-37.9268,108.9024,-19.6341
1574147074736.0,0.0738,-0.0463,0.0471,-28.5366,92.7439,-20.6098
1574147074736.0,0.0718,-0.0542,0.0522,-20.8537,72.8659,-18.2317
1574147074737.0,0.0754,-0.0579,0.0548,-19.3293,46.7683,-19.8171
1574147074738.0,0.0715,-0.0495,0.0577,-16.0366,24.878,-22.561
1574147074739.0,0.0635,-0.0445,0.056,-9.8171,8.6585,-24.1463
1574147074740.0,0.0617,-0.05,0.053,-4.0854,-3.8415,-21.4024
1574147074740.0,0.0715,-0.0574,0.0521,-1.0976,-17.3171,-16.8902
1574147074779.0,0.0797,-0.0634,0.0558,-0.2439,-33.2927,-17.439
1574147074780.0,0.0815,-0.0577,0.0582,2.9878,-45.061,-18.7805
1574147074781.0,0.0827,-0.0543,0.0667,8.2317,-47.439,-17.439
1574147074782.0,0.0922,-0.0552,0.0765,13.0488,-44.5732,-17.8049
1574147074783.0,0.0994,-0.0572,0.0829,14.8171,-30.3049,-13.4756
1574147074783.0,0.0956,-0.0596,0.0865,15.6707,-8.9024,-6.6463
1574147074869.0,0.0928,-0.0645,0.0831,17.8049,10.122,-4.4512
1574147074871.0,0.0873,-0.0665,0.0735,18.2927,20.1829,-1.6463
1574147074871.0,0.079,-0.0584,0.0785,21.9512,21.5854,2.2561
1574147074872.0,0.0774,-0.0532,0.0847,23.6585,15.5488,4.1463
1574147074873.0,0.0667,-0.0518,0.0862,21.8293,6.0366,8.9024
1574147074874.0,0.057,-0.0502,0.0829,20.8537,-8.5976,10.0
1574147074875.0,0.0569,-0.0494,0.0765,20.1829,-31.4024,6.8902
1574147074875.0,0.064,-0.0483,0.071,18.0488,-63.4756,4.6341
1574147074876.0,0.0793,-0.046,0.0739,17.2561,-100.3049,2.1951
1574147074914.0,0.0968,-0.0477,0.0801,15.061,-131.4024,1.4024
1574147074915.0,0.1049,-0.0472,0.08,10.6707,-144.6342,1.6463
1574147074916.0,0.1108,-0.0467,0.0742,9.3293,-142.561,2.0122
1574147074917.0,0.1179,-0.0492,0.0725,10.7317,-135.8537,6.0976
1574147074959.0,0.1121,-0.0518,0.0597,8.9634,-128.5366,6.4634
1574147074960.0,0.0947,-0.0491,0.0425,7.9878,-120.2439,4.1463
1574147074961.0,0.0868,-0.0444,0.032,14.0244,-115.1829,0.7927
1574147074962.0,0.0948,-0.0449,0.0372,17.439,-123.9024,1.9512
1574147074963.0,0.1149,-0.0471,0.0558,15.3659,-140.3049,2.2561
1574147075004.0,0.1311,-0.0498,0.0736,11.8293,-143.9024,-0.9756
1574147075049.0,0.1412,-0.0502,0.0825,8.4756,-118.4756,-4.6341
1574147075094.0,0.1422,-0.0438,0.0799,7.622,-65.0,-5.122
1574147075096.0,0.1308,-0.0365,0.0678,10.3049,-7.6829,-3.8415
1574147075097.0,0.1153,-0.0345,0.053,11.8902,30.1829,-4.5122
1574147075098.0,0.1098,-0.0366,0.0449,9.939,40.061,-4.0244
1574147075098.0,0.1097,-0.0316,0.0508,10.2439,26.2805,-3.7195
1574147075099.0,0.1133,-0.0254,0.0635,9.0854,4.4512,-2.2561
1574147075099.0,0.1235,-0.0248,0.072,5.061,-10.122,-2.6829
1574147075099.0,0.135,-0.0255,0.072,1.4024,-10.3049,-4.7561
1574147075100.0,0.1419,-0.0239,0.0687,0.122,6.2805,-6.4024
1574147075100.0,0.1295,-0.0234,0.0618,-1.4024,33.9024,-8.8415
1574147075139.0,0.1115,-0.0254,0.0583,-2.6829,56.5244,-11.4024
1574147075140.0,0.1105,-0.0338,0.0529,-3.7195,60.4268,-15.2439
1574147075141.0,0.113,-0.0363,0.0545,-8.9024,44.2683,-13.7805
1574147075141.0,0.11,-0.0385,0.0542,-13.4146,18.3537,-8.7195
1574147075142.0,0.0828,-0.0359,0.0443,-15.6098,-3.8415,-6.3415
1574147075142.0,0.0676,-0.0292,0.0428,-11.6463,-27.561,-5.3659
1574147075185.0,0.08,-0.0332,0.0372,-12.8049,-64.6951,-6.8902
1574147075186.0,0.0871,-0.0376,0.0245,-17.9268,-109.0244,-6.4024
1574147075186.0,0.0918,-0.0381,0.0238,-17.561,-147.5,-5.122
1574147075187.0,0.1025,-0.0393,0.0283,-19.0244,-177.8049,-4.8171
1574147075188.0,0.1058,-0.0375,0.0262,-22.439,-197.8049,-3.4756
1574147075230.0,0.0978,-0.0354,0.0179,-19.939,-203.2927,-0.5488
1574147075231.0,0.1057,-0.0361,0.0107,-13.4756,-203.8415,1.7073
1574147075232.0,0.1301,-0.0361,0.0081,-9.0244,-209.0244,4.3293
1574147075232.0,0.157,-0.0351,0.0097,-5.7317,-217.1951,7.378
1574147075275.0,0.1644,-0.0355,0.0188,-1.9512,-214.5122,8.2927
1574147075276.0,0.1593,-0.0381,0.0237,1.5244,-192.5,6.7683
1574147075276.0,0.1482,-0.0383,0.0219,8.4146,-152.3781,4.8171
1574147075277.0,0.1379,-0.0381,0.0176,16.4634,-107.9268,7.0122
1574147075278.0,0.1382,-0.0398,0.0168,23.2317,-70.4878,7.5
1574147075320.0,0.1322,-0.0379,0.0165,29.0854,-41.4024,7.1341
1574147075321.0,0.1262,-0.0324,0.0232,38.1098,-11.1585,6.4024
1574147075321.0,0.1296,-0.0321,0.0286,48.4146,25.2439,5.9146
1574147075322.0,0.1343,-0.0345,0.0256,57.2561,65.5488,6.8902
1574147075365.0,0.1372,-0.0359,0.0135,68.0488,112.622,11.3415
1574147075366.0,0.1314,-0.0389,0.0072,79.6951,154.939,18.5366
1574147075366.0,0.1292,-0.0408,0.0089,85.7927,187.6219,21.8293
1574147075367.0,0.1286,-0.0372,0.0215,90.4268,217.5,22.5
1574147075368.0,0.1265,-0.0338,0.0432,91.0366,240.8537,20.4268
1574147075409.0,0.1249,-0.0352,0.0596,86.3415,258.0488,17.0122
1574147075410.0,0.1216,-0.0393,0.0701,80.9146,271.8293,15.3659
1574147075411.0,0.1174,-0.0417,0.0742,74.6341,281.7683,17.622
1574147075413.0,0.1045,-0.0425,0.0775,68.1098,287.6219,20.5488
1574147075413.0,0.0814,-0.0412,0.079,58.3537,282.8049,20.6707
1574147075455.0,0.0649,-0.0375,0.0778,50.061,263.4146,19.939
1574147075456.0,0.062,-0.0378,0.0751,41.4634,231.5854,19.0854
1574147075457.0,0.0793,-0.0414,0.0667,34.7561,193.3537,16.5854
1574147075458.0,0.1113,-0.0415,0.064,32.561,158.1098,14.6951
1574147075499.0,0.1417,-0.0424,0.0724,29.6341,133.0488,12.622
1574147075500.0,0.1417,-0.0386,0.0867,27.6829,130.6707,11.1585
1574147075500.0,0.1069,-0.0355,0.0947,32.2561,153.8415,10.8537
1574147075501.0,0.0652,-0.0342,0.097,42.622,183.0488,11.9512
1574147075502.0,0.0457,-0.0334,0.0966,48.2927,186.8293,14.4512
1574147075544.0,0.053,-0.0342,0.0952,42.2561,156.7683,15.8537
1574147075545.0,0.0661,-0.0366,0.0955,30.4878,113.1707,17.6829
1574147075545.0,0.0767,-0.0362,0.0933,24.1463,83.8415,18.9024
1574147075546.0,0.0826,-0.0361,0.0917,22.9878,76.4634,18.5366
1574147075589.0,0.0887,-0.0372,0.0876,23.2927,78.1707,17.7439
1574147075590.0,0.098,-0.0354,0.0901,25.6707,77.8049,19.7561
1574147075591.0,0.0945,-0.032,0.0926,28.3537,79.4512,21.4024
1574147075592.0,0.0739,-0.0281,0.0952,32.561,90.9756,21.5854
1574147075592.0,0.0562,-0.0237,0.0993,38.6585,102.3781,21.4024
1574147075635.0,0.0477,-0.0225,0.0999,38.7195,98.2927,20.8537
1574147075636.0,0.0468,-0.023,0.0974,35.5488,80.9146,20.1829
1574147075637.0,0.0539,-0.0231,0.0987,32.378,59.5732,19.5732
1574147075638.0,0.0656,-0.0238,0.1035,27.7439,40.9756,19.3902
1574147075680.0,0.0688,-0.0231,0.1027,24.0244,29.2073,18.4146
1574147075681.0,0.0656,-0.0251,0.1025,23.6585,26.4634,17.0122
1574147075681.0,0.0702,-0.028,0.1006,23.7195,32.3171,15.9756
1574147075682.0,0.0816,-0.028,0.1,24.0244,39.2073,18.0488
1574147075683.0,0.0765,-0.0246,0.1022,26.5854,42.7439,21.2805
1574147075724.0,0.0536,-0.0233,0.1025,29.8171,44.7561,21.2805
1574147075725.0,0.0405,-0.0207,0.1052,32.8659,43.2927,18.0488
1574147075726.0,0.0451,-0.0183,0.1078,30.8537,29.6951,16.7073
1574147075727.0,0.0552,-0.0215,0.1125,23.7805,8.3537,16.3415
1574147075728.0,0.0559,-0.0243,0.1177,18.4756,-2.561,13.5366
1574147075770.0,0.0567,-0.0244,0.1202,16.3415,-0.9756,11.1585
1574147075771.0,0.0602,-0.025,0.1227,13.4756,2.561,9.3902
1574147075772.0,0.0641,-0.0264,0.1204,9.3902,2.1341,6.6463
1574147075772.0,0.0622,-0.027,0.1143,6.3415,0.0,5.122
1574147075814.0,0.0562,-0.0287,0.1093,5.2439,0.122,2.561
1574147075815.0,0.0513,-0.0276,0.1042,4.8171,1.2195,-0.9146
1574147075815.0,0.0489,-0.0278,0.1,2.9878,1.2195,-1.8902
1574147075816.0,0.0488,-0.0276,0.0981,2.7439,0.9756,-2.0122
1574147075817.0,0.0535,-0.028,0.0978,3.2317,-1.7073,-2.2561
1574147075860.0,0.0612,-0.0266,0.0996,3.5366,-5.3049,-3.5366
1574147075861.0,0.0735,-0.0276,0.1017,4.0244,-8.1098,-3.1098
1574147075861.0,0.0823,-0.028,0.1107,3.7805,-8.9634,-1.4024
1574147075862.0,0.0696,-0.0273,0.1214,5.122,-3.8415,1.2195
1574147075905.0,0.0534,-0.0283,0.1218,6.3415,4.5732,1.6463
1574147075906.0,0.0544,-0.0289,0.1204,6.3415,5.8537,1.0366
1574147075907.0,0.0598,-0.0318,0.1204,2.8659,-0.4878,3.4756
1574147075907.0,0.0586,-0.0325,0.1172,0.5488,-3.3537,4.939
1574147075908.0,0.0526,-0.0296,0.1171,0.2439,1.0976,4.7561
1574147075950.0,0.0503,-0.0273,0.1183,-1.0976,6.0366,1.7073
1574147075951.0,0.0548,-0.027,0.1196,-4.5122,6.2805,-0.3659
1574147075952.0,0.0605,-0.0249,0.117,-7.1341,5.5488,0.122
1574147075952.0,0.056,-0.0245,0.1147,-7.8049,8.0488,-0.1829
1574147075994.0,0.0455,-0.0251,0.1157,-6.4024,12.8049,-1.4634
1574147075996.0,0.0468,-0.0237,0.1152,-6.0366,11.6463,-1.6463
1574147075996.0,0.0615,-0.0251,0.1096,-9.939,1.1585,-1.3415
1574147075997.0,0.0785,-0.0293,0.1053,-13.0488,-8.4146,-0.3049
1574147075998.0,0.077,-0.0286,0.1038,-11.8902,-8.9024,3.4146
1574147076039.0,0.0667,-0.0286,0.1041,-7.0732,-1.6463,3.8415
1574147076040.0,0.0659,-0.028,0.1081,-2.622,2.561,1.9512
1574147076041.0,0.0717,-0.0295,0.1106,-2.1951,1.2805,4.3293
1574147076042.0,0.0728,-0.0291,0.1154,-1.5244,2.439,7.5
1574147076085.0,0.0686,-0.0258,0.1179,-0.1829,9.0854,9.4512
1574147076086.0,0.0592,-0.0246,0.1136,0.5488,17.0732,9.3293
1574147076087.0,0.052,-0.0238,0.1093,1.4024,23.0488,8.2927
1574147076087.0,0.0511,-0.0228,0.1077,0.9146,22.8659,8.8415
1574147076088.0,0.0513,-0.024,0.106,-0.061,18.1098,8.4756
1574147076130.0,0.0487,-0.0258,0.1031,-0.3049,15.6707,7.8659
1574147076131.0,0.0467,-0.0245,0.1029,2.5,18.5976,8.0488
1574147076132.0,0.0479,-0.0234,0.1067,5.1829,18.5366,7.439
1574147076132.0,0.0457,-0.0251,0.1083,4.6951,15.0,4.3902
1574147076133.0,0.0439,-0.0258,0.1091,5.2439,15.122,3.0488
1574147076174.0,0.0475,-0.0274,0.1088,5.4268,15.8537,2.7439
1574147076175.0,0.0486,-0.0293,0.1083,4.0854,12.561,1.9512
1574147076175.0,0.0489,-0.0303,0.1161,4.5732,8.7195,0.6707
1574147076176.0,0.0497,-0.03,0.1251,4.1463,0.1829,-2.561
1574147076219.0,0.0494,-0.0294,0.1257,1.8902,-9.5732,-3.9634
1574147076220.0,0.0533,-0.0329,0.1257,-0.6707,-17.439,-4.1463
1574147076221.0,0.0579,-0.0334,0.1237,-6.6463,-27.0122,-4.4512
1574147076223.0,0.0554,-0.0325,0.1175,-10.1829,-30.6098,-5.061
1574147076223.0,0.0528,-0.0324,0.1094,-10.061,-28.2317,-5.8537
1574147076265.0,0.0554,-0.0305,0.1036,-10.061,-30.3659,-5.061
1574147076266.0,0.0592,-0.0322,0.1058,-11.5244,-39.0244,-4.7561
1574147076267.0,0.0636,-0.0331,0.1071,-12.0732,-44.4512,-5.7927
1574147076267.0,0.0674,-0.0342,0.1102,-11.7073,-42.2561,-5.4268
1574147076310.0,0.0676,-0.0328,0.1124,-10.9756,-31.4634,-3.5976
1574147076311.0,0.063,-0.0304,0.1085,-8.4146,-19.6951,-2.6829
1574147076312.0,0.0577,-0.0296,0.1017,-8.1707,-20.5488,-3.5976
1574147076312.0,0.0523,-0.0321,0.1017,-10.3049,-34.8171,-2.5
1574147076313.0,0.051,-0.0356,0.1064,-11.7073,-54.7561,-2.8049
1574147076355.0,0.0571,-0.0369,0.1088,-13.1707,-75.3049,-4.0854
1574147076356.0,0.0681,-0.0374,0.1147,-14.878,-90.2439,-5.7927
1574147076357.0,0.088,-0.0394,0.1164,-14.878,-93.6585,-9.3902
1574147076357.0,0.099,-0.0399,0.1179,-14.4512,-80.9756,-7.9878
1574147076400.0,0.0915,-0.0425,0.1097,-10.6707,-50.4878,-5.061
1574147076401.0,0.0788,-0.0425,0.0951,-2.9878,-14.4512,-5.9146
1574147076401.0,0.0704,-0.0389,0.0896,2.622,8.9634,-4.0854
1574147076402.0,0.0654,-0.0363,0.0888,5.6098,10.9146,-1.2805
1574147076403.0,0.0673,-0.0356,0.0905,7.0122,-2.0122,-3.7195
1574147076445.0,0.0737,-0.0327,0.087,8.7195,-19.4512,-2.8049
1574147076446.0,0.0839,-0.0342,0.0828,7.5,-33.6585,1.7683
1574147076446.0,0.0909,-0.0349,0.0851,7.5,-36.3415,5.5488
1574147076447.0,0.1002,-0.0341,0.0855,13.5366,-27.8049,6.0366
1574147076448.0,0.1056,-0.0317,0.0934,18.5366,-10.9756,3.2317
1574147076490.0,0.0943,-0.0259,0.1019,21.5244,10.8537,7.0122
1574147076491.0,0.068,-0.0225,0.1019,24.8171,29.5122,13.2317
1574147076492.0,0.0408,-0.0228,0.1053,25.122,41.5854,13.9024
1574147076492.0,0.0323,-0.0215,0.1123,24.1463,43.6585,10.122
1574147076534.0,0.0505,-0.0234,0.1095,19.6951,24.0244,11.0366
1574147076536.0,0.0727,-0.0194,0.1046,9.2073,-0.3049,12.5
1574147076536.0,0.0758,-0.0209,0.11,8.9024,-2.561,9.4512
1574147076537.0,0.0734,-0.0239,0.1099,11.5854,3.7805,4.0854
1574147076538.0,0.0665,-0.0213,0.111,9.939,9.6341,0.061
1574147076579.0,0.0576,-0.0235,0.114,7.0732,21.0976,2.0732
1574147076581.0,0.0585,-0.0287,0.1296,3.6585,39.878,2.622
1574147076582.0,0.0385,-0.0296,0.0973,2.378,58.3537,5.3049
1574147076583.0,0.0103,-0.0261,0.0941,2.561,67.9878,4.878
1574147076624.0,0.011,-0.0222,0.1009,3.2317,81.1585,-11.2805
1574147076626.0,0.0495,-0.0257,0.1187,2.9268,62.8049,-15.4878
1574147076627.0,0.0831,-0.0261,0.1232,-4.0854,17.5,-14.878
1574147076628.0,0.0734,-0.0261,0.119,-11.3415,-2.5,-14.5732
1574147076629.0,0.0719,-0.0327,0.0973,-6.1585,13.1707,-12.8659
1574147076670.0,0.1025,-0.0334,0.0967,-1.1585,9.7561,-11.4024
1574147076671.0,0.108,-0.0244,0.1213,-3.4146,-12.3171,-8.7195
1574147076672.0,0.0986,-0.0195,0.1193,-2.439,11.2195,-9.0854
1574147076672.0,0.0502,-0.0131,0.097,3.2927,68.2317,-4.1463
1574147076715.0,-0.0291,-0.0031,0.0909,15.4268,116.2195,-3.5976
1574147076716.0,-0.0305,-0.0016,0.0895,22.439,120.4268,-19.878
1574147076716.0,0.0287,0.0001,0.1066,11.9512,69.939,-32.0122
1574147076717.0,0.0817,-0.0003,0.1241,2.7439,12.1341,-29.8171
1574147076718.0,0.105,-0.009,0.1501,2.3171,-14.0244,-22.6829
1574147076760.0,0.113,-0.0174,0.1598,4.5122,-14.0244,-14.939
1574147076805.0,0.1067,-0.0323,0.1343,3.2317,-2.8049,-6.5244
1574147076806.0,0.076,-0.04,0.1084,3.9634,14.2073,0.7927
1574147076806.0,0.0478,-0.0355,0.0992,7.5,33.1098,5.9756
1574147076807.0,0.0381,-0.0244,0.0909,8.8415,41.1585,5.4268
1574147076809.0,0.0329,-0.0111,0.0925,10.7927,40.3659,4.5122
1574147076809.0,0.0272,-0.008,0.0999,15.5488,37.561,2.0732
1574147076810.0,0.0245,-0.0091,0.1109,21.3415,30.6707,-1.4634
1574147076810.0,0.0426,-0.0153,0.1162,22.5,24.8171,-2.378
1574147076849.0,0.0331,-0.0315,0.0757,23.7195,23.7195,-4.2073
1574147076851.0,-0.0034,-0.035,0.1194,33.2927,26.7073,-7.8049
1574147076852.0,0.0156,-0.0181,0.1351,41.7073,38.9024,-15.9756
1574147076853.0,0.0596,-0.0268,0.1442,31.1585,7.9268,-14.3902
1574147076853.0,0.0645,-0.025,0.1558,21.0366,-17.561,-17.6829
1574147076894.0,0.0671,-0.0285,0.1378,18.5976,-6.9512,-13.3537
1574147076895.0,0.0748,-0.032,0.1177,14.2683,-2.378,-14.939
1574147076896.0,0.0692,-0.0259,0.1024,12.6829,1.7683,-12.561
1574147076897.0,0.0572,-0.0219,0.0936,16.8902,14.2073,-6.5854
1574147076940.0,0.0457,-0.0187,0.1,25.4878,26.9512,-3.7805
1574147076941.0,0.0426,-0.0195,0.1154,32.7439,30.6098,-1.1585
1574147076942.0,0.0444,-0.0158,0.1346,35.9756,25.3049,-0.5488
1574147076943.0,0.0513,-0.0153,0.1367,33.3537,14.4512,-0.5488
1574147076944.0,0.0621,-0.0219,0.1392,27.0732,-0.4268,-2.0122
1574147076984.0,0.0771,-0.017,0.1226,21.2805,-10.6098,-2.1951
1574147076985.0,0.0721,-0.0229,0.1133,16.4024,-11.8902,0.6707
1574147076985.0,0.0583,-0.0283,0.1072,15.9756,-2.561,1.4634
1574147076986.0,0.0459,-0.0305,0.1012,17.8659,11.3415,5.3049
1574147077029.0,0.0305,-0.0323,0.1027,18.2927,15.9756,5.1829
1574147077030.0,0.0251,-0.0337,0.1106,18.5976,12.378,0.7927
1574147077030.0,0.0284,-0.0264,0.1224,14.6951,3.6585,-2.7439
1574147077031.0,0.0363,-0.0198,0.1272,7.9878,-3.3537,-7.6829
1574147077032.0,0.0499,-0.022,0.1255,2.5,-8.9024,-14.1463
1574147077074.0,0.047,-0.0247,0.1098,-1.1585,-12.8659,-16.2805
1574147077075.0,0.0329,-0.0108,0.1284,-1.9512,-14.0854,-16.5854
1574147077075.0,0.0748,0.0104,0.1517,-3.2927,-15.122,-21.7073
1574147077076.0,0.1006,0.0075,0.1459,-17.9268,-22.561,-20.2439
1574147077119.0,0.054,0.0027,0.1165,-20.9146,-11.7073,-8.1098
1574147077120.0,0.0391,0.0018,0.088,-14.7561,7.3171,-7.7439
1574147077120.0,0.0638,0.0081,0.0757,-15.7927,4.6341,-10.4878
1574147077121.0,0.0678,0.0082,0.0823,-14.3293,-6.7683,-5.4878
1574147077122.0,0.0628,0.009,0.0967,-8.9024,-4.939,-3.9024
1574147077164.0,0.0505,0.0133,0.1068,-4.8171,1.5244,-3.4756
1574147077165.0,0.0283,0.0104,0.1081,-4.1463,0.4878,-4.6341
1574147077165.0,-0.0013,0.001,0.1061,-4.5732,-8.7195,-9.7561
1574147077166.0,-0.019,-0.0061,0.108,-5.4878,-27.5,-13.6585
1574147077167.0,-0.0154,-0.0118,0.113,-11.3415,-62.1341,-19.2683
1574147077209.0,-0.0005,-0.0137,0.1096,-20.6707,-105.9146,-24.939
1574147077210.0,0.0179,-0.0192,0.1003,-30.9756,-147.0732,-29.8171
1574147077210.0,0.0452,-0.0297,0.0963,-40.0,-179.2073,-33.0488
1574147077211.0,0.077,-0.036,0.0945,-46.5244,-204.939,-30.6707
1574147077254.0,0.1034,-0.0414,0.0883,-55.3659,-221.7683,-26.7073
1574147077255.0,0.1235,-0.047,0.0782,-62.5,-222.6829,-22.9878
1574147077255.0,0.137,-0.0526,0.0651,-66.4634,-213.1098,-18.1098
1574147077256.0,0.1369,-0.0585,0.062,-68.1098,-200.0,-13.0488
1574147077257.0,0.1274,-0.0591,0.0659,-66.5854,-180.3659,-12.0732
1574147077299.0,0.1141,-0.0574,0.0725,-60.122,-166.0976,-11.9512
1574147077300.0,0.1105,-0.0541,0.0849,-59.939,-169.3293,-10.0
1574147077300.0,0.114,-0.0482,0.0923,-64.7561,-181.1585,-5.1829
1574147077301.0,0.1134,-0.0462,0.0951,-67.1951,-192.1342,3.1098
1574147077344.0,0.1135,-0.046,0.0849,-67.9268,-194.7561,11.3415
1574147077345.0,0.1163,-0.0471,0.0651,-63.2317,-183.2317,20.4268
1574147077345.0,0.1239,-0.0464,0.0545,-52.0732,-157.0122,27.8049
1574147077346.0,0.1306,-0.0441,0.0552,-35.3659,-115.3049,28.1098
1574147077347.0,0.1287,-0.0417,0.0547,-17.7439,-59.0244,25.9756
1574147077390.0,0.1223,-0.0359,0.0597,1.4634,0.3049,27.3171
1574147077391.0,0.1071,-0.0295,0.0623,21.4634,48.5366,30.3659
1574147077391.0,0.082,-0.0274,0.0608,36.5244,80.061,30.122
1574147077392.0,0.0619,-0.0226,0.0601,50.061,98.2317,23.1707
1574147077434.0,0.0498,-0.0114,0.0646,63.4146,100.9756,13.2927
1574147077435.0,0.0466,-0.0021,0.0716,68.8415,86.8293,3.9024
1574147077436.0,0.051,0.003,0.0779,66.9512,63.8415,-6.2805
1574147077436.0,0.0609,0.0084,0.0787,63.2317,39.5732,-14.4512
1574147077437.0,0.0688,0.0121,0.0734,59.4512,19.1463,-17.8049
1574147077479.0,0.0775,0.0109,0.071,56.6463,3.3537,-18.0488
1574147077480.0,0.087,0.0068,0.0735,53.9024,-12.439,-18.6585
1574147077481.0,0.1005,0.0047,0.0851,50.0,-32.3171,-20.4268
1574147077481.0,0.1089,0.0032,0.0944,43.6585,-50.5488,-24.2073
1574147077482.0,0.1104,0.0049,0.1068,37.6829,-65.6098,-28.4756
1574147077525.0,0.1254,0.0055,0.1098,34.1463,-79.939,-29.7561
1574147077526.0,0.1376,0.0031,0.1011,26.8902,-84.8781,-23.9634
1574147077527.0,0.1285,0.0023,0.089,21.8293,-73.3537,-10.6098
1574147077527.0,0.1188,-0.0016,0.0829,22.1341,-53.5976,-5.0
1574147077570.0,0.1223,-0.0051,0.0727,22.3171,-36.9512,-8.7805
1574147077571.0,0.1311,-0.0087,0.0688,21.6463,-26.2195,-6.0366
1574147077571.0,0.1378,-0.0081,0.0756,19.4512,-20.122,1.0366
1574147077572.0,0.1377,-0.0052,0.0828,18.4756,-13.4146,2.6829
1574147077573.0,0.1239,-0.002,0.0886,19.5122,3.1098,0.0
1574147077615.0,0.1082,0.0001,0.0838,19.5732,24.4512,-2.0732
1574147077616.0,0.1055,0.0014,0.0724,18.5366,41.7683,-2.6829
1574147077617.0,0.1011,0.0031,0.0626,17.8659,50.4268,1.9512
1574147077617.0,0.0955,-0.0013,0.0583,15.6098,50.4268,6.6463
1574147077660.0,0.1,-0.0083,0.0627,12.439,53.8415,5.4268
1574147077661.0,0.1008,-0.0083,0.0742,12.7439,63.4756,5.9146
1574147077661.0,0.1021,-0.0077,0.0854,12.8659,70.9146,10.3049
1574147077662.0,0.1107,-0.0054,0.0894,12.1341,77.5,13.3537
1574147077663.0,0.1132,-0.0021,0.0886,12.1341,83.8415,16.8902
1574147077705.0,0.1066,-0.0038,0.0895,9.939,93.9024,20.122
1574147077705.0,0.0933,-0.0074,0.0942,7.378,109.6341,19.2073
1574147077706.0,0.0839,-0.0048,0.0903,8.2317,120.7317,15.6098
1574147077707.0,0.0856,-0.0009,0.0942,11.2195,115.6707,13.3537
1574147077750.0,0.0928,-0.0023,0.1014,5.5488,96.3415,12.1341
1574147077751.0,0.0993,-0.0009,0.1063,-2.2561,76.9512,12.622
1574147077751.0,0.1057,0.0035,0.1063,-5.2439,67.3781,13.0488
1574147077752.0,0.1031,0.0031,0.1003,-9.5122,68.0488,11.0976
1574147077753.0,0.0929,-0.0043,0.0927,-14.0854,77.0122,11.6463
1574147077795.0,0.0851,-0.0075,0.0883,-16.0976,91.3415,15.061
1574147077796.0,0.0855,-0.0092,0.0881,-12.7439,101.9512,20.8537
1574147077796.0,0.0866,-0.0128,0.0906,-11.2805,103.6585,22.9268
1574147077797.0,0.0815,-0.0134,0.0923,-11.0366,102.8659,22.439
1574147077840.0,0.073,-0.0181,0.0953,-7.0732,103.7195,18.9024
1574147077841.0,0.0637,-0.0219,0.0997,-5.0,104.8171,15.1829
1574147077842.0,0.0574,-0.0197,0.1025,-4.0244,101.7073,16.1585
1574147077843.0,0.0587,-0.0184,0.1022,-2.7439,89.8171,14.7561
1574147077844.0,0.056,-0.0194,0.0989,-3.7805,73.2927,10.5488
1574147077885.0,0.0452,-0.0237,0.0925,-5.3659,60.0,8.3537
1574147077886.0,0.0428,-0.023,0.0905,-3.9024,52.6829,6.4634
1574147077888.0,0.0538,-0.0172,0.0916,2.0732,47.7439,4.2073
1574147077889.0,0.0677,-0.0183,0.0952,1.2195,39.2683,3.6585
1574147077890.0,0.0743,-0.0217,0.0995,-2.8049,28.9024,4.3902
1574147077929.0,0.0723,-0.0239,0.1031,-2.1951,23.2317,3.4756
1574147077930.0,0.0634,-0.0252,0.1026,2.3171,25.5488,0.9756
1574147077931.0,0.0563,-0.0262,0.1005,5.7927,31.0976,-0.9146
1574147077931.0,0.049,-0.0238,0.0977,7.378,36.6463,-2.0122
1574147077974.0,0.0444,-0.0263,0.0981,7.8049,38.9634,-3.2317
1574147077975.0,0.0465,-0.0276,0.1008,7.1341,37.8049,-5.3049
1574147077976.0,0.0477,-0.0241,0.1047,7.8659,35.7317,-2.9268
1574147077976.0,0.0476,-0.0222,0.1086,8.9024,31.8902,-1.2805
1574147077977.0,0.0494,-0.0224,0.1069,8.7195,22.9878,-4.6951
1574147078020.0,0.0516,-0.0256,0.0995,7.7439,10.6098,-6.5244
1574147078065.0,0.0573,-0.0247,0.0955,10.3659,0.122,-6.7073
1574147078110.0,0.0597,-0.0342,0.1052,16.4634,-5.3659,-10.122
1574147078111.0,0.0706,-0.0451,0.1243,11.4024,-6.2195,-9.939
1574147078112.0,0.0725,-0.0367,0.1411,5.6098,8.1098,0.5488
1574147078155.0,0.0762,-0.0059,0.153,2.8049,30.6098,12.7439
1574147078156.0,0.0963,-0.009,0.153,7.378,46.7683,1.0366
1574147078157.0,0.1103,-0.0203,0.1401,-0.4878,35.4878,-4.939
1574147078158.0,0.0995,-0.0242,0.1249,-5.061,33.1098,15.7927
1574147078159.0,0.0839,-0.0195,0.1207,0.0,51.0976,22.622
1574147078159.0,0.062,-0.0184,0.1101,6.4024,69.939,18.9634
1574147078160.0,0.0322,-0.02,0.097,13.1707,82.622,20.0
1574147078161.0,0.0273,-0.0248,0.0917,19.6341,82.3171,28.7195
1574147078162.0,0.0433,-0.0252,0.1005,27.8659,72.1341,29.1463
1574147078162.0,0.0444,-0.0143,0.1176,35.2439,66.4634,26.5854
1574147078200.0,0.0239,-0.0057,0.1314,41.2805,72.8049,23.4146
1574147078201.0,0.0116,-0.0033,0.1366,40.4268,73.2317,18.3537
1574147078201.0,0.0211,-0.0036,0.1396,30.3049,53.6585,15.1829
1574147078202.0,0.0256,-0.0023,0.131,17.1341,24.8171,15.0
1574147078203.0,0.0211,-0.0063,0.1157,6.4634,-0.6707,10.6707
1574147078204.0,0.0259,-0.0107,0.1045,0.7317,-19.4512,3.2317
1574147078205.0,0.0382,-0.0156,0.1037,-0.3659,-30.1829,1.7683
1574147078205.0,0.0513,-0.019,0.1037,0.9756,-29.6951,3.7805
1574147078244.0,0.0552,-0.019,0.1014,2.8049,-22.6829,5.122
1574147078245.0,0.0516,-0.0188,0.1157,7.6829,-13.4146,3.5366
1574147078246.0,0.0513,-0.0118,0.1304,12.8659,-3.2317,3.7195
1574147078246.0,0.0551,-0.0046,0.132,13.8415,-0.3659,5.1829
1574147078290.0,0.0511,-0.0041,0.1279,10.4268,-3.7805,5.061
1574147078290.0,0.0404,-0.0051,0.1196,6.4024,-6.3415,4.8171
1574147078291.0,0.041,-0.0063,0.1127,3.7805,-9.939,2.1951
1574147078291.0,0.0515,-0.0084,0.115,3.7805,-16.7073,1.4634
1574147078292.0,0.0631,-0.0098,0.1183,4.1463,-19.4512,4.3293
1574147078334.0,0.0627,-0.0095,0.1202,2.9268,-15.8537,7.3171
1574147078335.0,0.0575,-0.0104,0.1204,3.5366,-7.8659,7.9268
1574147078336.0,0.0516,-0.0089,0.1134,3.9634,-1.8902,7.5
1574147078337.0,0.0494,-0.0105,0.1106,5.3049,0.8537,6.5854
1574147078380.0,0.0572,-0.0135,0.1082,6.7683,3.1098,5.8537
1574147078381.0,0.0669,-0.0153,0.1098,7.439,4.3902,7.8049
1574147078382.0,0.0634,-0.0142,0.115,8.7195,8.7195,10.2439
1574147078382.0,0.0487,-0.012,0.1219,13.7195,19.878,9.5732
1574147078383.0,0.0375,-0.0101,0.1232,16.7073,25.6707,7.0122
1574147078425.0,0.0288,-0.007,0.1221,13.9024,20.3659,7.561
1574147078426.0,0.0266,-0.0106,0.1196,9.2073,13.7195,6.8293
1574147078427.0,0.0253,-0.0144,0.1144,2.1341,4.6341,2.1951
1574147078427.0,0.0363,-0.0204,0.1167,-2.1951,-6.6463,-1.6463
1574147078470.0,0.062,-0.0212,0.1216,-5.061,-13.3537,-3.7805
1574147078470.0,0.0563,-0.0119,0.1158,-4.5732,-15.7317,-2.3171
1574147078471.0,0.0317,-0.0139,0.1074,-1.4024,-9.939,-3.9634
1574147078471.0,0.0331,-0.0156,0.1068,0.7927,-5.1829,-10.7317
1574147078472.0,0.049,-0.0154,0.1112,-0.3659,-6.5854,-9.1463
1574147078515.0,0.0605,-0.0122,0.1164,-0.9146,-5.7927,-5.6707
1574147078516.0,0.0632,-0.0104,0.1204,-0.4268,2.439,-2.2561
1574147078516.0,0.055,-0.0106,0.1238,-0.7317,16.2805,0.5488
1574147078517.0,0.0425,-0.0109,0.1243,1.5854,29.5122,2.7439
1574147078518.0,0.0405,-0.0132,0.1229,2.0122,33.9024,3.9634
1574147078560.0,0.0449,-0.0128,0.1215,0.3659,31.2805,3.9634
1574147078561.0,0.0433,-0.0109,0.1229,0.9756,27.378,6.0976
1574147078562.0,0.0353,-0.0099,0.1205,3.1098,24.2683,5.9146
1574147078562.0,0.0275,-0.0113,0.1151,4.2073,19.878,4.0854
1574147078605.0,0.0204,-0.0129,0.1105,3.8415,10.061,0.4268
1574147078606.0,0.0317,-0.011,0.1166,6.9512,-0.7927,-1.9512
1574147078607.0,0.0442,-0.0078,0.1252,6.6463,-10.9146,-1.6463
1574147078607.0,0.0457,-0.0037,0.1265,6.1585,-16.3415,-0.6098
1574147078608.0,0.048,-0.0048,0.1218,4.3293,-16.2195,-1.5854
1574147078650.0,0.0593,-0.0132,0.1138,-1.0366,-18.9024,-0.8537
1574147078651.0,0.0783,-0.0202,0.1125,-2.561,-21.0976,3.4756
1574147078652.0,0.0745,-0.0154,0.118,4.5732,-11.0976,8.3537
1574147078652.0,0.0428,-0.0092,0.1155,15.9756,9.1463,9.3293
1574147078695.0,0.0277,-0.0076,0.1118,22.8049,19.939,7.5
1574147078696.0,0.0319,-0.0032,0.1176,23.0488,14.6341,6.8902
1574147078696.0,0.0257,-0.0019,0.1231,17.1341,5.4268,7.7439
1574147078697.0,0.0181,-0.0028,0.1238,11.1585,-5.3049,4.3293
1574147078698.0,0.0349,-0.0038,0.1198,3.1098,-22.0732,0.8537
1574147078740.0,0.0572,-0.0052,0.1165,-5.9756,-36.8293,-0.9146
1574147078741.0,0.062,-0.0104,0.1169,-10.5488,-40.061,-0.7927
1574147078742.0,0.0524,-0.0112,0.116,-10.4878,-32.1951,0.7927
1574147078742.0,0.0535,-0.0096,0.1201,-6.7073,-24.7561,1.2805
1574147078785.0,0.0596,-0.0081,0.1229,-5.9146,-19.4512,0.6707
1574147078786.0,0.0471,-0.0085,0.1195,-5.8537,-12.7439,1.1585
1574147078787.0,0.0385,-0.0112,0.1164,-4.939,-8.9634,1.8902
1574147078787.0,0.0374,-0.0095,0.1173,-5.2439,-11.2195,1.1585
1574147078788.0,0.0388,-0.0089,0.1189,-5.6098,-16.0976,-0.9756
1574147078830.0,0.0462,-0.0082,0.117,-8.2317,-21.3415,-4.3902
1574147078830.0,0.0516,-0.0087,0.1152,-11.0976,-27.5,-4.6951
1574147078831.0,0.0553,-0.0097,0.1175,-12.378,-30.2439,-4.4512
1574147078831.0,0.0533,-0.0093,0.1191,-13.1707,-28.4146,-4.6341
1574147078874.0,0.0496,-0.0111,0.1205,-13.9634,-27.439,-2.7439
1574147078875.0,0.0544,-0.0082,0.1277,-15.3049,-32.0732,-1.3415
1574147078876.0,0.0548,-0.0022,0.1286,-17.7439,-41.2195,-1.5244
1574147078876.0,0.0483,-0.006,0.1297,-21.0976,-51.6463,-0.3659
1574147078877.0,0.0446,0.004,0.137,-23.0488,-62.8049,1.9512
1574147078919.0,0.0345,0.0335,0.1398,-22.3171,-77.7439,3.1098
1574147078920.0,0.0217,0.0167,0.1389,-6.0976,-98.1707,-27.3171
1574147078921.0,0.0314,-0.0118,0.1368,-0.7317,-141.7073,-69.0244
1574147078921.0,0.0481,-0.0292,0.1315,-17.6829,-187.8659,-55.6098
1574147078922.0,0.0726,-0.0327,0.1216,-47.5,-218.1098,-26.0976
1574147078965.0,0.0908,-0.0224,0.1103,-68.0488,-229.3902,-12.0732
1574147078965.0,0.1099,-0.0229,0.1041,-70.4878,-227.9878,-15.7927
1574147078966.0,0.1135,-0.0329,0.0875,-67.2561,-216.6463,-27.8659
1574147078966.0,0.0909,-0.0384,0.0699,-63.4756,-194.6951,-31.6463
1574147079010.0,0.0914,-0.0435,0.0621,-61.8902,-172.2561,-27.2561
1574147079010.0,0.1075,-0.0478,0.0552,-68.6585,-156.5244,-17.6829
1574147079011.0,0.1234,-0.0519,0.0432,-68.7195,-142.0122,-11.8293
1574147079011.0,0.1213,-0.0536,0.0412,-60.4268,-119.0244,-9.0244
1574147079012.0,0.1143,-0.0549,0.0448,-53.0488,-94.6341,-9.1463
1574147079054.0,0.1127,-0.0534,0.0489,-49.5732,-70.2439,-10.9756
1574147079055.0,0.1127,-0.0482,0.055,-43.3537,-42.0122,-13.7195
1574147079057.0,0.1082,-0.0405,0.058,-32.3171,-10.7927,-17.1341
1574147079058.0,0.0974,-0.0336,0.0605,-21.4024,16.0366,-20.7927
1574147079100.0,0.0899,-0.0303,0.0647,-15.061,27.8049,-23.4146
1574147079101.0,0.0809,-0.0263,0.0648,-9.6341,23.8415,-23.2927
1574147079102.0,0.0717,-0.0247,0.0701,-4.3293,7.622,-24.5122
1574147079102.0,0.0642,-0.03,0.076,-5.2439,-12.1341,-28.6585
1574147079103.0,0.0636,-0.0292,0.0782,-7.8659,-27.3171,-32.5
1574147079145.0,0.0704,-0.0182,0.0753,-4.878,-37.561,-35.9756
1574147079146.0,0.0841,-0.0117,0.0695,-2.561,-43.8415,-36.0366
1574147079147.0,0.1085,-0.0102,0.0645,-0.8537,-42.2561,-33.3537
1574147079148.0,0.1265,-0.0032,0.0588,5.0,-29.2683,-31.8293
1574147079190.0,0.1249,0.0035,0.0644,14.2073,-13.7805,-29.1463
1574147079191.0,0.1273,0.0079,0.0723,16.5244,-2.622,-24.5122
1574147079192.0,0.1243,0.0143,0.0893,16.6463,14.6951,-17.1951
1574147079192.0,0.1141,0.0179,0.1013,19.6951,38.5976,-8.9024
1574147079193.0,0.1012,0.0124,0.1071,18.7805,61.3415,-2.8049
1574147079235.0,0.0925,0.0095,0.1053,17.9268,72.8049,0.3049
1574147079236.0,0.0868,0.0167,0.0995,16.4024,69.2683,-0.6707
1574147079236.0,0.0764,0.0255,0.1136,15.122,65.3659,-1.2195
1574147079237.0,0.0675,0.0197,0.1191,12.9268,67.1341,-4.6341
1574147079238.0,0.0869,0.0121,0.1185,0.3659,44.0244,-13.5976
1574147079280.0,0.1052,0.0117,0.1138,-11.0366,23.5976,-7.561
1574147079280.0,0.1063,0.0051,0.1025,-10.3049,42.8659,-2.6829
1574147079281.0,0.0983,-0.0052,0.0967,-8.4146,80.1829,0.4878
1574147079281.0,0.0924,-0.008,0.0924,-7.0732,102.439,3.2927
1574147079325.0,0.0907,-0.0037,0.0987,-4.6951,109.0244,5.7927
1574147079325.0,0.086,-0.0024,0.0992,-0.7927,112.1341,6.9512
1574147079326.0,0.0712,-0.0032,0.0937,1.5244,117.8049,7.0732
1574147079326.0,0.0668,-0.0046,0.0968,6.0976,124.6341,7.1341
1574147079327.0,0.0773,-0.0125,0.1025,9.8171,113.5976,10.3659
1574147079370.0,0.0675,-0.0172,0.1069,6.3415,81.3415,8.4146
1574147079370.0,0.0568,-0.0144,0.1064,4.3293,54.5732,-1.8293
1574147079371.0,0.0621,-0.0111,0.1143,1.6463,35.3659,-16.0976
1574147079372.0,0.085,-0.0102,0.1235,-4.8171,21.5854,-23.7195
1574147079415.0,0.1003,-0.012,0.121,-11.5244,19.1463,-21.7073
1574147079416.0,0.0913,-0.0175,0.1078,-14.8171,26.1585,-16.4024
1574147079416.0,0.0768,-0.0246,0.0946,-13.9634,42.1341,-16.4024
1574147079417.0,0.0815,-0.0271,0.0876,-10.7927,55.4268,-17.378
1574147079418.0,0.0953,-0.0258,0.0868,-6.6463,53.2317,-15.1829
1574147079460.0,0.0897,-0.0229,0.09,-0.9756,45.7927,-11.2195
1574147079461.0,0.073,-0.0209,0.09,6.8293,50.061,-8.5366
1574147079462.0,0.0711,-0.022,0.091,12.9268,52.9878,-5.3049
1574147079463.0,0.0724,-0.0222,0.0916,15.4268,44.2073,-1.0366
1574147079505.0,0.0673,-0.024,0.0952,17.0122,31.0366,1.7683
1574147079506.0,0.0619,-0.0254,0.0992,18.2317,18.6585,1.2195
1574147079507.0,0.0633,-0.0234,0.0999,17.8659,5.9146,-1.9512
1574147079507.0,0.0738,-0.0234,0.1005,15.9146,-3.5366,-5.6098
1574147079508.0,0.0814,-0.0241,0.1039,13.2317,-7.0732,-6.5244
1574147079550.0,0.0988,-0.0234,0.118,10.3659,-5.9146,-5.9756
1574147079551.0,0.0964,-0.0156,0.1213,5.1829,-1.8902,-4.1463
1574147079552.0,0.062,-0.0076,0.1162,1.7073,3.6585,0.3049
1574147079552.0,0.0496,-0.0021,0.1089,-1.8293,0.4878,-6.8902
1574147079553.0,0.0453,0.0026,0.1074,-7.9878,-14.0244,-10.1829
1574147079595.0,0.0435,0.0003,0.1076,-11.5854,-29.0854,-9.0854
1574147079596.0,0.0501,-0.004,0.1089,-12.1341,-42.1341,-11.4634
1574147079597.0,0.0732,-0.0066,0.1091,-13.5976,-54.5732,-10.7317
1574147079597.0,0.0925,-0.0138,0.1087,-15.3659,-62.1341,-9.878
1574147079640.0,0.0807,-0.0201,0.1067,-13.1098,-54.3902,-10.9146
1574147079641.0,0.0703,-0.0234,0.1035,-10.9146,-43.1098,-8.6585
1574147079642.0,0.0576,-0.0216,0.1053,-11.0366,-49.3293,-9.5122
1574147079642.0,0.0532,-0.0206,0.1095,-9.0244,-69.2073,-12.2561
1574147079643.0,0.0505,-0.021,0.1111,-9.4512,-97.3171,-13.6585
1574147079685.0,0.0391,-0.0182,0.1102,-9.939,-123.6585,-16.4634
1574147079686.0,0.0554,-0.0159,0.1028,-7.6829,-146.4024,-20.5488
1574147079687.0,0.0779,-0.009,0.0925,-8.2317,-170.9756,-22.9268
1574147079687.0,0.0868,-0.0001,0.0788,-9.1463,-183.7805,-24.0854
1574147079730.0,0.103,0.0029,0.0634,-11.6463,-180.061,-23.4146
1574147079731.0,0.13,0.0112,0.0415,-19.0854,-169.8781,-21.3415
1574147079732.0,0.1554,-0.0004,0.0275,-23.5366,-151.0366,-15.3659
1574147079732.0,0.1747,-0.0261,0.0223,-32.0732,-135.8537,-4.7561
1574147079733.0,0.1658,-0.0284,0.0165,-31.4024,-111.0366,2.5
1574147079775.0,0.1384,-0.024,0.006,-16.7073,-65.6707,8.5976
1574147079775.0,0.115,-0.0207,0.0034,-6.5854,-26.0976,11.7683
1574147079776.0,0.1036,-0.014,0.0126,1.4634,-9.0244,11.2195
1574147079776.0,0.1046,-0.0092,0.0236,7.3171,-5.9756,13.2317
1574147079820.0,0.1064,-0.0099,0.0348,13.0488,-2.439,17.6829
1574147079821.0,0.1097,-0.0135,0.0414,18.5976,3.6585,23.4756
1574147079822.0,0.1124,-0.0129,0.041,23.5976,13.7805,28.5976
1574147079823.0,0.0985,-0.0092,0.0458,31.5244,33.4756,32.8049
1574147079823.0,0.0703,-0.008,0.0544,39.5122,55.5488,30.061
1574147079865.0,0.056,-0.0097,0.0646,44.3293,71.5244,20.7317
1574147079865.0,0.0631,-0.0069,0.0675,46.3415,78.5366,12.378
1574147079866.0,0.0671,-0.0016,0.0681,51.6463,83.4146,5.7927
1574147079866.0,0.0621,0.0082,0.0708,55.7927,87.3171,-2.378
1574147079910.0,0.0746,0.0143,0.1015,62.1341,92.439,-9.939
1574147079911.0,0.129,0.0383,0.1858,63.9024,103.7195,-16.6463
1574147079912.0,0.0525,0.1162,0.2783,65.5488,135.4268,-5.7317
1574147079912.0,0.0051,0.0736,0.2291,45.061,125.1829,5.6098
1574147079913.0,0.155,0.0053,0.1397,-29.7561,-4.2073,-5.5488
1574147079955.0,0.1925,-0.0128,0.1029,-58.5366,-71.7073,4.6951
1574147079956.0,0.0923,-0.0432,0.0992,-38.6585,-3.4756,9.3293
1574147079956.0,0.0635,-0.0391,0.0818,-37.439,52.0122,-2.561
1574147079957.0,0.0905,-0.0131,0.0734,-26.2805,36.1585,1.5854
1574147079958.0,0.0851,-0.0051,0.0837,-10.7317,5.7927,22.0732
1574147080000.0,0.0677,-0.0137,0.1079,-4.2683,-8.5366,15.7927
1574147080001.0,0.0747,-0.0228,0.1188,-3.1707,-14.3293,2.561
1574147080002.0,0.1044,-0.0298,0.1306,-5.9146,-25.122,-0.061
1574147080003.0,0.1121,-0.0178,0.1379,-12.1951,-31.9512,-0.9756
1574147080045.0,0.0974,-0.0096,0.1226,-19.6951,-23.5366,1.7683
1574147080046.0,0.0845,-0.021,0.1007,-24.0854,-12.6829,-2.378
1574147080047.0,0.0743,-0.0297,0.0804,-30.6707,-13.9024,-7.0732
1574147080047.0,0.066,-0.0286,0.0703,-29.3902,-14.4512,-12.8049
1574147080048.0,0.062,-0.0208,0.0719,-22.561,-12.9878,-16.4024
1574147080090.0,0.0646,-0.0137,0.0807,-17.0122,-12.7439,-17.0732
1574147080091.0,0.0741,-0.0069,0.0896,-12.8659,-15.1829,-17.6829
1574147080092.0,0.0921,-0.0021,0.0817,-9.6951,-12.9878,-18.5976
1574147080093.0,0.111,-0.0051,0.0629,-6.6463,-0.6098,-17.561
1574147080135.0,0.1136,-0.0112,0.069,-0.5488,15.3659,-14.878
1574147080136.0,0.1061,-0.0135,0.0784,4.2683,25.7317,-16.2805
1574147080136.0,0.1197,-0.0167,0.0822,4.7561,21.7073,-16.8293
1574147080137.0,0.1395,-0.0197,0.0833,4.2073,4.7561,-12.9268
1574147080138.0,0.1298,-0.0209,0.0773,2.6829,-7.622,-4.3902
1574147080180.0,0.1175,-0.0266,0.0681,0.3659,-7.0732,-0.3049
1574147080181.0,0.1064,-0.0244,0.0599,-1.4024,2.0122,0.4268
1574147080182.0,0.0892,-0.02,0.0556,-0.9146,11.5244,4.0854
1574147080183.0,0.0701,-0.0141,0.0554,-0.8537,15.4268,4.6951
1574147080225.0,0.0643,-0.0129,0.0676,-0.4268,10.8537,3.3537
1574147080226.0,0.071,-0.003,0.0764,-2.6829,-6.3415,3.5366
1574147080227.0,0.0657,0.0137,0.0773,-5.5488,-25.4878,0.9756
1574147080227.0,0.0535,0.0217,0.0745,-9.2683,-39.939,-0.5488
1574147080228.0,0.0551,0.0217,0.0716,-14.3293,-59.939,-3.7805
1574147080270.0,0.0661,0.0194,0.067,-18.7805,-85.6098,-4.3293
1574147080271.0,0.0767,0.0176,0.0493,-20.7317,-105.5488,-3.5976
1574147080272.0,0.0984,0.0141,0.0612,-22.1341,-113.7805,-4.1463
1574147080272.0,0.1153,0.0253,0.0927,-21.2805,-97.439,-8.4756
1574147080273.0,0.1158,0.0316,0.0997,-22.2561,-77.8659,-4.7561
1574147080315.0,0.1289,0.0323,0.0913,-39.2073,-87.1341,3.5366
1574147080316.0,0.1482,0.0261,0.084,-53.0488,-106.2805,9.6341
1574147080316.0,0.1533,0.0152,0.0801,-61.8293,-104.2683,16.4634
1574147080316.0,0.1406,0.0036,0.0723,-69.3902,-83.9024,26.1585
1574147080359.0,0.1258,-0.0056,0.0637,-76.6463,-62.6829,33.8415
1574147080360.0,0.1191,-0.0128,0.0594,-79.0244,-48.7195,35.4878
