0,1,2,3,4,5,6
1574147364233.0,0.1035,-0.0188,0.0656,6.4634,-2.9268,-1.5244
1574147364234.0,0.1117,-0.0178,0.0692,6.4024,-3.7805,-1.8902
1574147364235.0,0.1152,-0.0151,0.0715,6.7683,-2.561,-2.1341
1574147364277.0,0.1119,-0.0144,0.0713,6.7073,1.4634,-1.8902
1574147364277.0,0.1088,-0.0154,0.0693,6.6463,7.3171,-3.1707
1574147364278.0,0.1082,-0.0162,0.0677,7.5,11.2195,-4.5122
1574147364279.0,0.1045,-0.0171,0.0663,7.2561,12.5,-5.122
1574147364279.0,0.0981,-0.0176,0.0646,7.5,13.5976,-6.6463
1574147364322.0,0.0969,-0.0157,0.0622,7.9878,12.9878,-8.7195
1574147364323.0,0.0983,-0.0089,0.0652,8.5976,7.9268,-10.6098
1574147364323.0,0.1043,-0.0016,0.0701,8.6585,-2.622,-11.4024
1574147364324.0,0.1155,0.0032,0.0745,6.7073,-14.2073,-11.4634
1574147364325.0,0.124,0.0088,0.0776,3.5366,-24.7561,-9.4512
1574147364367.0,0.1323,0.0139,0.0806,1.3415,-33.0488,-1.8293
1574147364368.0,0.1398,0.0187,0.0765,-0.3659,-41.2195,7.5
1574147364369.0,0.1469,0.0209,0.071,-2.1951,-53.1707,19.5122
1574147364369.0,0.1487,0.0212,0.0651,-5.6098,-53.8415,23.0488
1574147364412.0,0.1401,0.0226,0.062,-8.5366,-47.5,25.1829
1574147364414.0,0.1378,0.0207,0.0634,-14.3293,-47.3171,36.4634
1574147364415.0,0.1483,0.018,0.064,-20.5488,-52.1951,45.9146
1574147364417.0,0.1606,0.0175,0.064,-25.2439,-56.7073,55.122
1574147364418.0,0.166,0.0204,0.0634,-28.3537,-55.9146,67.5
1574147364457.0,0.1706,0.0214,0.0583,-33.2927,-49.0854,80.6707
1574147364458.0,0.1676,0.0219,0.0525,-38.0488,-34.3293,91.1585
1574147364458.0,0.1563,0.0197,0.0498,-38.7805,-16.5854,100.7927
1574147364459.0,0.1392,0.0119,0.0486,-38.9634,-4.3293,110.3659
1574147364502.0,0.1251,0.0014,0.045,-41.1585,0.061,118.3537
1574147364503.0,0.1141,-0.0057,0.0359,-42.0122,-0.122,120.6098
1574147364503.0,0.1126,-0.0095,0.031,-39.3902,-9.8171,118.1707
1574147364504.0,0.1269,-0.0105,0.0359,-38.0488,-32.378,116.8293
1574147364504.0,0.1311,-0.0099,0.0236,-38.7195,-55.7317,121.7073
1574147364547.0,0.1263,-0.0173,0.0311,-32.0732,-65.1829,124.6341
1574147364548.0,0.1116,-0.0255,0.0283,-26.1585,-51.0366,117.622
1574147364548.0,0.0955,-0.0249,0.0201,-18.1098,-24.3902,113.7195
1574147364549.0,0.0806,-0.0254,0.0152,-6.0976,-4.3293,113.3537
1574147364592.0,0.072,-0.035,0.0165,-1.2195,-2.6829,109.8171
1574147364592.0,0.0696,-0.0428,0.0271,-4.0244,-17.2561,103.2927
1574147364593.0,0.0681,-0.0425,0.0348,-6.2195,-36.9512,95.5488
1574147364594.0,0.074,-0.0438,0.0379,-7.3171,-50.122,86.1585
1574147364594.0,0.0717,-0.0502,0.0335,-9.5732,-48.8415,77.7439
1574147364637.0,0.0624,-0.0563,0.0243,-8.4146,-43.6585,72.0122
1574147364682.0,0.0588,-0.0563,0.0182,-3.1098,-42.8659,67.439
1574147364683.0,0.0645,-0.0596,0.0177,0.8537,-52.0732,63.7805
1574147364683.0,0.0719,-0.0657,0.0226,-2.1951,-64.5732,57.3781
1574147364684.0,0.0787,-0.0708,0.0242,-3.5366,-71.5854,46.4024
1574147364684.0,0.0869,-0.075,0.0198,-1.4024,-69.8781,36.5244
1574147364685.0,0.0825,-0.0765,0.0291,0.122,-63.4146,30.7927
1574147364686.0,0.0685,-0.0737,0.0407,2.0122,-56.4634,25.4878
1574147364686.0,0.0616,-0.0724,0.0438,5.7317,-48.0488,19.939
1574147364727.0,0.0658,-0.0765,0.0384,5.3049,-48.1098,14.1463
1574147364727.0,0.0665,-0.0822,0.0272,2.6829,-57.0732,8.8415
1574147364728.0,0.0646,-0.0845,0.0138,2.622,-72.1951,5.0
1574147364729.0,0.0719,-0.0891,0.0128,4.7561,-89.3902,-0.3049
1574147364729.0,0.0874,-0.0948,0.0211,1.3415,-105.9146,-8.4146
1574147364772.0,0.0988,-0.0953,0.0308,-0.2439,-118.4146,-18.5366
1574147364772.0,0.0994,-0.0931,0.041,0.7317,-126.2195,-29.5732
1574147364773.0,0.0948,-0.092,0.0485,0.2439,-129.8781,-37.7439
1574147364774.0,0.0912,-0.0875,0.0606,-1.5854,-131.0976,-41.6463
1574147364817.0,0.1003,-0.0862,0.0676,-4.0244,-132.6829,-43.4146
1574147364818.0,0.1182,-0.0894,0.0693,-11.1585,-129.6342,-46.8293
1574147364819.0,0.1267,-0.09,0.0618,-15.4878,-112.9268,-48.7805
1574147364820.0,0.1227,-0.0892,0.0522,-15.122,-85.5488,-48.8415
1574147364820.0,0.116,-0.0868,0.0377,-12.9268,-58.0488,-49.2683
1574147364862.0,0.111,-0.0859,0.0196,-11.3415,-37.9878,-48.7195
1574147364863.0,0.1132,-0.088,0.0105,-7.7439,-23.3537,-45.2439
1574147364863.0,0.1135,-0.0919,0.0058,-1.4024,-9.2073,-40.2439
1574147364865.0,0.1108,-0.0906,0.0009,4.0244,0.6707,-34.2073
1574147364907.0,0.1118,-0.0824,0.0065,8.2317,-4.2073,-29.5122
1574147364908.0,0.1182,-0.0709,0.0214,13.2317,-25.8537,-31.0366
1574147364908.0,0.1229,-0.069,0.0239,14.4512,-44.7561,-33.5976
1574147364909.0,0.1322,-0.0735,0.0175,11.6463,-50.3049,-34.1463
1574147364909.0,0.1552,-0.0798,0.0154,10.7927,-41.4024,-29.7561
1574147364952.0,0.1669,-0.0826,0.0121,13.7195,-20.5488,-23.9634
1574147364953.0,0.154,-0.0783,0.0091,18.7805,3.2927,-19.2683
1574147364954.0,0.1284,-0.071,0.0046,22.378,26.0366,-18.5976
1574147364954.0,0.111,-0.0663,0.005,26.5244,51.7683,-19.7561
1574147364997.0,0.1166,-0.0671,0.0089,29.8171,70.4878,-18.2927
1574147364998.0,0.1415,-0.0683,0.0173,35.8537,81.7683,-15.8537
1574147364999.0,0.1557,-0.0647,0.0309,42.439,92.9268,-13.2927
1574147365000.0,0.1396,-0.0664,0.0365,37.2561,112.439,-13.4146
1574147365001.0,0.1195,-0.0682,0.0356,29.878,153.8415,-15.7317
1574147365043.0,0.1032,-0.0612,0.0356,30.122,192.5,-14.5732
1574147365044.0,0.1057,-0.0596,0.0291,31.7683,197.7439,-9.6341
1574147365045.0,0.114,-0.0576,0.0284,31.0366,182.3781,-2.622
1574147365046.0,0.1158,-0.0546,0.0346,30.4878,156.3415,5.122
1574147365046.0,0.1187,-0.0538,0.0396,29.3293,139.2683,9.0854
1574147365087.0,0.1222,-0.053,0.0475,30.7927,140.1219,9.6951
1574147365088.0,0.1183,-0.0517,0.054,34.4512,143.5976,11.7073
1574147365089.0,0.1013,-0.0533,0.0532,36.5244,145.3659,16.0366
1574147365090.0,0.0801,-0.0611,0.0441,37.8659,145.0,19.939
1574147365132.0,0.0635,-0.0621,0.0343,38.2927,136.1585,20.122
1574147365133.0,0.0562,-0.0552,0.0352,40.8537,114.939,19.0244
1574147365134.0,0.0607,-0.0494,0.0453,43.1098,84.0244,15.9756
1574147365135.0,0.0775,-0.0463,0.0586,43.9634,50.9756,10.122
1574147365136.0,0.1022,-0.043,0.0714,41.7683,21.5854,4.6951
1574147365177.0,0.1302,-0.0375,0.083,42.439,5.0,0.9146
1574147365178.0,0.1428,-0.0309,0.0849,45.0,13.2317,-2.9268
1574147365179.0,0.124,-0.022,0.0692,44.939,47.0732,-5.5488
1574147365180.0,0.0963,-0.0161,0.0509,46.5854,89.3293,-9.0244
1574147365222.0,0.0776,-0.013,0.0502,50.7317,114.0244,-13.5976
1574147365223.0,0.0754,-0.0118,0.0594,51.4634,100.7927,-11.3415
1574147365224.0,0.0862,-0.0172,0.0728,45.2439,57.2561,-3.4756
1574147365225.0,0.1033,-0.0256,0.0837,37.439,4.8171,-0.4268
1574147365226.0,0.1242,-0.0376,0.0887,30.6707,-35.7927,-4.0244
1574147365267.0,0.1436,-0.0406,0.0848,25.5488,-47.622,-5.3049
1574147365268.0,0.1506,-0.0325,0.0818,29.3293,-23.5366,-3.6585
1574147365269.0,0.1348,-0.0329,0.0697,29.3293,24.5122,-3.3537
1574147365270.0,0.1052,-0.0356,0.0563,26.4634,77.622,-3.5976
1574147365312.0,0.0809,-0.0319,0.0559,29.2683,114.6951,-4.1463
1574147365313.0,0.0751,-0.0276,0.0686,33.9634,119.6951,-2.9268
1574147365314.0,0.0881,-0.0265,0.0782,34.0854,92.0732,0.122
1574147365315.0,0.1094,-0.0307,0.0877,31.2195,53.2927,2.2561
1574147365316.0,0.1182,-0.0369,0.0884,27.0122,24.1463,4.6341
1574147365357.0,0.1138,-0.0389,0.082,22.561,12.439,7.9878
1574147365359.0,0.1104,-0.038,0.0681,21.0366,14.2683,8.4756
1574147365359.0,0.1213,-0.0385,0.0651,22.439,21.4024,8.2927
1574147365360.0,0.1349,-0.0367,0.0785,24.939,31.7073,12.1951
1574147365361.0,0.1331,-0.0338,0.0907,28.4146,53.1707,16.0366
1574147365402.0,0.1118,-0.029,0.096,34.2683,87.5,20.0
1574147365403.0,0.0853,-0.0313,0.0948,38.4756,117.6829,23.1098
1574147365404.0,0.0725,-0.0381,0.0892,41.1585,128.7805,24.939
1574147365405.0,0.0709,-0.0411,0.0867,44.939,119.1463,27.1341
1574147365447.0,0.067,-0.0408,0.0806,50.0,99.8781,26.5854
1574147365448.0,0.0648,-0.0369,0.0714,56.6463,81.1585,21.5854
1574147365449.0,0.0746,-0.0354,0.1166,59.0244,75.3659,12.9268
1574147365449.0,0.0588,-0.041,0.1309,47.3781,79.7561,12.9268
1574147365450.0,0.0505,-0.0506,0.118,21.9512,68.9634,14.939
1574147365492.0,0.04,-0.0464,0.1077,12.0732,74.2683,9.1463
1574147365493.0,0.0409,-0.0527,0.1022,10.6098,75.8537,3.6585
1574147365494.0,0.0447,-0.0507,0.0944,1.1585,58.5366,-1.8902
1574147365495.0,0.0486,-0.0459,0.0851,-5.3049,46.0976,-7.8049
1574147365537.0,0.0486,-0.0381,0.0868,-6.2195,44.5122,-14.6341
1574147365538.0,0.0505,-0.0293,0.0936,-6.2195,43.5976,-19.7561
1574147365539.0,0.0582,-0.0222,0.0941,-9.5122,39.6951,-27.2561
1574147365540.0,0.0655,-0.0129,0.0932,-12.5,36.5244,-33.1098
1574147365541.0,0.076,-0.0063,0.1001,-12.1341,32.0732,-36.4634
1574147365582.0,0.0895,-0.0009,0.1061,-12.8659,20.061,-39.3902
1574147365584.0,0.1029,0.0045,0.0997,-15.061,-0.4268,-39.5732
1574147365585.0,0.1233,0.0037,0.0876,-15.7927,-26.3415,-34.878
1574147365586.0,0.1408,-0.0012,0.0782,-15.9146,-47.0122,-25.7317
1574147365627.0,0.1483,-0.0043,0.0721,-9.6951,-46.5244,-11.6463
1574147365628.0,0.1456,-0.0058,0.0729,2.2561,-26.1585,3.1707
1574147365629.0,0.1306,-0.0017,0.0815,17.0122,-1.8293,14.2683
1574147365629.0,0.1099,0.002,0.0906,29.5122,14.3902,23.3537
1574147365630.0,0.0901,-0.0004,0.0971,36.6463,15.1829,30.9146
1574147365672.0,0.0786,-0.0048,0.0928,39.3902,0.7927,35.8537
1574147365673.0,0.0776,-0.0143,0.0805,40.6098,-25.122,40.2439
1574147365674.0,0.0847,-0.0259,0.0757,43.0488,-54.1463,45.9756
1574147365675.0,0.0792,-0.0357,0.0813,49.6951,-72.3781,51.9512
1574147365717.0,0.0744,-0.0457,0.0785,56.4634,-70.4878,52.622
1574147365718.0,0.0797,-0.0505,0.0939,63.5976,-53.7805,48.2927
1574147365719.0,0.0645,-0.0468,0.1164,65.7317,-32.622,45.061
1574147365720.0,0.042,-0.0496,0.1329,63.5366,-5.9146,38.6585
1574147365721.0,0.0185,-0.0504,0.1367,55.9146,23.5976,27.7439
1574147365762.0,-0.0031,-0.0529,0.1349,44.939,43.0488,16.2195
1574147365763.0,-0.019,-0.0527,0.1248,33.0488,53.6585,0.9756
1574147365764.0,-0.0139,-0.0504,0.1179,19.2073,46.5854,-15.4268
1574147365765.0,0.0231,-0.0483,0.1285,1.8902,22.1341,-31.5854
1574147365766.0,0.0623,-0.0486,0.1406,-17.1951,8.4146,-44.3293
1574147365807.0,0.0681,-0.046,0.1355,-28.2317,31.6463,-48.6585
1574147365808.0,0.0585,-0.0395,0.1196,-32.1951,66.3415,-51.8902
1574147365809.0,0.0697,-0.0314,0.1083,-38.2927,67.8659,-61.6463
1574147365810.0,0.1031,-0.0218,0.1002,-47.0732,39.2073,-67.3171
1574147365852.0,0.1328,-0.0141,0.0873,-51.7073,12.9268,-60.0
1574147365854.0,0.1422,-0.0091,0.0779,-48.9024,4.6341,-44.2073
1574147365855.0,0.1426,-0.0042,0.0627,-37.2561,4.7561,-28.5976
1574147365855.0,0.1407,0.0021,0.0558,-22.7439,-2.8659,-14.1463
1574147365856.0,0.1405,0.0018,0.0599,-9.4512,-15.6707,2.622
1574147365897.0,0.1416,-0.0009,0.0698,4.939,-21.4634,18.5976
1574147365898.0,0.126,0.001,0.073,21.8293,-11.9512,32.9878
1574147365899.0,0.0956,-0.0031,0.0707,36.7683,0.5488,45.5488
1574147365900.0,0.0784,-0.0091,0.0696,45.5488,-6.2195,50.0
1574147365942.0,0.0766,-0.0137,0.0744,51.0976,-26.8902,51.0366
1574147365943.0,0.0714,-0.0204,0.0839,56.4024,-44.6951,55.6707
1574147365943.0,0.0641,-0.0302,0.0855,61.6463,-49.5732,59.0244
1574147365944.0,0.0625,-0.0344,0.1028,65.7927,-48.5366,58.9634
1574147365944.0,0.056,-0.0356,0.1315,66.0366,-46.7683,54.8781
1574147365987.0,0.0461,-0.0408,0.1483,59.8171,-30.4268,43.2927
1574147365988.0,0.0262,-0.041,0.1573,49.3293,2.1951,31.2805
1574147365988.0,0.0078,-0.0411,0.1515,37.7439,30.7317,22.5
1574147365989.0,0.0024,-0.0406,0.1306,22.8659,43.3537,9.8171
1574147366032.0,0.0121,-0.0373,0.1199,8.2317,40.2439,-4.6341
1574147366033.0,0.0369,-0.0368,0.1206,-5.4268,27.0732,-16.7683
1574147366033.0,0.0555,-0.0372,0.1227,-18.5976,19.2683,-25.2439
1574147366034.0,0.0581,-0.0328,0.1235,-27.622,25.3049,-31.2195
1574147366035.0,0.0652,-0.0247,0.1086,-33.3537,33.8415,-38.1707
1574147366077.0,0.0917,-0.0213,0.0914,-41.7073,25.0,-44.0854
1574147366078.0,0.1165,-0.0236,0.0878,-47.9268,6.8902,-45.4878
1574147366078.0,0.1198,-0.0228,0.0831,-45.0,2.9268,-38.3537
1574147366079.0,0.1224,-0.0212,0.0764,-35.061,8.7805,-27.1341
1574147366080.0,0.1343,-0.0175,0.0785,-25.3659,3.7195,-14.6341
1574147366122.0,0.1397,-0.0096,0.0851,-15.7927,-10.9756,-2.1951
1574147366123.0,0.1344,-0.0045,0.0927,-5.8537,-17.622,9.4512
1574147366124.0,0.1213,-0.0045,0.0925,3.1707,-14.0244,20.5488
1574147366125.0,0.098,-0.0048,0.0825,12.9268,-10.6707,32.2561
1574147366167.0,0.08,-0.0081,0.0737,21.4024,-20.4878,40.9756
1574147366168.0,0.075,-0.0112,0.0826,28.9024,-38.5976,44.939
1574147366169.0,0.07,-0.0113,0.1039,35.122,-43.9024,48.8415
1574147366169.0,0.0441,-0.0104,0.1099,40.4878,-25.122,51.7073
1574147366170.0,0.0177,-0.0132,0.1131,44.7561,0.2439,47.6829
1574147366212.0,0.0069,-0.0179,0.1263,43.1098,8.4756,39.2073
1574147366213.0,0.0073,-0.0225,0.1346,35.122,3.4756,28.4756
1574147366214.0,0.0052,-0.0271,0.1308,25.1829,6.0366,15.061
1574147366214.0,0.0009,-0.0347,0.1201,15.6707,16.7073,-1.9512
1574147366257.0,0.0157,-0.0401,0.1186,5.9146,25.9756,-20.8537
1574147366258.0,0.0446,-0.0408,0.1349,-8.4146,30.3049,-36.1585
1574147366259.0,0.0554,-0.0334,0.1487,-22.0732,45.2439,-46.5854
1574147366260.0,0.0624,-0.0249,0.1435,-29.878,65.2439,-56.0366
1574147366261.0,0.0848,-0.0197,0.1279,-40.3049,61.3415,-65.6098
1574147366302.0,0.1143,-0.0154,0.1147,-50.4268,32.9878,-65.4878
1574147366303.0,0.1387,-0.0109,0.0903,-53.2927,1.7683,-58.4146
1574147366304.0,0.1482,-0.0069,0.0635,-47.3781,-14.4512,-44.3293
1574147366305.0,0.1456,-0.0078,0.0497,-36.0976,-21.9512,-23.9634
1574147366347.0,0.129,-0.0054,0.0469,-17.561,-18.7195,-4.5732
1574147366348.0,0.1173,-0.0005,0.0532,2.8659,-12.561,11.2195
1574147366349.0,0.1147,0.0042,0.0627,18.5366,-15.8537,21.8293
1574147366350.0,0.1005,0.004,0.0706,29.5122,-21.9512,32.9268
1574147366351.0,0.0852,0.0031,0.0791,39.6951,-27.439,40.7927
1574147366392.0,0.0877,-0.0003,0.0864,47.5,-37.7439,41.3415
1574147366393.0,0.0874,-0.0049,0.0939,51.1585,-47.622,45.5488
1574147366394.0,0.0837,-0.019,0.087,54.2683,-48.4756,52.9268
1574147366395.0,0.106,-0.0344,0.084,56.9512,-42.6829,54.8781
1574147366396.0,0.0895,-0.0289,0.126,61.5854,-34.7561,58.5976
1574147366437.0,0.022,-0.0344,0.1595,62.5,-5.9146,52.2561
1574147366439.0,-0.0308,-0.0424,0.1569,55.4268,45.061,26.7683
1574147366440.0,-0.041,-0.043,0.1501,38.7805,67.9878,8.1707
1574147366441.0,-0.0219,-0.0438,0.141,17.5,52.622,-4.2073
1574147366482.0,0.0087,-0.0424,0.1357,-7.561,25.8537,-20.6098
1574147366483.0,0.0213,-0.0387,0.1409,-29.5732,14.878,-36.5854
1574147366484.0,0.0123,-0.033,0.1362,-41.5244,31.5244,-50.4878
1574147366485.0,0.017,-0.0312,0.1206,-49.6341,54.1463,-64.3293
1574147366486.0,0.0468,-0.0252,0.1169,-57.3781,53.8415,-74.2073
1574147366527.0,0.0884,-0.0154,0.1109,-62.8049,29.3293,-76.7073
1574147366572.0,0.1246,-0.0095,0.1056,-69.0854,-0.3659,-75.122
1574147366617.0,0.1481,-0.0015,0.0977,-66.9512,-14.5732,-69.6341
1574147366618.0,0.1603,0.0052,0.0805,-57.1951,-19.1463,-56.0976
1574147366619.0,0.1724,0.0027,0.055,-46.2195,-27.439,-37.561
1574147366620.0,0.1768,0.0004,0.0471,-31.5854,-35.9146,-14.8171
1574147366621.0,0.1599,0.002,0.0594,-11.4634,-36.5244,9.6951
1574147366621.0,0.1331,0.0019,0.062,9.878,-22.1951,27.2561
1574147366622.0,0.1073,-0.001,0.058,26.2805,-8.7805,42.8049
1574147366623.0,0.0856,-0.003,0.0578,37.378,-17.9878,52.8659
1574147366624.0,0.0732,-0.005,0.0713,47.1341,-42.9878,53.1707
1574147366624.0,0.0637,-0.0068,0.09,53.3537,-66.0366,53.4146
1574147366662.0,0.0539,-0.0123,0.1116,55.061,-77.0122,54.3293
1574147366663.0,0.0343,-0.0146,0.128,52.2561,-77.2561,52.8049
1574147366663.0,0.0082,-0.0128,0.136,45.2439,-76.1585,46.8293
1574147366664.0,-0.0114,-0.0101,0.1414,31.7073,-80.6098,31.7683
1574147366664.0,-0.0216,-0.001,0.1313,15.0,-96.4634,11.8902
1574147366665.0,-0.0086,-0.0001,0.1277,-5.1829,-132.5,-4.2683
1574147366707.0,0.0381,-0.0083,0.1539,-31.9512,-178.5366,-18.1098
1574147366708.0,0.09,-0.0143,0.1729,-61.1585,-223.9025,-26.5854
1574147366708.0,0.1319,-0.0219,0.166,-94.3902,-260.9146,-28.1098
1574147366709.0,0.1465,-0.0243,0.1518,-124.5732,-271.2195,-26.2805
1574147366752.0,0.1509,-0.0278,0.1304,-147.2561,-259.2683,-20.6707
1574147366753.0,0.1469,-0.034,0.1098,-167.0732,-236.8293,-9.939
1574147366753.0,0.1453,-0.0384,0.0773,-182.9268,-214.2073,3.4146
1574147366754.0,0.1241,-0.0421,0.0433,-194.2073,-199.4512,15.6098
1574147366755.0,0.1008,-0.0478,0.0189,-198.1098,-205.2439,26.7073
1574147366797.0,0.1032,-0.06,-0.0002,-199.8171,-224.2683,36.7683
1574147366798.0,0.1111,-0.0631,0.0077,-197.8049,-240.3049,49.6341
1574147366799.0,0.1143,-0.0464,0.0369,-187.6219,-245.122,62.7439
1574147366800.0,0.1385,-0.0348,0.0413,-176.8902,-234.5732,63.5366
1574147366800.0,0.162,-0.0325,0.0118,-175.061,-205.5488,57.9878
1574147366842.0,0.1475,-0.0299,-0.0388,-164.0244,-150.2439,63.1098
1574147366843.0,0.1354,-0.0402,-0.0725,-139.5122,-83.4146,64.6951
1574147366844.0,0.1307,-0.0552,-0.0903,-116.3415,-14.6951,61.8902
1574147366845.0,0.1176,-0.0618,-0.092,-92.439,32.9878,59.6951
1574147366887.0,0.102,-0.0588,-0.0873,-64.0244,61.8293,52.0732
1574147366888.0,0.083,-0.0493,-0.0756,-36.0976,77.8049,39.2073
1574147366889.0,0.0748,-0.038,-0.0533,-11.5854,75.6098,28.3537
1574147366890.0,0.0879,-0.0331,-0.0295,7.6829,54.939,22.1341
1574147366890.0,0.1089,-0.0361,-0.0207,19.5122,25.0,19.7561
1574147366932.0,0.1191,-0.0478,-0.0184,30.5488,9.1463,20.0
1574147366933.0,0.119,-0.057,-0.0149,41.8902,21.8902,20.8537
1574147366934.0,0.112,-0.0554,-0.007,54.939,56.1585,19.878
1574147366935.0,0.0998,-0.0519,0.0079,67.8659,93.7805,17.2561
1574147366977.0,0.0883,-0.0503,0.0264,75.3049,127.622,14.3293
1574147366978.0,0.078,-0.049,0.0409,78.7195,156.2805,13.7195
1574147366978.0,0.0753,-0.0549,0.0462,76.7073,168.7195,15.8537
1574147366979.0,0.0804,-0.0662,0.0501,71.0366,159.4512,17.622
1574147366979.0,0.075,-0.0755,0.0608,65.4878,135.6707,16.9512
1574147367022.0,0.0552,-0.0792,0.0743,57.561,108.2317,15.9756
1574147367023.0,0.0378,-0.0795,0.0836,48.9024,79.1463,11.7073
1574147367024.0,0.0295,-0.079,0.0905,36.7073,42.8659,2.622
1574147367024.0,0.0269,-0.0782,0.0916,21.7683,2.5,-7.8659
1574147367067.0,0.0247,-0.0751,0.0825,5.2439,-39.7561,-16.7683
1574147367068.0,0.0295,-0.0739,0.076,-12.6829,-86.4634,-23.9024
1574147367069.0,0.0445,-0.0729,0.0839,-36.7683,-132.561,-27.9268
1574147367070.0,0.0815,-0.0695,0.0901,-60.6098,-176.2805,-30.0
1574147367071.0,0.1205,-0.0714,0.0984,-82.9268,-208.6585,-33.7805
1574147367112.0,0.1399,-0.0734,0.1054,-104.2683,-233.7805,-36.0976
1574147367113.0,0.1516,-0.083,0.1094,-124.1463,-248.3537,-34.6341
1574147367114.0,0.1487,-0.0894,0.0936,-143.3537,-236.9512,-31.5244
1574147367115.0,0.1332,-0.0878,0.059,-150.9146,-195.5488,-23.2317
1574147367116.0,0.121,-0.0918,0.0167,-145.7317,-132.6829,-17.8049
1574147367202.0,0.1296,-0.0921,-0.0136,-135.3659,-79.4512,-23.1707
1574147367203.0,0.146,-0.0831,-0.0287,-119.8171,-49.0854,-28.0488
1574147367204.0,0.1446,-0.0767,-0.0273,-97.3171,-41.8902,-30.1829
1574147367204.0,0.1314,-0.0675,-0.0284,-75.6707,-50.4268,-35.2439
1574147367205.0,0.1139,-0.0541,-0.0351,-50.3659,-60.4878,-41.6463
1574147367206.0,0.0944,-0.0425,-0.0336,-28.5366,-77.561,-50.7317
1574147367206.0,0.0898,-0.0278,-0.0295,-16.6463,-101.6463,-60.4268
1574147367207.0,0.1064,-0.0148,-0.0286,-8.8415,-113.7195,-65.0
1574147367208.0,0.1461,-0.0052,-0.0182,-2.9878,-98.1098,-68.0488
1574147367247.0,0.1807,0.0044,-0.0091,6.8293,-42.1341,-67.561
1574147367248.0,0.192,0.0095,-0.0175,19.939,42.1951,-65.4878
1574147367249.0,0.1897,0.0062,-0.0358,32.7439,134.1463,-64.3293
1574147367250.0,0.1826,-0.0007,-0.0507,47.0122,203.8415,-63.7195
1574147367293.0,0.1596,-0.0051,-0.051,57.8049,234.6951,-57.1951
1574147367337.0,0.1131,-0.0051,-0.0287,64.1463,227.1951,-48.4756
1574147367338.0,0.0897,-0.006,0.0005,67.1341,183.1707,-47.8659
1574147367339.0,0.1144,-0.0119,0.021,59.3293,110.9146,-51.5244
1574147367340.0,0.1137,-0.0109,0.0125,47.1341,58.9024,-42.5
1574147367341.0,0.1326,-0.0206,0.0043,45.6098,38.1098,-30.9756
1574147367342.0,0.1423,-0.0247,0.0033,37.5,28.5366,-16.1585
1574147367343.0,0.1306,-0.0305,-0.0013,47.0732,44.6951,-13.7805
1574147367343.0,0.1184,-0.042,-0.0107,55.8537,70.3049,-12.1341
1574147367344.0,0.1115,-0.0448,-0.0108,56.4024,75.4878,-1.6463
1574147367382.0,0.1124,-0.0443,-0.0071,67.8659,74.2683,-3.7805
1574147367383.0,0.1284,-0.0411,0.0048,78.5366,73.7195,-9.0854
1574147367383.0,0.1529,-0.0398,0.0264,87.5,66.8293,-17.9268
1574147367384.0,0.1651,-0.0381,0.0592,96.5244,70.3659,-36.2195
1574147367427.0,0.1559,-0.0256,0.0751,91.4024,86.7073,-25.3049
1574147367472.0,0.1151,-0.033,0.0541,82.0732,116.9512,18.2927
1574147367473.0,0.0967,-0.0508,0.0488,77.1341,143.1707,26.4024
1574147367473.0,0.0862,-0.0494,0.0524,79.5732,127.0732,12.378
1574147367474.0,0.0745,-0.0353,0.042,71.2805,92.3781,19.3902
1574147367475.0,0.0939,-0.0249,0.0457,69.3293,50.8537,20.1829
1574147367475.0,0.1217,-0.0342,0.0637,68.5366,16.1585,24.939
1574147367476.0,0.1445,-0.0404,0.0657,50.9146,-9.939,22.7439
1574147367477.0,0.1457,-0.0344,0.0601,42.7439,9.7561,17.9878
1574147367517.0,0.1304,-0.0329,0.0544,43.9024,63.4756,19.4512
1574147367518.0,0.1038,-0.0298,0.0535,44.4512,122.3171,16.2805
1574147367519.0,0.0725,-0.0137,0.0703,45.6098,164.0854,12.8659
1574147367520.0,0.0616,-0.0125,0.0731,46.5854,167.1951,10.8537
1574147367521.0,0.0815,-0.0151,0.0723,38.3537,127.8659,5.9756
1574147367562.0,0.1027,-0.0139,0.0729,32.7439,76.2195,5.9146
1574147367563.0,0.1089,-0.0199,0.071,28.6585,44.3902,7.0732
1574147367564.0,0.1125,-0.0253,0.0715,25.122,41.5244,4.5732
1574147367565.0,0.1177,-0.0273,0.0782,20.7927,56.8902,3.5366
1574147367607.0,0.1165,-0.025,0.0865,17.6829,82.3171,5.9146
1574147367608.0,0.1029,-0.0213,0.0953,15.2439,111.2805,6.0976
1574147367609.0,0.0873,-0.0183,0.0957,12.622,127.5,4.5122
1574147367610.0,0.0753,-0.0174,0.0881,9.7561,124.5732,6.0366
1574147367611.0,0.0656,-0.0167,0.0828,7.0732,105.4268,5.9146
1574147367652.0,0.065,-0.0197,0.0767,4.6341,75.4878,1.6463
1574147367654.0,0.0832,-0.0237,0.0753,3.2927,37.0122,-5.2439
1574147367655.0,0.1096,-0.0206,0.0718,3.7805,-3.2927,-7.622
1574147367655.0,0.128,-0.0197,0.064,2.9878,-22.561,-5.9146
1574147367697.0,0.1302,-0.0228,0.0667,1.0366,-5.5488,-1.4634
1574147367699.0,0.113,-0.0255,0.0715,3.9024,37.1951,1.8293
1574147367700.0,0.0931,-0.0241,0.0753,11.1585,73.1707,1.0976
1574147367701.0,0.0799,-0.0186,0.0805,15.6707,81.1585,0.6707
1574147367702.0,0.0762,-0.0171,0.0805,16.7073,64.6951,-2.5
1574147367742.0,0.0826,-0.0215,0.0753,15.2439,36.0366,-6.0976
1574147367744.0,0.095,-0.0264,0.077,14.5122,8.9024,-6.3415
1574147367745.0,0.113,-0.0334,0.0834,13.8415,-4.939,-4.2683
1574147367745.0,0.1245,-0.0345,0.0894,14.5732,-1.4634,-0.6707
1574147367787.0,0.127,-0.0342,0.0945,16.2805,14.1463,3.5366
1574147367788.0,0.1197,-0.0346,0.0967,16.4024,31.4024,2.9268
1574147367789.0,0.1045,-0.032,0.0967,16.7073,44.6341,3.1707
1574147367790.0,0.0912,-0.0308,0.0935,11.8902,49.2683,3.8415
1574147367792.0,0.0784,-0.0295,0.0856,6.7683,46.8902,2.3171
1574147367832.0,0.0694,-0.0284,0.0762,4.2683,36.8902,3.4146
1574147367833.0,0.0656,-0.025,0.075,4.0244,21.3415,4.3293
1574147367834.0,0.0738,-0.0211,0.0792,4.7561,6.7073,3.5366
1574147367835.0,0.0853,-0.0197,0.0856,3.6585,-2.1341,2.439
1574147367836.0,0.0846,-0.0211,0.0886,3.5976,-3.3537,0.061
1574147367877.0,0.086,-0.0236,0.0906,3.7805,1.5244,-3.1707
1574147367879.0,0.0957,-0.022,0.0923,5.4878,3.6585,-5.5488
1574147367880.0,0.0933,-0.02,0.0951,4.6951,0.7317,-6.8293
1574147367881.0,0.0909,-0.0201,0.0918,-0.4878,0.7927,-8.3537
1574147367922.0,0.0911,-0.0197,0.0869,-5.6098,-0.6707,-7.622
1574147367924.0,0.0889,-0.0191,0.0825,-9.4512,-7.1341,-4.7561
1574147367925.0,0.0858,-0.0195,0.0771,-10.2439,-11.8293,-5.7317
1574147367926.0,0.0863,-0.0207,0.0789,-9.8171,-14.8171,-6.2195
1574147367927.0,0.0934,-0.022,0.0811,-9.1463,-16.1585,-5.9146
1574147367967.0,0.1033,-0.0252,0.0853,-6.8902,-14.5732,-6.2805
1574147367969.0,0.1033,-0.0265,0.0908,-5.6707,-14.0854,-5.7317
1574147367969.0,0.1021,-0.03,0.0864,-7.1951,-14.878,-5.4878
1574147367970.0,0.1115,-0.0328,0.0898,-8.5976,-14.0854,-5.7317
1574147368012.0,0.1105,-0.03,0.0896,-8.7805,-9.5732,-2.8049
1574147368014.0,0.1043,-0.0276,0.0851,-7.6829,-2.0732,-2.0732
1574147368015.0,0.1019,-0.0275,0.0862,-6.7683,4.6951,-2.9878
1574147368016.0,0.0942,-0.0284,0.0849,-5.9756,8.7805,-2.9878
1574147368017.0,0.0881,-0.027,0.0809,-5.7317,13.1707,-2.439
1574147368057.0,0.0862,-0.0242,0.083,-5.5488,12.439,-2.2561
1574147368058.0,0.084,-0.02,0.0871,-3.6585,6.5244,-4.2073
1574147368058.0,0.0886,-0.0181,0.0898,-2.622,-0.5488,-5.3049
1574147368059.0,0.1025,-0.0211,0.0884,-2.378,-3.6585,-5.8537
1574147368102.0,0.1151,-0.027,0.0868,-1.5854,0.5488,-5.6098
1574147368103.0,0.1139,-0.0293,0.0895,-1.2195,10.4878,-2.9268
1574147368103.0,0.1038,-0.0295,0.0881,0.7317,20.8537,1.0976
1574147368104.0,0.1008,-0.0294,0.0883,2.378,24.4512,2.5
1574147368105.0,0.0928,-0.026,0.0893,2.8049,22.9268,4.8171
1574147368147.0,0.0795,-0.0255,0.0888,4.8171,19.4512,7.9268
1574147368148.0,0.0724,-0.0271,0.0892,4.5122,7.9268,6.4634
1574147368149.0,0.0946,-0.0321,0.0787,2.5,-5.9756,2.8049
1574147368150.0,0.1042,-0.0317,0.0789,0.3659,-7.1341,4.0854
1574147368151.0,0.0837,-0.0272,0.0822,3.0488,10.9756,6.7073
1574147368192.0,0.0779,-0.0256,0.0842,4.2073,27.0732,3.6585
1574147368194.0,0.0834,-0.0219,0.0881,1.4024,20.2439,1.6463
1574147368195.0,0.0816,-0.0188,0.0885,-0.6707,9.2683,1.7683
1574147368195.0,0.077,-0.0196,0.0878,-2.439,5.061,1.4634
1574147368237.0,0.0789,-0.0217,0.0884,-3.9634,-0.7927,-0.1829
1574147368239.0,0.0832,-0.021,0.0906,-4.939,-9.0854,-1.0366
1574147368240.0,0.0818,-0.0184,0.0907,-5.8537,-14.6951,-0.9146
1574147368240.0,0.0772,-0.017,0.088,-7.1341,-19.2683,-1.4634
1574147368241.0,0.076,-0.0165,0.0859,-8.4756,-26.8293,-3.2317
1574147368283.0,0.0833,-0.0165,0.0837,-9.3902,-36.7683,-4.3902
1574147368284.0,0.0976,-0.0163,0.0836,-9.3293,-44.2683,-4.8171
1574147368285.0,0.1145,-0.0172,0.0792,-9.2683,-42.561,-4.1463
1574147368286.0,0.1125,-0.0178,0.0734,-8.0488,-29.3902,-2.0122
1574147368327.0,0.1083,-0.0216,0.0696,-4.7561,-12.2561,-1.0366
1574147368329.0,0.1124,-0.025,0.0693,-2.439,-2.6829,-0.7927
1574147368330.0,0.1107,-0.0259,0.0715,0.4878,0.4878,1.8902
1574147368331.0,0.1067,-0.0273,0.079,3.4756,3.1098,4.6341
1574147368331.0,0.1031,-0.0277,0.0866,4.2073,5.6707,6.8902
1574147368372.0,0.0946,-0.026,0.0904,2.3171,6.3415,9.0244
1574147368374.0,0.0801,-0.025,0.0847,-1.0976,5.7317,9.0244
1574147368375.0,0.0825,-0.0262,0.0815,-4.8171,2.378,6.0976
1574147368375.0,0.0864,-0.0255,0.0841,-8.6585,-6.2195,4.8171
1574147368417.0,0.0868,-0.0255,0.0829,-11.1585,-12.5,4.2683
1574147368419.0,0.0944,-0.0261,0.0806,-13.2317,-14.878,1.2195
1574147368420.0,0.1001,-0.0276,0.0802,-14.5122,-17.9878,0.6707
1574147368421.0,0.1088,-0.0319,0.0801,-14.8171,-18.1098,1.2805
1574147368421.0,0.1325,-0.0352,0.0793,-14.939,-14.2683,2.3171
1574147368462.0,0.1514,-0.0339,0.0796,-12.8049,-0.2439,5.7317
1574147368464.0,0.1287,-0.0308,0.0795,-7.378,31.1585,12.9268
1574147368465.0,0.0926,-0.027,0.0804,-0.7317,68.5976,18.6585
1574147368465.0,0.0758,-0.0265,0.0841,3.9634,84.939,20.0
1574147368507.0,0.0775,-0.0303,0.0809,4.8171,73.4756,19.6951
1574147368509.0,0.0812,-0.0321,0.0794,6.5854,52.8049,22.8049
1574147368509.0,0.0791,-0.0314,0.085,11.4634,40.5488,25.7317
1574147368510.0,0.0793,-0.0295,0.0928,15.9756,36.7683,26.0366
1574147368511.0,0.0837,-0.0268,0.097,18.5366,35.061,24.6951
1574147368552.0,0.0864,-0.0272,0.1043,20.4268,33.2317,22.3171
1574147368554.0,0.0948,-0.0295,0.1079,21.0976,35.2439,20.2439
1574147368555.0,0.1021,-0.031,0.1068,20.122,36.7073,20.4268
1574147368556.0,0.1011,-0.035,0.1085,19.4512,37.8659,20.5488
1574147368556.0,0.0949,-0.0372,0.1077,18.7195,42.1951,21.4634
1574147368597.0,0.0942,-0.04,0.1031,17.7439,45.9146,24.0854
1574147368599.0,0.0825,-0.0406,0.0961,18.0488,54.3293,26.2805
1574147368600.0,0.0692,-0.0392,0.0944,22.5,64.939,28.1707
1574147368601.0,0.056,-0.0365,0.0932,25.2439,66.7073,27.1341
1574147368642.0,0.0544,-0.0367,0.0936,25.7927,56.0366,23.3537
1574147368643.0,0.0587,-0.0316,0.1011,26.4024,39.939,21.3415
1574147368644.0,0.0718,-0.0276,0.1063,24.5122,24.3293,19.0854
1574147368644.0,0.0794,-0.0276,0.1031,21.2195,16.2195,14.8171
1574147368645.0,0.067,-0.0253,0.103,20.7927,22.0732,13.2927
1574147368687.0,0.0537,-0.0217,0.1044,21.6463,33.6585,10.4878
1574147368689.0,0.0453,-0.0201,0.0994,20.6707,35.4268,6.8293
1574147368690.0,0.0383,-0.0207,0.0941,20.3659,26.7683,2.8659
1574147368690.0,0.0386,-0.02,0.0917,20.4268,7.5,-3.4146
1574147368732.0,0.0527,-0.0149,0.0929,17.439,-23.9024,-10.6098
1574147368734.0,0.0835,-0.0131,0.0981,14.1463,-48.9024,-16.0976
1574147368735.0,0.1083,-0.0144,0.0982,10.2439,-57.0122,-15.9756
1574147368736.0,0.1093,-0.0092,0.0905,9.0244,-47.561,-14.3902
1574147368736.0,0.0941,-0.0101,0.0791,10.9146,-28.6585,-15.5488
1574147368777.0,0.0853,-0.0197,0.0739,12.0122,-15.5488,-15.9146
1574147368778.0,0.0856,-0.0187,0.0842,12.6829,-11.2195,-14.8171
1574147368779.0,0.0848,-0.0135,0.0878,14.0854,-13.9634,-10.6707
1574147368780.0,0.0782,-0.0139,0.0869,14.4512,-17.2561,-9.7561
1574147368822.0,0.0607,-0.0138,0.0837,13.9024,-18.4146,-11.6463
1574147368824.0,0.0514,-0.0162,0.077,14.6951,-23.7805,-15.4268
1574147368824.0,0.0659,-0.0174,0.0731,14.0854,-41.8293,-19.1463
1574147368825.0,0.0997,-0.0165,0.0862,13.4146,-68.4146,-19.5122
1574147368826.0,0.1298,-0.0174,0.1138,11.1585,-78.1707,-20.061
1574147368867.0,0.1284,-0.0169,0.1188,8.5366,-46.8293,-19.2073
1574147368869.0,0.1113,-0.0169,0.1104,8.5976,0.122,-16.0366
1574147368870.0,0.0948,-0.0266,0.0995,4.5732,22.6829,-10.2439
1574147368871.0,0.088,-0.0386,0.0916,-2.5,18.7195,-10.3659
1574147368872.0,0.0864,-0.0389,0.0972,-6.5244,10.122,-10.061
1574147368912.0,0.085,-0.0281,0.0931,-7.439,0.6707,-5.0
1574147368914.0,0.0836,-0.0254,0.087,-7.561,-11.6463,-1.5854
1574147368914.0,0.0694,-0.025,0.0839,-7.9878,-15.8537,-2.561
1574147368915.0,0.0562,-0.0247,0.072,-7.8049,-14.5122,-6.1585
1574147368957.0,0.0547,-0.0214,0.0696,-6.0976,-20.7927,-9.4512
1574147368959.0,0.0615,-0.0188,0.0721,-2.2561,-35.3659,-11.8293
1574147368960.0,0.0847,-0.0206,0.0891,2.622,-53.4146,-14.6951
1574147368961.0,0.1135,-0.0203,0.0948,6.5854,-64.6951,-17.2561
1574147368962.0,0.1235,-0.021,0.1003,10.2439,-53.6585,-16.3415
1574147369002.0,0.1152,-0.0248,0.1032,6.1585,-30.3659,-15.4878
1574147369003.0,0.0994,-0.0297,0.1077,1.5244,-19.1463,-12.9268
1574147369004.0,0.0935,-0.0345,0.1129,-2.622,-33.1707,-8.6585
1574147369005.0,0.0941,-0.0386,0.1092,-8.4146,-63.9634,-4.5122
1574147369047.0,0.0894,-0.037,0.1124,-14.0854,-98.9024,-0.6707
1574147369049.0,0.0811,-0.0345,0.1031,-19.939,-130.6707,2.1341
1574147369050.0,0.0773,-0.0342,0.0861,-24.7561,-156.5244,-0.4268
1574147369051.0,0.0795,-0.035,0.0674,-27.1951,-173.2317,-3.2317
1574147369052.0,0.0908,-0.0344,0.0489,-27.8049,-182.0122,-3.9024
1574147369092.0,0.1097,-0.0284,0.0566,-26.3415,-187.1342,-0.122
1574147369093.0,0.1334,-0.0296,0.076,-29.3902,-188.3537,4.939
1574147369093.0,0.162,-0.0422,0.0807,-38.8415,-172.8049,5.5488
1574147369094.0,0.1773,-0.0488,0.0842,-41.9512,-131.8902,6.1585
1574147369137.0,0.1765,-0.0456,0.0811,-37.9878,-84.2683,9.5732
1574147369138.0,0.1591,-0.0445,0.059,-37.8659,-37.0732,14.8171
1574147369138.0,0.1408,-0.0422,0.0375,-40.061,13.2317,24.6341
1574147369139.0,0.1325,-0.0423,0.0336,-36.2195,49.7561,32.561
1574147369139.0,0.1278,-0.0402,0.0411,-35.5488,61.2805,34.8171
1574147369182.0,0.1211,-0.0369,0.0424,-33.9024,67.9878,38.6585
1574147369183.0,0.1127,-0.0332,0.0435,-29.2073,78.1707,42.9878
1574147369184.0,0.0956,-0.0272,0.0469,-25.3659,91.3415,45.1829
1574147369184.0,0.0839,-0.024,0.0536,-21.2195,99.3902,44.8171
1574147369185.0,0.0918,-0.0237,0.0571,-17.6829,88.4756,43.1098
1574147369227.0,0.1031,-0.0271,0.0561,-15.4878,64.939,45.7317
1574147369228.0,0.1005,-0.0261,0.0529,-12.2561,52.5,51.7073
1574147369228.0,0.0852,-0.0331,0.0681,-2.561,52.0122,54.6341
1574147369229.0,0.0853,-0.043,0.0652,-3.3537,47.3781,48.1707
1574147369272.0,0.0862,-0.03,0.0637,1.4634,53.1707,38.1707
1574147369273.0,0.0713,-0.0287,0.0623,14.5122,71.2805,43.7805
1574147369273.0,0.0536,-0.0391,0.059,18.7195,85.8537,41.1585
1574147369274.0,0.0523,-0.0434,0.0608,22.9268,83.7805,31.3415
1574147369275.0,0.0651,-0.0443,0.0653,28.9634,65.7927,25.9146
1574147369317.0,0.0792,-0.0421,0.071,32.7439,44.6341,23.5366
1574147369318.0,0.0948,-0.0428,0.0789,37.7439,27.3171,19.8171
1574147369318.0,0.0971,-0.0395,0.0805,41.7683,18.3537,16.1585
1574147369319.0,0.0884,-0.0367,0.0735,46.8293,15.7317,14.5122
1574147369362.0,0.0747,-0.0382,0.0682,49.5732,21.8293,7.9268
1574147369363.0,0.0489,-0.0319,0.0734,51.9512,36.4024,1.5244
1574147369364.0,0.033,-0.0222,0.0836,58.1098,39.5732,-3.4756
1574147369365.0,0.056,-0.0234,0.0918,57.6829,11.8902,-7.561
1574147369366.0,0.0938,-0.0254,0.098,49.0244,-37.0122,-6.7073
1574147369407.0,0.1226,-0.0259,0.0944,43.1707,-77.5,-3.7195
1574147369408.0,0.1447,-0.028,0.0853,43.6585,-87.3171,-7.2561
1574147369409.0,0.1575,-0.0256,0.0814,49.8781,-63.7195,-12.8659
1574147369410.0,0.1609,-0.032,0.0869,50.1829,-18.8415,-12.378
1574147369452.0,0.1543,-0.0376,0.0894,47.1951,36.4024,-0.3049
1574147369454.0,0.1119,-0.0341,0.0894,52.5,89.2073,13.1707
1574147369455.0,0.0539,-0.0295,0.0848,61.7073,122.9878,15.8537
1574147369456.0,0.0355,-0.0239,0.0947,65.6098,122.7439,9.8171
1574147369457.0,0.0656,-0.0197,0.0979,64.3902,88.2317,9.0854
1574147369497.0,0.1147,-0.0215,0.1021,57.2561,42.378,17.439
1574147369499.0,0.1352,-0.0231,0.1046,50.7317,26.9512,27.9878
1574147369500.0,0.1168,-0.0267,0.1128,47.7439,51.8293,33.7195
1574147369500.0,0.085,-0.023,0.1216,47.7439,92.2561,27.2561
1574147369542.0,0.0588,-0.0198,0.1182,50.061,120.5488,24.0854
1574147369544.0,0.0513,-0.0225,0.1137,50.1829,126.2805,27.1951
1574147369545.0,0.0607,-0.0289,0.1083,49.2073,115.061,25.061
1574147369546.0,0.09,-0.0343,0.1102,46.0366,92.2561,23.8415
1574147369547.0,0.1043,-0.0246,0.1262,43.4146,74.1463,24.4512
1574147369587.0,0.0912,-0.0154,0.1351,40.4268,69.4512,20.9756
1574147369589.0,0.0682,-0.0104,0.1334,36.0366,82.0122,10.6707
1574147369590.0,0.0617,-0.0064,0.1241,29.0854,96.8293,8.6585
1574147369591.0,0.0699,-0.0093,0.1202,21.8902,100.061,14.4512
1574147369592.0,0.0653,-0.0119,0.1183,16.2195,97.5,18.7195
1574147369632.0,0.0506,-0.0107,0.1091,16.2805,99.2683,17.7439
1574147369634.0,0.0425,-0.0089,0.0989,19.0854,97.2561,14.0854
1574147369635.0,0.0455,-0.007,0.0952,21.9512,84.939,10.6707
1574147369635.0,0.0616,-0.0052,0.0953,25.2439,70.3049,10.4268
1574147369677.0,0.0876,-0.0046,0.0969,27.439,62.0122,11.2805
1574147369679.0,0.101,-0.0012,0.1052,29.2683,64.2073,13.5976
1574147369680.0,0.092,0.0034,0.1137,32.622,79.0854,15.4268
1574147369681.0,0.0708,0.0065,0.1183,35.3659,100.1829,14.3293
1574147369681.0,0.0585,0.0092,0.1133,35.9146,109.5732,16.0976
1574147369722.0,0.0599,0.012,0.102,35.122,98.5976,23.8415
1574147369724.0,0.0583,0.0114,0.0957,34.0854,72.3781,31.0366
1574147369725.0,0.0612,0.007,0.0952,33.3537,39.6341,34.3902
1574147369725.0,0.0679,0.0042,0.0939,35.3049,11.1585,39.5732
1574147369767.0,0.0637,0.001,0.0931,38.0488,-7.378,47.3171
1574147369768.0,0.0544,-0.006,0.0884,41.4634,-16.6463,51.7683
1574147369768.0,0.0421,-0.0143,0.0906,44.5732,-20.6098,52.3171
1574147369769.0,0.032,-0.0206,0.0936,47.0122,-20.6098,51.1585
1574147369770.0,0.0338,-0.0259,0.0925,47.561,-13.1707,48.2317
1574147369812.0,0.0388,-0.027,0.101,45.5488,-1.2805,45.0
1574147369813.0,0.0316,-0.0288,0.1113,43.7195,10.7317,38.8415
1574147369814.0,0.0281,-0.0277,0.1206,40.061,25.8537,26.5244
1574147369815.0,0.0188,-0.023,0.1249,34.5122,35.4268,14.5732
1574147369857.0,0.0024,-0.0259,0.1138,26.5244,36.2805,1.3415
1574147369859.0,-0.0012,-0.0242,0.1025,19.5732,38.4146,-9.5122
1574147369859.0,0.0125,-0.0223,0.1044,15.6098,35.1829,-14.2683
1574147369860.0,0.0205,-0.0213,0.1193,12.6829,30.061,-21.4024
1574147369861.0,0.0234,-0.017,0.1262,10.4268,37.5,-28.1707
1574147369902.0,0.0428,-0.0057,0.1333,10.061,49.8171,-33.1098
1574147369904.0,0.0577,0.0101,0.1437,9.0244,52.439,-35.7317
1574147369905.0,0.0528,0.0199,0.1471,7.561,50.8537,-40.4878
1574147369906.0,0.053,0.0259,0.1459,5.2439,52.5,-47.2561
1574147369907.0,0.0673,0.0317,0.1451,0.4878,44.878,-46.4024
1574147369947.0,0.0787,0.0348,0.1398,-5.3659,27.622,-36.1585
1574147369949.0,0.0836,0.034,0.1282,-8.4756,15.1829,-25.3049
1574147369950.0,0.0858,0.0306,0.1156,-8.2927,12.0122,-16.0976
1574147369951.0,0.0762,0.027,0.1033,-4.1463,13.4756,-3.6585
1574147369992.0,0.0596,0.0271,0.0917,1.5854,17.5,11.2195
1574147369994.0,0.0471,0.0244,0.0917,7.9268,17.8659,18.5976
1574147369994.0,0.0411,0.0167,0.0966,13.7195,9.3902,24.2683
1574147369995.0,0.0379,0.0078,0.0997,17.1951,-5.1829,32.0732
1574147369996.0,0.0363,-0.0017,0.1048,19.0244,-23.7805,38.0488
1574147370037.0,0.0418,-0.0117,0.1111,22.0122,-42.622,38.1707
1574147370039.0,0.0643,-0.0222,0.1128,23.8415,-54.4512,36.7683
1574147370039.0,0.0762,-0.0304,0.1144,22.7439,-51.0976,40.061
1574147370040.0,0.0748,-0.037,0.108,24.3293,-34.2683,44.0854
1574147370082.0,0.0658,-0.0356,0.1232,27.0122,-15.9146,44.2683
1574147370083.0,0.0345,-0.0457,0.1331,24.5732,1.3415,39.6341
1574147370084.0,0.0,-0.0498,0.1245,17.8659,24.6341,25.3049
1574147370085.0,-0.015,-0.0418,0.1116,13.3537,39.0854,18.0488
1574147370086.0,-0.0121,-0.0356,0.1038,9.3902,27.9878,12.8659
1574147370127.0,-0.0063,-0.0323,0.1035,5.5488,10.0,2.7439
1574147370128.0,0.0058,-0.0273,0.1108,3.9634,4.2683,-5.4268
1574147370129.0,0.0164,-0.0189,0.1227,4.0244,8.3537,-10.2439
1574147370130.0,0.0135,-0.0093,0.1318,5.2439,16.8902,-15.6707
1574147370172.0,0.0125,0.0021,0.1341,6.0976,24.939,-24.5122
1574147370173.0,0.0302,0.0137,0.1453,4.0244,26.7683,-33.7195
1574147370173.0,0.0493,0.022,0.1503,-0.061,27.5,-38.8415
1574147370174.0,0.0557,0.0309,0.1526,-2.9878,32.8049,-38.7195
1574147370175.0,0.0511,0.0369,0.1552,-4.1463,43.8415,-36.5244
1574147370217.0,0.0396,0.0417,0.1497,-6.2805,55.122,-38.5976
1574147370218.0,0.0269,0.0458,0.1354,-9.878,60.2439,-39.3293
1574147370218.0,0.0232,0.0463,0.1267,-12.622,55.7927,-37.2561
1574147370219.0,0.0309,0.0475,0.1206,-13.9024,40.1829,-33.4146
1574147370220.0,0.0438,0.0452,0.1155,-14.2073,15.6098,-26.0366
1574147370262.0,0.0518,0.0426,0.1166,-14.4512,-8.4756,-17.5
1574147370263.0,0.0539,0.037,0.1161,-9.6951,-24.5122,-9.4512
1574147370264.0,0.0548,0.0267,0.1067,-5.6707,-35.2439,-2.2561
1574147370264.0,0.0602,0.0179,0.0931,-0.3049,-47.2561,6.0366
1574147370307.0,0.0851,0.0084,0.0829,5.061,-55.7927,13.9634
1574147370308.0,0.0888,-0.0044,0.0939,8.9024,-48.8415,24.6341
1574147370309.0,0.0578,-0.0212,0.1062,15.061,-23.7195,32.6829
1574147370310.0,0.0339,-0.0298,0.1152,21.4634,1.3415,28.9024
1574147370311.0,0.0253,-0.0355,0.1238,21.5854,6.7073,23.1707
1574147370352.0,0.0217,-0.0439,0.1263,15.5488,-4.7561,20.061
1574147370353.0,0.0227,-0.0469,0.1205,7.9268,-18.9634,19.939
1574147370354.0,0.03,-0.0475,0.1085,2.0732,-34.939,18.0488
1574147370355.0,0.0579,-0.0464,0.0967,-1.7073,-51.2805,13.1707
1574147370397.0,0.0787,-0.041,0.095,-2.3171,-58.3537,13.2317
1574147370399.0,0.0661,-0.0408,0.0945,1.0366,-46.0976,15.061
1574147370399.0,0.0413,-0.0388,0.0953,4.6951,-17.5,11.0366
1574147370400.0,0.0245,-0.0314,0.1021,5.6707,7.1341,9.878
1574147370401.0,0.012,-0.0286,0.1131,2.8659,14.2683,7.8659
1574147370442.0,0.0019,-0.0272,0.1183,-3.1707,9.0244,0.2439
1574147370443.0,0.0118,-0.02,0.1183,-9.0244,3.0488,-5.7927
1574147370444.0,0.0299,-0.009,0.1198,-13.7805,-4.3293,-6.2805
1574147370445.0,0.0348,-0.004,0.1218,-15.7317,-6.3415,-6.7683
1574147370488.0,0.0336,0.0021,0.1241,-12.9268,2.9268,-13.1098
1574147370489.0,0.0269,0.0123,0.1281,-10.1829,12.1341,-20.1829
1574147370489.0,0.0184,0.0235,0.1355,-9.5122,15.061,-28.5976
1574147370490.0,0.0168,0.0394,0.1406,-13.1707,11.5244,-35.122
1574147370491.0,0.0174,0.0547,0.1451,-20.9756,0.7927,-38.4146
1574147370532.0,0.0166,0.0621,0.1457,-27.9268,-11.1585,-43.4756
1574147370533.0,0.0207,0.0658,0.1425,-35.061,-25.0,-49.3902
1574147370534.0,0.0228,0.0727,0.1418,-43.9024,-46.5244,-51.1585
1574147370535.0,0.0215,0.076,0.1365,-51.5854,-73.4756,-51.0366
1574147370577.0,0.0219,0.072,0.1335,-58.4756,-98.9634,-53.1707
1574147370578.0,0.0292,0.0692,0.1345,-68.7805,-126.0976,-50.7927
1574147370579.0,0.0419,0.0654,0.1332,-82.1341,-159.0854,-44.2683
1574147370579.0,0.0586,0.055,0.1285,-96.5854,-195.6098,-40.1829
1574147370580.0,0.0772,0.0389,0.1213,-114.1463,-229.939,-38.4146
1574147370622.0,0.0942,0.0208,0.1089,-131.5854,-254.4512,-34.0244
1574147370624.0,0.1025,0.0007,0.1008,-144.7561,-265.3049,-27.8659
1574147370624.0,0.1085,-0.0166,0.0942,-152.2561,-265.4268,-22.439
1574147370625.0,0.1104,-0.03,0.0911,-154.0244,-253.6585,-17.439
1574147370625.0,0.1071,-0.043,0.0907,-154.0244,-232.3171,-14.0244
1574147370667.0,0.095,-0.049,0.0865,-152.8659,-202.7439,-14.3293
1574147370668.0,0.076,-0.0486,0.08,-148.7195,-171.7073,-13.9634
1574147370669.0,0.0701,-0.046,0.0696,-142.561,-151.7683,-13.4146
1574147370670.0,0.0819,-0.045,0.0718,-138.8415,-147.8659,-14.5122
1574147370712.0,0.0877,-0.0444,0.074,-139.6951,-153.5366,-17.622
1574147370713.0,0.0905,-0.0426,0.0634,-139.3902,-157.1951,-20.6098
1574147370714.0,0.0944,-0.0468,0.0552,-137.6829,-154.7561,-23.5976
1574147370715.0,0.0925,-0.0569,0.053,-137.9268,-143.6585,-25.9756
1574147370715.0,0.0866,-0.0673,0.0489,-134.6342,-123.6585,-26.7683
1574147370757.0,0.0906,-0.0698,0.0416,-125.5488,-95.7317,-27.5
1574147370759.0,0.105,-0.0643,0.0337,-111.2195,-59.5122,-29.3293
1574147370759.0,0.114,-0.0573,0.0298,-95.9146,-19.5122,-33.7805
1574147370760.0,0.1068,-0.0511,0.0219,-83.4756,19.1463,-41.4024
1574147370803.0,0.0923,-0.0449,0.0265,-72.3781,46.6463,-49.7561
1574147370804.0,0.0812,-0.0381,0.0352,-59.8781,59.8171,-51.7683
1574147370804.0,0.0642,-0.0356,0.0486,-49.0244,52.5,-48.4756
1574147370805.0,0.0743,-0.0355,0.0457,-46.1585,22.9268,-51.4634
1574147370806.0,0.0985,-0.0327,0.0365,-46.0366,-13.4146,-55.061
1574147370847.0,0.1144,-0.037,0.0339,-44.0244,-48.5366,-48.5366
1574147370848.0,0.1162,-0.0507,0.0264,-42.9878,-65.4878,-45.122
1574147370849.0,0.1116,-0.0526,0.0244,-42.9268,-65.7927,-46.3415
1574147370850.0,0.1184,-0.0433,0.0263,-38.7195,-62.9268,-47.9268
1574147370892.0,0.1197,-0.0406,0.0268,-32.6829,-52.8659,-48.2317
1574147370893.0,0.1017,-0.0377,0.0384,-30.5488,-31.7683,-44.878
1574147370894.0,0.097,-0.0291,0.0588,-27.8049,-13.9634,-46.6463
1574147370895.0,0.1226,-0.0252,0.0793,-27.9878,-14.6341,-55.0
1574147370895.0,0.1376,-0.0225,0.0849,-34.2683,-25.061,-56.7073
1574147370937.0,0.1229,-0.0224,0.0552,-39.2073,-24.6951,-49.0244
1574147370938.0,0.1161,-0.0309,0.0327,-35.7317,-12.622,-43.9024
1574147370939.0,0.1251,-0.0407,0.0207,-29.8171,-8.2927,-40.8537
1574147370940.0,0.1387,-0.037,0.0196,-23.2927,-14.0244,-37.561
1574147370940.0,0.1522,-0.0304,0.0215,-10.3659,-6.6463,-34.3902
1574147370982.0,0.1528,-0.0319,0.0212,2.3171,17.622,-32.5
1574147370983.0,0.1477,-0.0382,0.0363,11.9512,45.3049,-30.5488
1574147370984.0,0.1442,-0.0449,0.0528,19.878,78.1098,-31.0366
1574147370984.0,0.1216,-0.0414,0.0598,25.9756,116.3415,-30.8537
1574147371027.0,0.0979,-0.0407,0.0715,32.8049,141.7683,-26.2805
1574147371028.0,0.0941,-0.0453,0.0788,32.7439,136.5244,-23.6585
1574147371029.0,0.0925,-0.0408,0.0786,25.9146,111.8293,-21.3415
1574147371030.0,0.0889,-0.0342,0.0789,21.0366,83.7805,-17.1951
1574147371031.0,0.0953,-0.0367,0.0793,17.1341,56.4634,-21.0976
1574147371072.0,0.1046,-0.0375,0.0778,10.7927,33.6585,-26.0976
1574147371073.0,0.1105,-0.0338,0.076,4.5122,19.0854,-27.2561
1574147371074.0,0.115,-0.0309,0.0701,0.4878,19.2073,-28.1707
1574147371075.0,0.1129,-0.0264,0.0662,-0.7927,29.878,-30.4878
1574147371117.0,0.1013,-0.0181,0.0767,2.1951,42.2561,-31.8293
1574147371118.0,0.098,-0.0056,0.0843,7.1341,45.5488,-28.9024
1574147371119.0,0.1184,-0.018,0.0913,8.5976,26.6463,-18.4756
1574147371120.0,0.1375,-0.0311,0.0898,-4.1463,-8.5976,-9.939
1574147371121.0,0.1605,-0.0262,0.0764,-7.9878,-28.1707,-8.1707
1574147371162.0,0.1572,-0.0206,0.0787,-0.8537,-24.878,-0.6707
1574147371163.0,0.1331,-0.0227,0.0742,0.122,-7.3171,1.2805
1574147371163.0,0.1149,-0.0227,0.0648,-1.7683,13.9024,-1.5854
1574147371164.0,0.1069,-0.0274,0.0649,-1.1585,24.4512,3.1707
1574147371207.0,0.105,-0.0237,0.0636,-0.8537,32.561,2.9878
1574147371208.0,0.0959,-0.0107,0.0645,7.5,49.3902,3.9634
1574147371208.0,0.0945,-0.0157,0.0715,11.4634,44.6341,12.9878
1574147371209.0,0.1053,-0.0237,0.0712,5.1829,21.8902,7.622
1574147371210.0,0.1158,-0.0138,0.0738,7.622,13.2317,1.4634
1574147371252.0,0.132,0.0011,0.0815,14.5732,13.7805,1.7683
1574147371253.0,0.1497,0.0156,0.0965,13.1098,15.122,-1.0976
1574147371254.0,0.1602,0.0227,0.1003,6.0976,19.3902,0.6707
1574147371254.0,0.1646,0.024,0.0994,-7.9268,27.3171,8.7805
1574147371255.0,0.1575,0.0228,0.093,-23.0488,42.439,18.2317
1574147371297.0,0.1555,0.0164,0.0917,-32.439,56.3415,31.9512
1574147371298.0,0.1584,0.0122,0.0864,-42.0122,60.3659,45.1829
1574147371299.0,0.1451,0.0111,0.0753,-49.6951,54.3902,56.2805
1574147371300.0,0.1199,0.0071,0.0568,-60.0,44.8171,63.9634
1574147371342.0,0.1028,0.0005,0.0488,-64.6951,38.6585,69.7561
1574147371343.0,0.0992,-0.0061,0.0459,-68.5366,31.8293,78.4146
1574147371344.0,0.1006,-0.0186,0.0345,-73.4146,27.2561,86.0976
1574147371345.0,0.0959,-0.0318,0.0264,-74.8781,35.6098,91.8902
1574147371346.0,0.0874,-0.0429,0.0175,-68.6585,53.7195,94.6341
1574147371387.0,0.0742,-0.0526,0.0042,-60.3659,73.3537,94.5122
1574147371388.0,0.0555,-0.06,0.0002,-47.622,88.1098,91.9512
1574147371389.0,0.0432,-0.066,0.0121,-27.3171,95.9756,86.5244
1574147371390.0,0.0391,-0.0685,0.0394,-5.1829,102.9878,82.9878
1574147371432.0,0.0479,-0.0677,0.0654,15.3659,106.7683,82.3781
1574147371433.0,0.0685,-0.075,0.0779,29.4512,98.7195,82.0732
1574147371434.0,0.0798,-0.0878,0.0745,39.3902,87.0122,83.7195
1574147371435.0,0.0664,-0.0981,0.0656,52.1951,84.3293,91.2195
1574147371436.0,0.0412,-0.1027,0.0613,73.5976,79.4512,95.1829
1574147371477.0,0.0231,-0.1049,0.0609,92.2561,53.5976,93.4146
1574147371478.0,0.022,-0.1056,0.0652,100.9146,11.8902,90.2439
1574147371479.0,0.0262,-0.1017,0.0757,106.4024,-31.5244,83.9024
1574147371480.0,0.0257,-0.0977,0.0866,112.3171,-67.1341,73.5976
1574147371522.0,0.0284,-0.0927,0.0931,114.5732,-83.5976,53.9634
1574147371523.0,0.0265,-0.0865,0.0987,115.7317,-87.7439,37.1341
1574147371523.0,0.0246,-0.0771,0.105,112.8049,-97.8049,23.8415
1574147371524.0,0.0298,-0.0655,0.1057,109.2073,-108.2927,8.5976
1574147371525.0,0.0458,-0.056,0.0995,103.2927,-117.0122,-3.9634
1574147371567.0,0.063,-0.0391,0.0964,96.8293,-119.4512,-14.6951
1574147371568.0,0.0867,-0.0264,0.0967,97.3781,-108.8415,-22.7439
1574147371569.0,0.1141,-0.027,0.1005,92.7439,-86.4024,-28.8415
1574147371569.0,0.1268,-0.0211,0.1118,92.8659,-54.7561,-29.2683
1574147371613.0,0.1241,-0.0101,0.1219,101.4024,-24.3902,-28.4146
1574147371614.0,0.1024,-0.0084,0.1245,102.5,-5.7317,-35.6098
1574147371614.0,0.0724,-0.0058,0.1144,87.622,-0.5488,-42.7439
1574147371615.0,0.0586,0.0031,0.1061,73.4756,-1.0366,-42.7439
1574147371615.0,0.0722,0.0184,0.1044,73.2317,-12.1951,-43.7805
1574147371657.0,0.1031,0.0322,0.1085,70.9146,-26.0976,-37.0732
1574147371658.0,0.1313,0.0352,0.1099,54.0854,-23.6585,-23.1098
1574147371659.0,0.1348,0.0345,0.0972,43.8415,5.0,-12.439
1574147371660.0,0.1171,0.0319,0.0813,46.0366,50.061,-13.5366
1574147371661.0,0.0958,0.0285,0.0781,51.2805,87.561,-20.4268
1574147371702.0,0.0804,0.0275,0.0815,53.5976,103.9634,-19.7561
1574147371704.0,0.0719,0.0325,0.0999,54.3293,104.0244,-12.6829
1574147371704.0,0.0595,0.0357,0.1094,54.3902,101.6463,-7.2561
1574147371705.0,0.074,0.0287,0.103,46.3415,76.9512,-2.7439
1574147371747.0,0.115,0.0206,0.0909,32.5,42.622,1.4634
1574147371748.0,0.1542,0.0092,0.0899,25.2439,35.4268,14.2073
1574147371749.0,0.156,0.0098,0.1041,27.0122,73.0488,21.0366
1574147371750.0,0.127,-0.0031,0.1068,32.439,134.1463,17.9268
1574147371751.0,0.0887,-0.0141,0.1108,34.6951,192.6829,12.7439
1574147371792.0,0.0651,-0.0087,0.1105,36.7073,227.439,20.1829
1574147371793.0,0.0663,-0.0112,0.1091,36.7683,217.439,30.6707
1574147371794.0,0.0787,-0.02,0.1122,28.5366,178.5366,42.1341
1574147371795.0,0.0797,-0.017,0.1235,24.8171,147.7439,52.0732
1574147371837.0,0.0746,-0.0167,0.136,26.1585,135.4268,53.1707
1574147371839.0,0.062,-0.0153,0.1284,25.5488,127.3171,46.5854
1574147371839.0,0.0465,-0.0068,0.1078,26.3415,115.0,45.3049
1574147371840.0,0.0408,-0.0103,0.1097,27.439,103.1707,41.8902
1574147371841.0,0.0245,-0.0099,0.1169,25.7317,99.2073,35.6098
1574147371882.0,0.0104,-0.0062,0.1143,24.2683,100.7317,33.4146
1574147371883.0,0.0099,-0.0057,0.1022,18.8415,101.4024,30.122
1574147371884.0,0.0228,-0.0102,0.0971,10.6098,96.6463,21.4634
1574147371885.0,0.0321,-0.0063,0.0938,12.378,95.3049,10.9756
1574147371927.0,0.0456,0.0031,0.0809,20.0,91.9512,17.0732
1574147371929.0,0.0632,0.0064,0.0564,24.8171,88.2927,28.2317
1574147371929.0,0.0615,0.0091,0.067,39.2683,102.0122,27.1951
1574147371930.0,0.0439,0.0212,0.0981,61.9512,121.6463,26.3415
1574147371931.0,0.0392,0.0115,0.1076,72.7439,113.1098,38.3537
1574147371972.0,0.0267,-0.0061,0.107,67.9268,93.5366,42.622
1574147371973.0,0.006,-0.0189,0.1312,76.3415,104.6341,42.5
1574147371974.0,0.0208,-0.0083,0.1705,81.2195,103.1707,43.5366
1574147371975.0,0.0336,-0.0045,0.2184,62.8659,70.9146,40.4878
1574147371976.0,-0.0111,-0.0131,0.2171,41.1585,43.9634,31.0976
1574147372017.0,-0.0333,-0.0114,0.1758,30.4878,36.2195,26.5854
1574147372019.0,-0.017,-0.0101,0.1452,10.4878,19.2073,11.4024
1574147372019.0,-0.0173,-0.0116,0.1193,-2.6829,6.3415,2.9878
1574147372020.0,-0.0135,-0.0076,0.1016,-0.9146,12.561,13.0488
1574147372062.0,-0.001,-0.0029,0.1093,2.0732,12.0122,12.0732
1574147372063.0,-0.0021,0.0046,0.1307,4.939,6.9512,7.9268
1574147372064.0,-0.005,0.0093,0.1439,8.5976,7.2561,10.6098
1574147372065.0,0.01,0.0081,0.1415,7.1951,9.0244,12.378
1574147372066.0,0.0295,0.0057,0.1326,2.1951,2.3171,11.9512
1574147372107.0,0.0325,0.0085,0.131,-2.9268,-9.3293,11.1585
1574147372108.0,0.0257,0.0161,0.131,-3.2317,-4.7561,10.9146
1574147372109.0,0.0316,0.0107,0.1237,-1.1585,5.8537,12.1341
1574147372110.0,0.0348,0.0091,0.1156,-1.6463,5.1829,12.622
1574147372152.0,0.019,0.0125,0.119,2.1951,9.1463,16.8902
1574147372153.0,0.0018,0.014,0.1265,6.4634,13.9634,20.0
1574147372154.0,-0.0073,0.0107,0.1207,6.0976,15.3659,17.6829
1574147372155.0,-0.0102,0.0099,0.113,4.2683,8.8415,9.5122
1574147372156.0,-0.0058,0.0117,0.1113,1.5854,-4.3902,0.8537
1574147372197.0,0.0159,0.0079,0.1022,-2.2561,-19.8171,-5.4268
1574147372199.0,0.0302,0.0016,0.0908,-5.3659,-28.4756,-8.1707
1574147372199.0,0.0339,-0.0032,0.0904,-1.3415,-17.8659,-8.2927
1574147372200.0,0.0293,-0.004,0.0995,6.0366,2.9268,-5.6707
1574147372242.0,0.0251,-0.0038,0.1117,11.9512,11.2805,-5.7317
1574147372243.0,0.0287,-0.0048,0.1183,12.6829,2.9878,-5.7927
1574147372243.0,0.0245,-0.009,0.1204,9.3293,-11.9512,-4.3902
1574147372244.0,0.0153,-0.0063,0.1249,7.5,-26.8293,-4.3293
1574147372245.0,0.0039,-0.0025,0.1276,7.7439,-35.5488,-4.0854
1574147372287.0,-0.014,-0.0001,0.1268,6.8293,-40.6707,-7.439
1574147372288.0,-0.0229,0.0027,0.123,7.0732,-57.0732,-11.5244
1574147372289.0,-0.0178,0.0064,0.1138,-0.1829,-89.1463,-17.378
1574147372289.0,0.0021,0.0101,0.1078,-8.8415,-120.0,-23.9634
1574147372332.0,0.0282,0.0084,0.1055,-15.8537,-147.1951,-29.878
1574147372333.0,0.0389,0.0034,0.0967,-23.4756,-167.7439,-33.4146
1574147372334.0,0.0477,0.0052,0.1063,-24.7561,-174.0244,-34.5732
1574147372334.0,0.0599,0.0045,0.1196,-25.122,-167.5,-33.9024
1574147372335.0,0.0682,0.0016,0.1197,-32.7439,-152.1951,-34.0854
1574147372377.0,0.0715,0.0096,0.1309,-33.1707,-127.9268,-39.3902
1574147372379.0,0.075,0.019,0.1326,-33.0488,-109.5122,-39.5732
1574147372379.0,0.0734,0.0165,0.1244,-42.7439,-106.1585,-33.7195
1574147372380.0,0.0652,0.0093,0.1251,-47.5,-109.2683,-30.9756
1574147372381.0,0.0654,0.0003,0.1177,-47.9268,-122.5,-31.8293
1574147372422.0,0.0772,-0.0007,0.1256,-46.6463,-146.4634,-30.7927
1574147372423.0,0.0943,-0.0013,0.1312,-52.3781,-177.9878,-29.4512
1574147372424.0,0.1012,-0.0013,0.1418,-60.7927,-198.9634,-27.378
1574147372425.0,0.1031,0.0034,0.1489,-66.0366,-203.1707,-23.4756
1574147372467.0,0.1057,-0.0007,0.1492,-73.4756,-200.5488,-18.8415
1574147372469.0,0.0958,-0.0071,0.1426,-81.7683,-189.7561,-15.8537
1574147372469.0,0.0801,-0.0107,0.1379,-82.0732,-177.0732,-15.061
1574147372470.0,0.0761,-0.0168,0.1327,-84.2683,-176.8293,-16.6463
1574147372471.0,0.0858,-0.0211,0.1296,-94.1463,-189.4512,-13.5366
1574147372512.0,0.1022,-0.0229,0.1273,-99.8171,-201.1585,-8.4146
1574147372513.0,0.1091,-0.0251,0.1226,-101.4634,-198.9025,-5.4878
1574147372514.0,0.106,-0.0292,0.1104,-99.4512,-179.8781,-4.6341
1574147372515.0,0.1032,-0.0344,0.092,-95.1829,-151.6463,-6.3415
1574147372557.0,0.0997,-0.0375,0.075,-87.622,-119.2073,-7.6829
1574147372559.0,0.0914,-0.0358,0.0631,-77.6829,-81.8293,-9.0244
1574147372559.0,0.0821,-0.031,0.0515,-66.0976,-45.3049,-11.0976
1574147372560.0,0.0801,-0.0262,0.0339,-53.3537,-15.6098,-11.5244
1574147372561.0,0.0728,-0.0146,0.0295,-39.6951,5.4878,-10.3049
1574147372602.0,0.0854,-0.0048,0.046,-23.6585,15.3659,-10.4878
1574147372604.0,0.1242,-0.0085,0.0511,-18.4146,18.3537,-9.5122
1574147372604.0,0.1307,-0.0114,0.04,-17.7439,32.7439,3.9024
1574147372605.0,0.1177,-0.0206,0.0346,-10.5488,55.9146,15.4268
1574147372648.0,0.1001,-0.0311,0.0355,-4.3293,72.9268,12.6829
1574147372649.0,0.0781,-0.0285,0.0391,-0.7927,77.8049,10.0
1574147372650.0,0.0631,-0.021,0.0457,9.3902,69.0854,0.7927
1574147372651.0,0.0638,-0.0151,0.0552,16.2805,52.9878,-11.4634
1574147372652.0,0.0701,-0.0089,0.0588,20.2439,36.0976,-13.2317
1574147372692.0,0.0703,-0.015,0.0666,23.2317,23.2927,-6.4024
1574147372694.0,0.072,-0.0178,0.0712,20.5488,16.9512,-7.0732
1574147372694.0,0.0881,-0.0164,0.078,20.4268,8.9024,-9.2073
1574147372695.0,0.116,-0.0123,0.0944,19.8171,-0.7317,-12.378
1574147372696.0,0.1293,-0.003,0.1127,14.5732,-2.6829,-15.3049
1574147372737.0,0.1223,-0.0001,0.1208,9.2073,15.9756,-16.4634
1574147372739.0,0.1006,0.0068,0.1177,7.9268,43.6585,-13.0488
1574147372739.0,0.0765,0.0106,0.1114,6.0366,52.1341,-6.4024
1574147372740.0,0.0623,0.0037,0.1013,-0.6707,30.9756,-4.7561
1574147372782.0,0.0566,-0.0087,0.0963,-10.7927,-8.1707,-4.3902
1574147372784.0,0.0828,-0.0179,0.0879,-19.3902,-55.9146,-7.378
1574147372784.0,0.1081,-0.0148,0.082,-17.9878,-88.2927,-1.3415
1574147372785.0,0.1033,-0.0124,0.0801,-10.3049,-87.6829,6.5854
1574147372786.0,0.0944,-0.0175,0.0814,-8.8415,-66.6463,6.7073
1574147372827.0,0.0864,-0.0182,0.0738,-9.6951,-46.0366,6.5244
1574147372828.0,0.0934,-0.0071,0.0756,-6.5244,-37.2561,8.1098
1574147372829.0,0.1049,0.0012,0.0776,-3.3537,-39.3902,6.5854
1574147372830.0,0.095,0.0056,0.0744,-5.061,-39.5732,7.0122
1574147372872.0,0.0797,0.004,0.0821,-4.2073,-32.8659,5.4268
1574147372873.0,0.0854,0.0005,0.0904,-5.1829,-38.7195,-2.6829
1574147372874.0,0.0962,-0.0038,0.0952,-8.7805,-53.5366,-0.7317
1574147372875.0,0.0891,-0.006,0.1041,-12.8049,-62.2561,4.4512
1574147372876.0,0.0882,-0.0121,0.1007,-18.1707,-66.9512,0.0
1574147372918.0,0.0953,-0.0139,0.095,-27.1951,-78.9024,-1.4024
1574147372919.0,0.1069,-0.0135,0.0908,-32.439,-98.0488,-0.6098
1574147372919.0,0.1176,-0.0145,0.0776,-38.4756,-112.8659,-6.4024
1574147372920.0,0.1125,-0.0143,0.0584,-43.5976,-110.6707,-6.9512
1574147372963.0,0.1252,-0.0178,0.063,-42.6829,-101.6463,-6.0976
1574147372964.0,0.1478,-0.0063,0.0784,-43.4146,-98.5366,-8.3537
1574147372964.0,0.1102,0.0035,0.0734,-42.622,-90.122,5.061
1574147372965.0,0.0717,-0.0159,0.0547,-43.5366,-88.8415,8.1707
1574147372966.0,0.0679,-0.0241,0.0294,-47.8049,-117.622,-5.7317
1574147373008.0,0.0834,-0.0193,0.0123,-44.4512,-160.8537,-7.378
1574147373009.0,0.1053,-0.0126,0.0095,-39.6951,-198.4756,-2.5
1574147373009.0,0.1376,-0.007,0.0195,-38.0488,-218.3537,2.7439
1574147373010.0,0.1536,-0.0135,0.0298,-36.3415,-214.5732,15.061
1574147373011.0,0.1467,-0.019,0.0298,-33.2927,-188.5976,21.6463
1574147373053.0,0.133,-0.0208,0.0319,-24.1463,-151.5244,24.1463
1574147373054.0,0.1211,-0.0258,0.0299,-21.7073,-123.5366,25.061
1574147373055.0,0.1213,-0.0258,0.0192,-25.7317,-112.9878,21.6463
1574147373056.0,0.1235,-0.0279,0.0108,-25.7317,-111.5244,24.1463
1574147373098.0,0.1266,-0.0287,0.0082,-27.561,-111.5244,25.122
1574147373099.0,0.1328,-0.0242,0.0166,-25.7927,-99.6341,21.4634
1574147373099.0,0.1472,-0.0234,0.0197,-22.7439,-80.3049,19.939
1574147373100.0,0.1553,-0.0255,0.0152,-21.8293,-58.4756,23.9634
1574147373101.0,0.1517,-0.0271,0.0119,-18.4146,-35.9146,29.878
1574147373142.0,0.1512,-0.0302,0.005,-16.3415,-20.1829,33.8415
1574147373144.0,0.1497,-0.035,0.0052,-16.5244,-9.5732,38.6585
1574147373144.0,0.1388,-0.04,0.0097,-16.5244,-1.4634,43.0488
1574147373145.0,0.1271,-0.0432,0.0116,-16.5244,6.7073,44.0854
1574147373188.0,0.1225,-0.0444,0.0147,-14.8171,8.3537,44.0244
1574147373189.0,0.1243,-0.0457,0.017,-13.5366,2.2561,44.3902
1574147373189.0,0.1259,-0.0494,0.0111,-12.1951,-4.1463,45.5488
1574147373190.0,0.1216,-0.0521,0.0057,-10.5488,-8.7195,46.0366
1574147373191.0,0.1224,-0.0499,-0.0009,-7.1341,-15.4878,45.3049
1574147373233.0,0.1318,-0.0508,-0.0057,-2.1341,-21.8902,43.7195
1574147373234.0,0.1364,-0.051,-0.0012,0.0,-20.6707,42.0122
1574147373234.0,0.1304,-0.0478,0.0065,3.1707,-8.7195,39.8171
1574147373235.0,0.1199,-0.0445,0.0121,6.8902,11.0976,35.061
1574147373278.0,0.1122,-0.0435,0.0184,10.4268,30.5488,31.0366
1574147373279.0,0.1107,-0.043,0.0278,10.1829,39.1463,30.2439
1574147373279.0,0.1172,-0.0425,0.0329,7.8049,39.4512,28.3537
1574147373280.0,0.1251,-0.0438,0.0302,5.7317,42.1951,25.7927
1574147373281.0,0.1299,-0.0416,0.0225,6.0976,53.0488,26.9512
1574147373322.0,0.1287,-0.0406,0.015,6.8293,70.9756,29.3902
1574147373323.0,0.1293,-0.0443,0.0099,5.9146,87.1341,27.1341
1574147373323.0,0.1258,-0.0482,0.014,4.4512,96.0366,23.5366
1574147373324.0,0.114,-0.0476,0.0208,4.2073,102.8049,19.4512
1574147373367.0,0.0858,-0.0453,0.0379,7.1341,111.0366,17.1951
1574147373368.0,0.074,-0.0435,0.0593,7.622,108.6585,15.9756
1574147373368.0,0.0842,-0.0456,0.0572,4.0244,87.0732,12.3171
1574147373369.0,0.0965,-0.0472,0.0455,-0.8537,49.0244,11.6463
1574147373370.0,0.1013,-0.0494,0.0353,-3.2317,14.6951,16.4024
1574147373412.0,0.0986,-0.0539,0.0288,-4.3902,-4.2073,19.5122
1574147373413.0,0.1036,-0.0576,0.0295,-4.939,-16.6463,16.0366
1574147373414.0,0.114,-0.0578,0.0329,-3.6585,-26.4634,12.9268
1574147373414.0,0.1241,-0.0593,0.0292,-1.4634,-26.6463,12.7439
1574147373415.0,0.1358,-0.0619,0.027,1.5854,-13.5976,13.7195
1574147373458.0,0.1462,-0.0623,0.0275,4.6951,0.1829,15.0
1574147373459.0,0.1524,-0.0612,0.0317,7.0122,14.2683,15.4878
1574147373460.0,0.1445,-0.0557,0.035,8.7195,37.3171,14.939
1574147373460.0,0.1374,-0.0535,0.0309,11.5244,61.5244,13.0488
1574147373502.0,0.1332,-0.0556,0.0311,14.2073,79.2683,9.1463
1574147373504.0,0.1182,-0.0493,0.0338,15.1829,93.4756,6.3415
1574147373504.0,0.1029,-0.0445,0.04,18.8415,109.2683,5.9146
1574147373505.0,0.089,-0.0481,0.0464,17.561,107.9268,5.9146
1574147373506.0,0.0807,-0.052,0.0494,12.2561,82.9878,7.3171
1574147373548.0,0.0815,-0.0539,0.0588,9.3902,45.7927,5.2439
1574147373549.0,0.0825,-0.0585,0.0676,6.2195,6.5854,0.6098
1574147373549.0,0.0795,-0.0643,0.0696,-1.5854,-26.2195,-2.9878
1574147373550.0,0.0757,-0.0643,0.059,-5.4878,-47.1951,-5.6098
1574147373592.0,0.0801,-0.0583,0.0514,-5.0,-61.7683,-8.2317
1574147373593.0,0.0958,-0.0508,0.0564,-2.9878,-68.9024,-10.9146
1574147373594.0,0.1122,-0.049,0.0618,-1.7073,-70.0,-6.9512
1574147373595.0,0.1418,-0.0525,0.0671,-3.3537,-76.2805,-2.1341
1574147373596.0,0.1786,-0.0579,0.0714,-3.2927,-69.8171,1.0976
1574147373638.0,0.1942,-0.0514,0.0621,7.1341,-27.1951,4.7561
1574147373639.0,0.1674,-0.0519,0.0446,17.439,43.9024,9.5122
1574147373639.0,0.1162,-0.0558,0.0344,17.0122,112.5,13.9634
1574147373640.0,0.0864,-0.0527,0.0251,20.7317,152.9878,13.8415
1574147373683.0,0.0926,-0.0457,0.0192,28.7805,158.3537,10.4878
1574147373684.0,0.0979,-0.038,0.0306,34.0244,140.7927,11.3415
1574147373684.0,0.0873,-0.036,0.0488,33.4756,118.2927,10.3049
1574147373685.0,0.0815,-0.0417,0.0618,28.2927,99.4512,3.1707
1574147373686.0,0.0942,-0.0474,0.0651,24.7561,80.3049,-3.4146
1574147373728.0,0.1133,-0.0544,0.0693,24.4512,64.5732,-1.1585
1574147373729.0,0.1315,-0.0573,0.064,23.5366,58.6585,2.561
1574147373729.0,0.1353,-0.0549,0.064,21.0976,73.3537,1.3415
1574147373730.0,0.1176,-0.0433,0.0686,19.939,103.0488,0.0
1574147373731.0,0.0904,-0.0318,0.0556,23.7805,123.1707,2.3171
1574147373773.0,0.0668,-0.0337,0.0455,26.1585,122.8049,9.5732
1574147373774.0,0.0515,-0.0354,0.0505,26.0366,103.2927,8.8415
1574147373775.0,0.0608,-0.0355,0.0551,24.3293,62.6829,7.9268
1574147373775.0,0.0801,-0.0344,0.0604,18.7805,13.6585,10.8537
1574147373818.0,0.0947,-0.0325,0.0721,15.4878,-21.5244,10.6098
1574147373819.0,0.1103,-0.0356,0.0758,11.5854,-37.9268,8.4756
1574147373820.0,0.1081,-0.0396,0.0764,7.2561,-42.6829,8.5976
1574147373820.0,0.0833,-0.0369,0.0737,7.439,-45.6098,12.0732
1574147373821.0,0.0544,-0.0333,0.0706,6.4024,-63.6585,11.5854
1574147373862.0,0.0529,-0.0303,0.0698,-2.0122,-113.5366,6.6463
1574147373863.0,0.0806,-0.0298,0.0691,-15.7317,-179.5732,1.0976
1574147373864.0,0.1006,-0.0318,0.0732,-29.0244,-229.2073,-1.6463
1574147373865.0,0.1027,-0.0342,0.0627,-39.6951,-247.9878,-1.6463
1574147373907.0,0.0974,-0.0391,0.0496,-43.7805,-240.1829,-5.122
1574147373908.0,0.091,-0.0438,0.0358,-45.6098,-232.3171,-8.5366
1574147373909.0,0.084,-0.0428,0.0314,-48.4146,-235.061,-7.9878
1574147373910.0,0.0896,-0.0452,0.0137,-49.5732,-239.5732,-10.4878
1574147373911.0,0.1064,-0.051,-0.0099,-47.3171,-235.1829,-15.2439
1574147373952.0,0.1248,-0.0518,-0.0258,-42.0732,-219.939,-14.6951
1574147373953.0,0.1517,-0.0538,-0.0341,-35.1829,-202.0122,-11.9512
1574147373953.0,0.1567,-0.0494,-0.0178,-27.1951,-177.3171,-12.5
1574147373954.0,0.1399,-0.0457,0.0129,-16.2195,-140.9756,-13.5976
1574147373997.0,0.1356,-0.0469,0.0145,-9.6341,-109.4512,-15.0
1574147373998.0,0.1405,-0.0486,0.0055,-9.5732,-93.9024,-14.5122
1574147373998.0,0.1503,-0.0511,-0.0008,-10.2439,-94.3902,-11.5854
1574147373999.0,0.1487,-0.0533,-0.0118,-11.7683,-91.7073,-8.8415
1574147374000.0,0.1332,-0.0486,-0.0165,-9.6951,-79.8781,-7.378
1574147374042.0,0.1249,-0.047,-0.022,-4.2683,-71.4634,-4.0244
1574147374043.0,0.1284,-0.0522,-0.0229,-2.3171,-69.7561,-2.2561
1574147374044.0,0.1362,-0.0579,-0.0244,-1.0976,-71.0976,-2.1341
1574147374044.0,0.143,-0.0617,-0.0306,2.8049,-71.3415,-1.8902
1574147374045.0,0.1396,-0.0601,-0.0318,6.8293,-72.0122,-1.3415
1574147374087.0,0.1237,-0.0583,-0.0255,12.1341,-72.5,-1.7683
1574147374088.0,0.1094,-0.0543,-0.0256,16.8902,-69.4512,-8.1098
1574147374089.0,0.0966,-0.0466,-0.0146,21.5854,-66.7683,-13.0488
1574147374090.0,0.0961,-0.0428,-0.0109,24.6951,-72.9268,-15.9756
1574147374133.0,0.1076,-0.0453,-0.022,25.122,-84.0854,-20.8537
1574147374134.0,0.123,-0.0522,-0.0262,24.6951,-102.7439,-22.5
1574147374134.0,0.1337,-0.0584,-0.0242,23.4756,-118.8415,-22.5
1574147374135.0,0.1375,-0.061,-0.0244,20.9146,-119.3293,-27.439
1574147374136.0,0.1271,-0.0543,-0.0189,20.061,-100.6098,-32.8659
1574147374177.0,0.1245,-0.0466,-0.0139,24.0854,-77.3171,-36.7683
1574147374179.0,0.142,-0.0425,-0.0073,27.6829,-52.5,-38.7195
1574147374179.0,0.1666,-0.0455,-0.0128,32.1951,-26.4634,-34.4512
1574147374180.0,0.1679,-0.0446,-0.0229,34.6951,9.1463,-25.2439
1574147374222.0,0.1332,-0.0429,-0.0252,43.9634,60.1829,-15.3049
1574147374223.0,0.0976,-0.0413,-0.0189,49.7561,95.4878,-10.4268
1574147374224.0,0.0814,-0.0388,-0.0125,49.8171,98.4146,-9.4512
1574147374225.0,0.0809,-0.0369,-0.0062,47.0732,78.9024,-9.3902
1574147374226.0,0.0924,-0.0333,0.004,43.5976,52.5,-9.2073
1574147374268.0,0.1194,-0.0315,0.0215,40.5488,31.0366,-8.9024
1574147374269.0,0.1387,-0.0356,0.0184,36.2805,27.1951,-9.3902
1574147374269.0,0.138,-0.039,-0.0001,28.2927,40.5488,-9.5122
1574147374270.0,0.1365,-0.0395,-0.0151,20.122,52.3781,-9.6341
1574147374313.0,0.1301,-0.0377,-0.0223,15.7927,57.439,-10.7927
1574147374314.0,0.1229,-0.0378,-0.0224,17.3171,62.0122,-7.1341
1574147374314.0,0.1228,-0.0379,-0.0138,21.5244,68.3537,-3.5366
1574147374316.0,0.126,-0.0356,0.0013,26.4634,73.1707,-1.2805
1574147374316.0,0.1136,-0.0379,0.0151,28.5366,71.3415,3.8415
1574147374357.0,0.0977,-0.0385,0.0253,21.6463,55.6098,8.2317
1574147374358.0,0.1063,-0.0317,0.0311,13.3537,25.4268,6.3415
1574147374359.0,0.1215,-0.0307,0.0317,9.3902,-3.4756,1.4634
1574147374359.0,0.1252,-0.0359,0.0201,1.2805,-22.561,4.7561
1574147374402.0,0.123,-0.0408,0.0075,-7.1341,-31.5244,6.7073
1574147374403.0,0.1171,-0.0396,0.0034,-12.9878,-36.0976,3.2927
1574147374404.0,0.1149,-0.0373,-0.004,-14.3293,-38.4146,-0.061
1574147374404.0,0.1138,-0.0361,-0.0056,-15.4268,-38.1098,-1.4634
1574147374405.0,0.1137,-0.0401,0.0012,-16.5854,-43.2927,-3.2927
1574147374447.0,0.115,-0.0412,0.0033,-19.2073,-49.2073,-10.061
1574147374448.0,0.118,-0.0417,0.0024,-19.5732,-51.8902,-12.0732
1574147374449.0,0.1207,-0.0383,0.0021,-20.4878,-49.7561,-13.7805
1574147374449.0,0.1173,-0.0315,-0.0007,-18.8415,-38.9024,-14.7561
1574147374450.0,0.1188,-0.0295,-0.0037,-16.5854,-26.6463,-14.939
1574147374493.0,0.1222,-0.0287,-0.0131,-15.9146,-21.2195,-14.4512
1574147374494.0,0.1199,-0.0331,-0.0217,-15.5488,-24.2073,-10.3049
1574147374494.0,0.1203,-0.0393,-0.0247,-16.2195,-30.122,-9.6951
1574147374495.0,0.1229,-0.0336,-0.0252,-15.6098,-30.6707,-12.9268
1574147374538.0,0.1239,-0.0326,-0.0237,-9.5122,-26.4634,-11.2195
1574147374539.0,0.1286,-0.0366,-0.0233,-7.1341,-22.1951,-12.6829
1574147374539.0,0.1377,-0.0388,-0.0205,-5.9756,-22.1341,-12.1341
1574147374540.0,0.1359,-0.0417,-0.0222,-6.8902,-24.5122,-9.4512
1574147374541.0,0.129,-0.0394,-0.0241,-7.9268,-16.8902,-9.4512
1574147374582.0,0.1322,-0.0349,-0.0204,-4.8171,-3.9634,-8.3537
1574147374583.0,0.1405,-0.0361,-0.0174,-2.378,7.2561,-5.6098
1574147374584.0,0.1404,-0.0392,-0.018,-2.5,18.9024,-2.8049
1574147374585.0,0.1304,-0.0402,-0.0164,-1.8293,30.2439,-2.9268
1574147374628.0,0.1183,-0.0324,-0.0181,-2.0122,38.1707,-6.0976
1574147374629.0,0.1111,-0.0302,-0.0199,-0.7317,38.2317,-4.878
1574147374629.0,0.1077,-0.0314,-0.0121,-1.4634,26.7683,-2.439
1574147374630.0,0.1141,-0.0334,-0.0037,-1.2195,12.378,-0.4878
1574147374631.0,0.1223,-0.0364,0.0023,-1.7683,5.122,-0.7317
1574147374673.0,0.1268,-0.0372,-0.0091,-3.2317,3.1098,-1.7073
1574147374674.0,0.1286,-0.0388,-0.0087,-2.1341,7.6829,1.6463
1574147374674.0,0.1147,-0.0356,0.0026,-1.8293,13.9024,1.6463
1574147374675.0,0.1133,-0.0369,-0.0067,-4.939,9.3902,2.1341
1574147374718.0,0.1253,-0.0388,-0.0184,-7.1951,0.7927,1.2805
1574147374719.0,0.1371,-0.0391,-0.0242,-6.3415,-10.6707,0.7927
1574147374720.0,0.1404,-0.0394,-0.0323,-5.7927,-15.4268,-1.4024
1574147374720.0,0.1462,-0.0395,-0.0442,-3.5976,-5.9756,-4.3902
1574147374721.0,0.1536,-0.0397,-0.043,2.3171,16.9512,-0.8537
1574147374762.0,0.1493,-0.04,-0.0335,10.122,45.061,3.4146
1574147374763.0,0.1393,-0.043,-0.0205,16.2805,74.2683,4.8171
1574147374764.0,0.1299,-0.0504,-0.0083,18.7195,98.0488,3.2927
1574147374765.0,0.1159,-0.0464,-0.0041,18.5366,109.939,-2.561
1574147374765.0,0.108,-0.0361,-0.0027,22.8659,109.8781,-2.0732
1574147374808.0,0.1143,-0.0327,0.0,25.0,96.2195,3.1098
1574147374809.0,0.1263,-0.0348,0.0098,22.6829,73.9024,5.3659
1574147374810.0,0.1371,-0.0367,0.0063,21.6463,57.3781,5.2439
1574147374811.0,0.1382,-0.0368,-0.0096,24.5122,57.7439,7.439
1574147374853.0,0.1345,-0.0404,-0.0117,26.4634,62.622,12.8659
1574147374854.0,0.1333,-0.0443,-0.0021,25.2439,61.3415,12.5
1574147374855.0,0.1255,-0.0408,0.0091,25.4268,65.0,9.4512
1574147374855.0,0.1118,-0.0348,0.0182,30.3049,76.7073,10.4878
1574147374856.0,0.1035,-0.0377,0.0215,32.0732,82.8049,13.5366
1574147374898.0,0.1004,-0.0422,0.0305,26.7073,77.8049,12.8049
1574147374899.0,0.105,-0.0383,0.0423,22.6829,61.7073,8.7195
1574147374899.0,0.1082,-0.0313,0.0534,21.8293,49.1463,4.0244
1574147374900.0,0.1058,-0.0329,0.0444,17.7439,55.122,-3.4146
1574147374942.0,0.117,-0.0395,0.0208,12.1951,73.5366,-10.8537
1574147374943.0,0.1354,-0.0508,0.012,8.6585,85.4878,-8.5366
1574147374944.0,0.1191,-0.0507,0.025,7.9878,93.4756,-9.878
1574147374945.0,0.0928,-0.0427,0.0268,12.9268,100.6707,-15.3049
1574147374946.0,0.0811,-0.0364,0.0212,19.0244,94.5732,-15.3049
1574147374988.0,0.09,-0.0371,0.0192,20.6098,62.3781,-16.8902
1574147374989.0,0.1096,-0.0379,0.0168,19.939,25.3049,-21.8293
1574147374989.0,0.1319,-0.0372,0.0165,20.0,-1.4024,-21.8293
1574147374990.0,0.1417,-0.0345,0.0176,20.6707,-20.2439,-19.2683
1574147375033.0,0.1443,-0.0318,0.0153,22.5,-27.1951,-22.0122
1574147375034.0,0.1458,-0.0365,0.015,25.0,-19.5732,-21.4634
1574147375034.0,0.1431,-0.037,0.0185,26.4634,-4.3293,-19.2683
1574147375035.0,0.1395,-0.0332,0.0238,31.7073,14.2683,-16.2805
1574147375036.0,0.1326,-0.0322,0.0242,36.0366,32.0732,-11.8902
1574147375078.0,0.1318,-0.0295,0.0237,37.5,47.3781,-9.8171
1574147375079.0,0.1335,-0.0287,0.0316,37.8659,61.6463,-6.5854
1574147375080.0,0.1367,-0.0266,0.0426,34.5122,78.9024,-3.1707
1574147375081.0,0.1364,-0.0234,0.0622,31.7683,102.1951,1.7073
1574147375082.0,0.1342,-0.022,0.073,28.7195,129.3902,5.3049
1574147375123.0,0.129,-0.024,0.0646,25.7927,153.2927,10.6707
1574147375124.0,0.1194,-0.0242,0.0552,21.7073,165.8537,17.5
1574147375124.0,0.1088,-0.0215,0.0477,19.8171,172.439,15.7927
1574147375125.0,0.0891,-0.0187,0.0588,19.3902,176.6463,13.7195
1574147375167.0,0.0733,-0.0215,0.0665,17.378,167.9878,9.2073
1574147375168.0,0.0712,-0.0223,0.0662,12.9878,142.8049,6.1585
1574147375168.0,0.0807,-0.0245,0.067,8.5976,105.0,6.8293
1574147375169.0,0.0925,-0.0267,0.0692,2.9878,66.5854,5.122
1574147375170.0,0.1037,-0.0239,0.0707,-1.1585,40.4878,1.7683
1574147375212.0,0.1129,-0.0205,0.072,-3.5366,27.8659,0.122
1574147375213.0,0.1059,-0.0228,0.067,-4.4512,25.8537,0.5488
1574147375213.0,0.1046,-0.0278,0.0626,-6.2195,21.0366,0.4268
1574147375214.0,0.113,-0.0327,0.0616,-7.5,7.622,0.0
1574147375257.0,0.1088,-0.0322,0.055,-7.439,2.2561,0.6707
1574147375258.0,0.1105,-0.0295,0.0509,-4.5732,10.7927,0.3049
1574147375258.0,0.1108,-0.0236,0.0597,-2.378,22.8659,3.2927
1574147375259.0,0.0968,-0.0289,0.0737,-3.4146,31.9512,8.4146
1574147375260.0,0.1011,-0.0296,0.0733,-9.2073,25.4268,-0.6707
1574147375302.0,0.1077,-0.0289,0.0668,-9.5122,12.7439,-1.5244
1574147375303.0,0.104,-0.0285,0.0648,-10.4878,5.8537,5.3659
1574147375304.0,0.1008,-0.0285,0.0687,-11.1585,2.2561,5.9146
1574147375304.0,0.1055,-0.0288,0.0716,-11.9512,-4.878,6.2195
1574147375348.0,0.1086,-0.0282,0.0685,-11.7683,-13.0488,7.6829
1574147375349.0,0.1118,-0.0283,0.0607,-10.5488,-19.3902,7.5
1574147375349.0,0.118,-0.0306,0.0546,-11.1585,-19.3293,9.4512
1574147375350.0,0.1245,-0.0367,0.0566,-10.3659,-16.4024,12.0122
1574147375351.0,0.1274,-0.0375,0.0652,-9.6951,-12.9268,10.4878
1574147375392.0,0.1245,-0.0363,0.0714,-8.9634,-6.4024,10.6098
1574147375393.0,0.1221,-0.0363,0.0752,-9.6341,5.3049,12.8049
1574147375394.0,0.1182,-0.0383,0.0754,-9.3902,22.0122,13.9024
1574147375394.0,0.1082,-0.0378,0.0675,-9.3293,39.8171,15.3049
1574147375437.0,0.0966,-0.0371,0.0591,-6.5854,52.1951,17.7439
1574147375438.0,0.0944,-0.0353,0.0606,-3.5976,52.5,18.8415
1574147375439.0,0.0959,-0.0386,0.0681,-3.6585,40.7927,15.9146
1574147375439.0,0.0966,-0.0411,0.0784,-8.4146,22.7439,9.5122
1574147375440.0,0.0948,-0.0347,0.0819,-12.6829,8.9024,6.0366
1574147375482.0,0.0872,-0.0298,0.078,-13.4146,3.1707,7.5
1574147375483.0,0.0858,-0.0328,0.0757,-15.8537,-2.2561,8.0488
1574147375484.0,0.0956,-0.0356,0.079,-20.3049,-11.2195,7.561
1574147375485.0,0.108,-0.0386,0.0809,-25.061,-20.7317,8.1098
1574147375485.0,0.1127,-0.0391,0.0812,-28.2317,-24.0854,7.9268
1574147375528.0,0.1068,-0.0333,0.0815,-28.7195,-19.6341,8.4756
1574147375573.0,0.1044,-0.0337,0.0848,-26.8902,-14.3902,10.9756
1574147375618.0,0.1046,-0.0345,0.0716,-30.9146,-17.439,10.6098
1574147375619.0,0.1036,-0.0188,0.0638,-31.3415,-24.4512,4.2073
1574147375620.0,0.1009,-0.0223,0.0617,-25.0,-28.7195,8.9634
1574147375621.0,0.1028,-0.0345,0.0516,-32.7439,-37.6829,5.5488
1574147375622.0,0.101,-0.0302,0.0509,-39.3293,-45.0,3.7195
1574147375623.0,0.0959,-0.0238,0.0537,-37.2561,-50.2439,6.8293
1574147375623.0,0.0936,-0.0246,0.0547,-39.2683,-59.5122,7.5
1574147375624.0,0.0917,-0.0292,0.0615,-44.5122,-72.5,5.122
1574147375624.0,0.0944,-0.0354,0.0645,-50.6707,-88.5976,5.7927
1574147375625.0,0.1077,-0.0422,0.0616,-57.1951,-105.7927,3.8415
1574147375662.0,0.1199,-0.0435,0.0515,-60.7317,-114.939,0.122
1574147375664.0,0.1256,-0.0416,0.0452,-61.1585,-112.3781,-0.9146
1574147375664.0,0.1261,-0.0453,0.0338,-61.5854,-102.3781,3.5366
1574147375665.0,0.1285,-0.0488,0.0195,-60.7927,-91.2195,9.0854
1574147375666.0,0.1272,-0.0527,0.0106,-55.3049,-74.5122,18.9634
1574147375667.0,0.1202,-0.0548,0.0091,-47.622,-54.4512,23.1098
1574147375708.0,0.1208,-0.0636,0.0047,-39.4512,-33.7195,25.061
1574147375709.0,0.1347,-0.0739,0.0066,-32.7439,-17.0732,24.6951
1574147375709.0,0.1401,-0.0776,0.0189,-25.3659,-7.439,22.622
1574147375710.0,0.1375,-0.0775,0.0223,-17.7439,7.7439,20.2439
1574147375753.0,0.135,-0.0786,0.0229,-8.4146,35.8537,18.6585
1574147375754.0,0.1264,-0.0777,0.0283,-0.6098,62.1951,20.8537
1574147375755.0,0.1111,-0.0722,0.0297,6.4634,84.0244,20.1829
1574147375755.0,0.0977,-0.064,0.0325,16.0366,105.6098,17.1951
1574147375756.0,0.0909,-0.0568,0.0384,24.3293,116.4024,17.3171
1574147375798.0,0.0839,-0.0546,0.0399,27.561,116.9512,18.4756
1574147375799.0,0.0756,-0.0563,0.0377,28.7195,109.8781,14.6951
1574147375799.0,0.0684,-0.0566,0.0411,27.2561,95.4268,8.6585
1574147375800.0,0.0646,-0.0512,0.0535,25.8537,74.8781,2.439
1574147375800.0,0.067,-0.0471,0.0684,25.6707,47.1341,-2.3171
1574147375842.0,0.0782,-0.0464,0.0842,16.6463,9.0854,-4.0854
1574147375843.0,0.0946,-0.0432,0.0942,5.1829,-22.9268,-7.561
1574147375844.0,0.1093,-0.0428,0.0906,-1.0366,-36.5244,-7.439
1574147375845.0,0.1187,-0.0449,0.0775,-7.378,-37.0732,-3.4146
1574147375887.0,0.125,-0.0475,0.0621,-11.6463,-32.2561,1.3415
1574147375888.0,0.1228,-0.0514,0.0504,-13.0488,-22.9268,3.4146
1574147375889.0,0.111,-0.0544,0.0349,-13.5366,-13.2927,3.2317
1574147375890.0,0.1024,-0.0578,0.0262,-10.9146,-5.9146,1.8293
1574147375890.0,0.1058,-0.0579,0.0338,-5.5488,-2.561,-0.1829
1574147375933.0,0.1161,-0.0549,0.0543,-0.8537,2.8659,0.1829
1574147375934.0,0.1204,-0.0489,0.0687,1.9512,19.878,1.1585
1574147375934.0,0.1215,-0.0455,0.0758,3.7805,41.1585,3.1707
1574147375935.0,0.1053,-0.05,0.0667,3.5366,55.0,7.7439
1574147375978.0,0.0776,-0.0585,0.0521,0.122,54.8781,8.4146
1574147375979.0,0.0585,-0.0535,0.0464,-2.378,32.8659,1.4024
1574147375979.0,0.0545,-0.0485,0.0478,-5.122,-12.0732,-3.9024
1574147375980.0,0.0672,-0.0554,0.0426,-15.4268,-68.3537,-9.939
1574147375980.0,0.0838,-0.0609,0.0382,-25.4878,-113.2927,-15.1829
1574147376023.0,0.0953,-0.0577,0.0374,-28.1098,-134.8171,-17.6829
1574147376024.0,0.1039,-0.0585,0.0372,-27.0122,-131.0366,-22.6829
1574147376024.0,0.1041,-0.0552,0.0375,-26.5854,-109.7561,-27.5
1574147376025.0,0.0982,-0.0385,0.0491,-25.2439,-87.3171,-27.1951
1574147376068.0,0.1096,-0.0261,0.0495,-23.7805,-72.561,-30.6098
1574147376069.0,0.1191,-0.0234,0.0439,-23.6585,-63.4146,-36.3415
1574147376069.0,0.1154,-0.0223,0.0336,-25.3659,-59.939,-34.0244
1574147376070.0,0.108,-0.0244,0.0276,-26.5244,-65.6098,-32.9268
1574147376070.0,0.1086,-0.0262,0.0283,-28.9024,-78.5976,-31.3415
1574147376113.0,0.1211,-0.027,0.0319,-31.6463,-92.8659,-24.5122
1574147376114.0,0.1301,-0.0331,0.0309,-35.8537,-100.4268,-20.7927
1574147376114.0,0.1272,-0.0363,0.009,-42.7439,-99.5122,-21.1585
1574147376115.0,0.1191,-0.0367,-0.0143,-45.9756,-96.8293,-16.7683
1574147376116.0,0.1149,-0.0404,-0.0271,-40.9146,-85.1829,-10.6707
1574147376158.0,0.1205,-0.0471,-0.024,-32.1951,-62.5,-7.7439
1574147376159.0,0.1271,-0.0551,-0.0101,-25.3659,-48.4146,-7.439
1574147376159.0,0.1188,-0.0638,-0.0065,-23.8415,-50.4268,-9.7561
1574147376160.0,0.1171,-0.071,-0.0045,-21.9512,-41.6463,-20.3049
1574147376202.0,0.1241,-0.0659,0.0011,-11.1585,-14.7561,-32.7439
1574147376203.0,0.1266,-0.059,0.0165,2.1341,9.3902,-26.1585
1574147376204.0,0.1288,-0.0593,0.0375,5.6098,23.1098,-19.5732
1574147376205.0,0.1307,-0.058,0.0432,4.0244,40.3659,-19.7561
1574147376205.0,0.1204,-0.0569,0.0497,4.4512,66.2805,-18.1098
1574147376248.0,0.1006,-0.0569,0.0649,3.5366,94.0854,-16.8293
1574147376249.0,0.0826,-0.0564,0.0533,1.6463,114.5122,-25.3659
1574147376249.0,0.0775,-0.0597,0.0432,-1.0976,112.1951,-29.0854
1574147376250.0,0.097,-0.0599,0.0508,-2.5,87.561,-30.061
1574147376293.0,0.1179,-0.0529,0.0526,-4.6341,67.439,-30.9756
1574147376294.0,0.1271,-0.0491,0.0494,-8.4756,52.0122,-31.7073
1574147376294.0,0.1262,-0.0533,0.0392,-13.5366,35.7927,-33.9634
1574147376295.0,0.1185,-0.0566,0.025,-15.7317,26.2805,-39.3902
1574147376296.0,0.1172,-0.0522,0.0259,-14.1463,22.0122,-40.1829
1574147376337.0,0.1298,-0.046,0.0378,-9.939,20.5488,-38.0488
1574147376338.0,0.1384,-0.0412,0.0444,-9.1463,23.8415,-34.939
1574147376339.0,0.1319,-0.0363,0.046,-8.4146,34.0854,-36.2805
