0,1,2,3,4,5,6
1574147355637.0,0.0693,-0.0472,0.081,36.2805,-72.439,40.9146
1574147355637.0,0.0785,-0.0445,0.0891,36.1585,-63.1098,35.1829
1574147355638.0,0.0826,-0.043,0.0917,34.7561,-50.122,30.9146
1574147355638.0,0.0809,-0.0415,0.0921,34.2683,-37.1341,27.9268
1574147355682.0,0.0819,-0.0417,0.0939,34.2073,-27.8659,24.3902
1574147355683.0,0.0855,-0.0426,0.0959,30.8537,-22.561,21.4634
1574147355683.0,0.0873,-0.0425,0.0932,26.8902,-18.9024,19.2683
1574147355684.0,0.0847,-0.0403,0.0889,24.5122,-15.6098,16.6463
1574147355684.0,0.0878,-0.0381,0.0908,24.2073,-15.4878,13.7195
1574147355727.0,0.0939,-0.0378,0.0938,19.6341,-18.0488,12.1951
1574147355727.0,0.0961,-0.0369,0.0953,15.6707,-19.6951,11.6463
1574147355728.0,0.0956,-0.0359,0.097,14.939,-18.5366,9.7561
1574147355817.0,0.0971,-0.0352,0.1021,14.7561,-15.7317,8.0488
1574147355819.0,0.099,-0.0339,0.1053,12.1951,-12.8659,7.3171
1574147355819.0,0.1012,-0.0336,0.1071,8.5366,-10.3659,5.9146
1574147355820.0,0.1029,-0.0333,0.1075,5.3659,-7.378,4.3902
1574147355821.0,0.0998,-0.0332,0.1049,2.8659,-4.7561,3.7195
1574147355822.0,0.0935,-0.0339,0.0995,0.5488,-2.7439,3.1707
1574147355822.0,0.0881,-0.0352,0.0941,-1.4634,-1.2195,1.5854
1574147355823.0,0.0851,-0.0358,0.0892,-2.3171,-0.7927,-0.6707
1574147355824.0,0.0834,-0.0353,0.0862,-2.9878,-1.6463,-2.439
1574147355824.0,0.0829,-0.0359,0.0868,-3.4756,-3.3537,-3.7805
1574147355863.0,0.0872,-0.0369,0.0887,-3.6585,-4.0244,-5.0
1574147355864.0,0.0885,-0.038,0.0881,-4.5732,-2.0122,-6.2195
1574147355865.0,0.0828,-0.0382,0.0865,-3.7195,2.7439,-7.439
1574147355866.0,0.0772,-0.0394,0.0845,-1.9512,7.8049,-9.0854
1574147355867.0,0.0751,-0.0414,0.0828,-1.4024,9.7561,-11.3415
1574147355907.0,0.076,-0.0426,0.0823,-1.7683,9.3293,-14.0854
1574147355907.0,0.0775,-0.0433,0.0812,-2.2561,9.1463,-16.8902
1574147355908.0,0.0773,-0.0433,0.0796,-2.0122,10.1829,-19.2073
1574147355909.0,0.0774,-0.0447,0.0782,-1.3415,12.0732,-21.1585
1574147355909.0,0.0798,-0.0477,0.0773,-1.0366,14.6951,-23.5366
1574147355952.0,0.0838,-0.0496,0.0776,-0.1829,17.561,-26.3415
1574147355953.0,0.0843,-0.0493,0.0762,1.0976,20.3049,-28.4146
1574147355954.0,0.0837,-0.0495,0.0755,2.3171,21.1585,-29.6341
1574147355955.0,0.0865,-0.0509,0.0753,2.7439,19.939,-31.4024
1574147355997.0,0.0903,-0.0524,0.0768,2.378,17.6829,-32.2561
1574147355998.0,0.0957,-0.0533,0.0789,2.0122,16.5854,-31.8293
1574147355999.0,0.1015,-0.0535,0.0817,1.8902,17.622,-30.8537
1574147356000.0,0.1041,-0.0536,0.0844,1.5244,20.6707,-28.5976
1574147356001.0,0.1037,-0.0536,0.085,1.0366,24.1463,-26.1585
1574147356042.0,0.0992,-0.0537,0.0832,0.4268,26.1585,-23.3537
1574147356043.0,0.0953,-0.0541,0.0807,-0.2439,24.5732,-20.4268
1574147356044.0,0.0961,-0.0553,0.0783,-2.0732,18.9024,-17.8049
1574147356045.0,0.1005,-0.0566,0.0775,-5.1829,11.5244,-14.939
1574147356046.0,0.1033,-0.0568,0.0762,-8.1707,6.2195,-11.6463
1574147356087.0,0.1023,-0.0568,0.0764,-9.5122,3.9024,-8.7805
1574147356087.0,0.1004,-0.0562,0.0783,-10.5488,2.6829,-6.7073
1574147356088.0,0.0994,-0.0559,0.0788,-12.1341,0.6707,-4.3902
1574147356088.0,0.0983,-0.0558,0.0784,-13.7195,-1.7073,-1.9512
1574147356132.0,0.0965,-0.0553,0.0785,-14.5122,-3.7805,-0.061
1574147356132.0,0.0952,-0.0548,0.0793,-15.6098,-5.2439,1.8902
1574147356133.0,0.0952,-0.0543,0.0798,-16.5854,-6.2195,3.8415
1574147356134.0,0.0952,-0.053,0.0795,-16.9512,-7.0122,5.6098
1574147356134.0,0.0951,-0.0524,0.0789,-16.9512,-8.0488,7.561
1574147356177.0,0.0955,-0.0535,0.0772,-17.8659,-8.4756,9.0854
1574147356178.0,0.0947,-0.0547,0.0761,-18.4146,-6.7683,10.7927
1574147356179.0,0.0935,-0.0555,0.0754,-17.5,-3.5366,12.1951
1574147356179.0,0.091,-0.0555,0.0748,-16.4634,-0.4878,13.1707
1574147356222.0,0.0886,-0.0554,0.0748,-15.6707,0.9146,14.5732
1574147356222.0,0.0881,-0.0549,0.0755,-14.4512,0.5488,15.8537
1574147356223.0,0.0895,-0.0538,0.076,-13.3537,-2.0732,16.7073
1574147356224.0,0.0919,-0.0539,0.0747,-13.0488,-6.7073,18.2927
1574147356224.0,0.0922,-0.0561,0.0723,-12.439,-11.0366,19.878
1574147356267.0,0.0905,-0.0571,0.0725,-10.4268,-14.8171,20.7927
1574147356267.0,0.0887,-0.0556,0.074,-8.2317,-18.8415,21.2805
1574147356268.0,0.0859,-0.0532,0.0739,-7.6829,-24.5732,22.2561
1574147356269.0,0.0832,-0.0528,0.0734,-7.561,-32.1951,23.1098
1574147356312.0,0.0832,-0.053,0.0728,-7.6829,-41.3415,23.4756
1574147356312.0,0.0849,-0.053,0.072,-7.561,-50.7927,23.2317
1574147356313.0,0.0861,-0.0529,0.0705,-7.3171,-58.1098,22.8659
1574147356314.0,0.088,-0.0535,0.0672,-6.3415,-64.0244,22.561
1574147356314.0,0.094,-0.0565,0.0665,-5.2439,-68.9024,21.7073
1574147356357.0,0.0965,-0.0564,0.0652,-4.2683,-70.6707,20.3049
1574147356357.0,0.0895,-0.0543,0.0621,-2.0732,-68.7195,19.0244
1574147356358.0,0.0791,-0.0533,0.0594,0.061,-66.7073,16.5244
1574147356359.0,0.0746,-0.0524,0.0596,1.2805,-68.6585,13.2317
1574147356359.0,0.0803,-0.053,0.0623,1.0366,-75.6098,10.3049
1574147356402.0,0.0885,-0.0536,0.0626,-0.6707,-81.8902,8.7195
1574147356403.0,0.0916,-0.0536,0.0625,-1.1585,-80.3049,8.5366
1574147356404.0,0.0936,-0.0541,0.0629,1.0366,-70.1829,6.6463
1574147356405.0,0.0953,-0.0551,0.0612,2.561,-58.1098,3.4756
1574147356492.0,0.0954,-0.0553,0.0569,3.1707,-46.7683,1.4024
1574147356493.0,0.0936,-0.0554,0.0537,5.3049,-32.7439,0.5488
1574147356494.0,0.0933,-0.0566,0.0518,8.5366,-17.8659,-0.9146
1574147356494.0,0.0989,-0.0576,0.0529,11.0366,-8.4756,-2.622
1574147356495.0,0.112,-0.0593,0.0571,12.9268,-4.878,-4.5732
1574147356496.0,0.1169,-0.0563,0.0582,14.7561,1.3415,-4.8171
1574147356497.0,0.1112,-0.0516,0.0581,20.4268,15.9756,-3.2927
1574147356498.0,0.1074,-0.0544,0.058,25.061,35.1829,-4.0854
1574147356498.0,0.1147,-0.0598,0.0588,26.5244,48.0488,-3.3537
1574147356499.0,0.1264,-0.0584,0.0641,29.5122,53.4146,-0.061
1574147356582.0,0.1196,-0.0525,0.0709,31.2805,58.2317,1.5854
1574147356583.0,0.097,-0.0515,0.074,30.9756,63.5976,0.4268
1574147356584.0,0.0704,-0.0491,0.0742,30.1829,67.622,-0.1829
1574147356584.0,0.0599,-0.0495,0.0759,31.8902,57.7439,-1.5854
1574147356585.0,0.068,-0.0536,0.0788,30.4268,27.0122,-7.622
1574147356586.0,0.0843,-0.0578,0.0835,25.9146,-11.0976,-12.9878
1574147356587.0,0.0941,-0.0595,0.0884,21.1585,-40.9146,-14.5732
1574147356588.0,0.0934,-0.0643,0.0847,16.4024,-54.0244,-15.9756
1574147356588.0,0.0887,-0.0623,0.0749,17.9878,-50.061,-19.4512
1574147356627.0,0.0897,-0.0547,0.0648,25.7317,-35.8537,-23.3537
1574147356628.0,0.0974,-0.0504,0.0602,28.2927,-16.2195,-24.0244
1574147356628.0,0.1007,-0.0505,0.059,28.4756,6.0976,-20.9756
1574147356629.0,0.0985,-0.0532,0.059,30.7927,29.0854,-17.0122
1574147356672.0,0.0915,-0.0527,0.0675,34.4512,45.6098,-13.0488
1574147356673.0,0.0845,-0.049,0.0783,35.2439,49.6951,-10.061
1574147356674.0,0.0833,-0.0465,0.077,30.9146,43.9634,-8.6585
1574147356674.0,0.0779,-0.0463,0.0711,27.439,33.9634,-6.8293
1574147356717.0,0.0709,-0.0508,0.0682,25.3049,20.4268,-6.3415
1574147356718.0,0.0751,-0.0552,0.0699,20.5488,3.1098,-7.7439
1574147356719.0,0.0953,-0.0533,0.0798,16.6463,-16.8902,-7.8049
1574147356762.0,0.1207,-0.0466,0.0901,12.561,-35.4268,-6.9512
1574147356763.0,0.1326,-0.0416,0.0934,9.2073,-40.9146,-5.5488
1574147356764.0,0.1313,-0.0445,0.0861,6.8293,-27.378,-2.6829
1574147356765.0,0.1158,-0.0468,0.0742,6.2195,-0.8537,0.6098
1574147356766.0,0.0978,-0.0471,0.0644,9.6951,22.1341,3.5366
1574147356766.0,0.0893,-0.0472,0.0598,11.9512,27.561,5.5488
1574147356767.0,0.0885,-0.046,0.0592,12.8049,15.9756,6.4634
1574147356807.0,0.0948,-0.0424,0.0659,14.2683,-3.8415,5.6707
1574147356808.0,0.0983,-0.0374,0.0699,14.3902,-24.6341,3.4756
1574147356809.0,0.095,-0.0332,0.0685,12.622,-42.1951,2.8049
1574147356810.0,0.0924,-0.0322,0.0676,11.3415,-55.4268,-0.5488
1574147356852.0,0.097,-0.0366,0.0667,7.6829,-65.5488,-6.5244
1574147356853.0,0.1042,-0.0411,0.065,4.5732,-64.7561,-9.5732
1574147356854.0,0.1132,-0.0404,0.0685,8.4756,-49.7561,-11.6463
1574147356855.0,0.1138,-0.0379,0.0682,7.9268,-23.9024,-14.5732
1574147356856.0,0.0954,-0.0314,0.0663,6.5854,3.3537,-15.7927
1574147356897.0,0.0821,-0.026,0.066,8.7195,18.0488,-15.6707
1574147356898.0,0.0894,-0.0264,0.0641,9.3902,13.9634,-14.0854
1574147356899.0,0.1058,-0.0291,0.0629,6.8293,-4.1463,-8.3537
1574147356900.0,0.1192,-0.0352,0.0656,5.3049,-25.9146,-4.5122
1574147356942.0,0.1207,-0.0424,0.071,1.7683,-43.7805,-6.2195
1574147356942.0,0.1089,-0.0397,0.079,-1.7073,-51.6463,-10.6098
1574147356943.0,0.103,-0.0359,0.0788,-2.439,-47.6829,-13.9024
1574147356944.0,0.1052,-0.0337,0.0754,-0.9756,-32.9268,-14.0244
1574147356944.0,0.1115,-0.0322,0.0715,2.439,-16.0976,-10.6707
1574147356987.0,0.1132,-0.0334,0.0704,4.5122,-0.3659,-7.2561
1574147356987.0,0.1093,-0.0358,0.0745,6.9512,15.0,-4.2073
1574147356988.0,0.1063,-0.0385,0.0766,6.7683,25.3659,-5.2439
1574147356989.0,0.1044,-0.037,0.0791,5.3049,31.9512,-7.3171
1574147357032.0,0.1013,-0.0359,0.08,5.6098,35.0,-7.0732
1574147357033.0,0.0977,-0.0336,0.0759,5.122,33.5976,-7.0122
1574147357034.0,0.0988,-0.033,0.0735,5.5488,30.9146,-5.6707
1574147357035.0,0.1014,-0.0345,0.0726,4.6951,27.1951,-5.1829
1574147357036.0,0.1083,-0.035,0.0716,3.2927,22.5,-5.6098
1574147357077.0,0.1122,-0.0317,0.0734,3.5976,18.7805,-3.7805
1574147357078.0,0.1069,-0.0306,0.0773,3.6585,16.5244,-3.5366
1574147357079.0,0.1016,-0.0344,0.0792,2.9878,16.2805,-5.6098
1574147357080.0,0.103,-0.0309,0.0754,4.878,17.5,-5.5488
1574147357081.0,0.1038,-0.0258,0.071,9.0244,17.8659,-4.2683
1574147357122.0,0.1024,-0.0263,0.0648,8.7805,18.8415,-4.3902
1574147357123.0,0.1024,-0.0311,0.0623,7.1951,22.0732,-4.5122
1574147357124.0,0.1093,-0.033,0.0634,5.6707,23.2927,-4.3902
1574147357125.0,0.1085,-0.0316,0.0661,3.8415,21.6463,-4.878
1574147357167.0,0.0998,-0.032,0.0658,4.5732,24.2073,-4.6951
1574147357168.0,0.0994,-0.033,0.0652,5.6707,27.7439,-4.0854
1574147357169.0,0.1036,-0.0333,0.066,5.122,26.0976,-2.6829
1574147357170.0,0.1049,-0.0344,0.0676,5.1829,23.4146,-2.439
1574147357171.0,0.1024,-0.0333,0.0704,4.7561,23.2317,-1.5854
1574147357212.0,0.0998,-0.0315,0.0731,4.0854,23.2317,-1.6463
1574147357213.0,0.1021,-0.0301,0.0766,4.2073,22.561,-1.8902
1574147357214.0,0.101,-0.0297,0.08,2.9268,18.3537,-0.7927
1574147357215.0,0.0967,-0.0299,0.0817,0.9146,12.439,-1.3415
1574147357257.0,0.0927,-0.0289,0.0807,-0.122,8.1707,-2.9878
1574147357259.0,0.0929,-0.0302,0.0811,-1.2195,3.9634,-3.4146
1574147357260.0,0.0953,-0.0321,0.0822,-3.0488,-1.4024,-4.5732
1574147357260.0,0.0969,-0.0334,0.0825,-4.8171,-5.5488,-5.2439
1574147357261.0,0.0974,-0.0323,0.0807,-5.4878,-6.0976,-6.0366
1574147357302.0,0.095,-0.0325,0.077,-4.6951,-4.939,-5.9756
1574147357303.0,0.0933,-0.0358,0.0748,-3.8415,-4.5732,-6.1585
1574147357304.0,0.0949,-0.037,0.0755,-3.4756,-6.8902,-7.3171
1574147357305.0,0.098,-0.0361,0.0769,-3.5976,-10.7317,-6.9512
1574147357347.0,0.1014,-0.0356,0.0767,-3.6585,-13.5366,-6.3415
1574147357348.0,0.1036,-0.0368,0.0742,-3.1707,-12.3171,-5.4268
1574147357349.0,0.1058,-0.0387,0.0714,-1.6463,-8.0488,-4.0244
1574147357350.0,0.1053,-0.0391,0.0701,0.0,-2.1341,-2.8659
1574147357351.0,0.1016,-0.0392,0.0696,1.9512,4.0244,-1.8902
1574147357437.0,0.0974,-0.0406,0.0692,3.7805,7.7439,-0.8537
1574147357439.0,0.0953,-0.0419,0.069,5.1829,7.622,0.3049
1574147357439.0,0.0966,-0.0416,0.0709,6.5854,5.0,0.9146
1574147357440.0,0.0968,-0.0402,0.0705,6.4634,1.2805,1.6463
1574147357441.0,0.0958,-0.0387,0.0706,5.9146,-2.6829,1.4024
1574147357442.0,0.0969,-0.037,0.0731,5.9756,-7.622,-0.1829
1574147357443.0,0.0986,-0.0345,0.0757,5.4878,-12.0122,-1.6463
1574147357443.0,0.101,-0.0338,0.0751,4.5732,-10.5488,-2.378
1574147357444.0,0.1035,-0.0336,0.0739,4.3293,-1.0976,-2.561
1574147357482.0,0.1041,-0.034,0.0734,4.7561,11.4634,-2.5
1574147357483.0,0.1019,-0.0338,0.0729,4.2073,23.9024,-2.3171
1574147357484.0,0.0972,-0.033,0.0739,4.8171,33.7195,-1.2195
1574147357485.0,0.0961,-0.0313,0.0723,5.061,37.0122,-0.4878
1574147357486.0,0.101,-0.0323,0.0723,5.4878,32.2561,-0.9756
1574147357527.0,0.1038,-0.0352,0.0778,6.0976,20.5488,-1.8293
1574147357527.0,0.1008,-0.037,0.082,4.878,8.7195,-1.8293
1574147357528.0,0.0994,-0.0363,0.0849,3.9024,1.3415,-1.7073
1574147357529.0,0.1041,-0.038,0.0886,1.8293,-3.5366,0.0
1574147357572.0,0.1083,-0.0401,0.0862,-0.9146,-6.0976,2.2561
1574147357572.0,0.103,-0.0368,0.0784,-1.5854,-2.8659,4.0244
1574147357573.0,0.0925,-0.0327,0.0706,0.9756,4.2683,4.5732
1574147357574.0,0.0903,-0.0342,0.0682,3.9024,12.3171,3.2927
1574147357574.0,0.0934,-0.0346,0.0716,5.122,16.8293,4.3902
1574147357617.0,0.0934,-0.0298,0.0783,5.9146,15.4878,5.5488
1574147357617.0,0.0916,-0.0272,0.081,6.6463,11.5854,3.9634
1574147357618.0,0.0945,-0.0284,0.0817,6.7073,7.3171,2.378
1574147357619.0,0.1006,-0.0316,0.085,8.0488,4.4512,2.2561
1574147357662.0,0.1032,-0.0339,0.0894,10.3049,6.4024,3.1707
1574147357663.0,0.1055,-0.0306,0.0891,14.2073,15.5488,2.8659
1574147357663.0,0.1071,-0.0245,0.0837,20.122,35.4878,0.3049
1574147357664.0,0.1004,-0.0241,0.0726,21.8293,60.2439,0.6098
1574147357665.0,0.0861,-0.0249,0.0712,20.0,73.4146,1.0976
1574147357707.0,0.0833,-0.0297,0.0865,16.3415,64.5122,1.2805
1574147357708.0,0.089,-0.0305,0.1033,9.6341,36.7073,3.2317
1574147357709.0,0.1016,-0.0269,0.1048,1.7683,5.4268,1.0366
1574147357709.0,0.1044,-0.0306,0.0927,3.2927,0.9146,-1.7683
1574147357752.0,0.0903,-0.0349,0.0897,7.5,14.2683,-1.7073
1574147357753.0,0.0799,-0.0355,0.0905,7.1341,21.1585,-4.1463
1574147357754.0,0.0824,-0.0302,0.0862,3.7805,14.5122,-4.0854
1574147357754.0,0.0872,-0.0277,0.0771,0.9756,9.0854,-3.2317
1574147357755.0,0.0859,-0.0302,0.074,-1.0366,15.122,-3.7195
1574147357797.0,0.0823,-0.0302,0.0745,-0.7317,23.1098,-2.9878
1574147357798.0,0.0859,-0.0302,0.0787,2.2561,26.4024,-2.8049
1574147357799.0,0.0959,-0.0312,0.0848,4.2683,25.7317,-4.0854
1574147357799.0,0.0979,-0.0294,0.091,5.1829,24.878,-4.0244
1574147357800.0,0.0914,-0.0272,0.0903,5.9756,24.6341,-3.7805
1574147357842.0,0.0907,-0.0295,0.0864,6.4024,19.3293,-4.3902
1574147357843.0,0.0912,-0.0323,0.0875,6.4634,7.8049,-3.7195
1574147357844.0,0.092,-0.0315,0.088,5.4878,-5.3659,-2.8049
1574147357845.0,0.0916,-0.0282,0.0839,4.0854,-9.878,-3.2927
1574147357887.0,0.0879,-0.0287,0.0753,3.7805,-4.3293,-3.0488
1574147357888.0,0.0828,-0.0313,0.071,4.5732,3.4756,-0.7317
1574147357889.0,0.0809,-0.0308,0.0685,6.5854,10.0,0.6707
1574147357890.0,0.0797,-0.0295,0.0673,8.3537,16.3415,1.7683
1574147357891.0,0.0759,-0.0254,0.0701,11.8293,23.5976,2.0122
1574147357932.0,0.0726,-0.0226,0.0746,15.1829,27.0122,2.8659
1574147357933.0,0.0755,-0.0237,0.0698,16.2805,22.8049,2.8659
1574147357934.0,0.0921,-0.0252,0.0709,18.4756,18.5976,3.0488
1574147357934.0,0.1008,-0.0214,0.0817,21.4634,16.3415,5.4268
1574147357977.0,0.0881,-0.0198,0.0861,21.3415,15.6707,6.7683
1574147357978.0,0.0739,-0.0218,0.0845,20.8537,22.5,5.1829
1574147357979.0,0.071,-0.0256,0.0855,21.7683,25.7927,1.5244
1574147357980.0,0.0792,-0.0311,0.0911,21.7683,22.1341,0.6098
1574147357981.0,0.0872,-0.0333,0.101,19.6951,16.8902,2.6829
1574147358022.0,0.0913,-0.0302,0.1102,19.2683,19.5732,3.9024
1574147358022.0,0.0915,-0.0278,0.1149,18.2317,32.0122,4.878
1574147358023.0,0.0916,-0.0288,0.1182,16.8293,41.5854,4.4512
1574147358024.0,0.0957,-0.0327,0.1158,15.5488,44.6951,1.7073
1574147358067.0,0.1016,-0.0339,0.1085,12.7439,45.1829,0.6098
1574147358067.0,0.0981,-0.0297,0.1057,9.878,46.2195,2.0122
1574147358068.0,0.0844,-0.0255,0.0983,8.8415,47.1341,3.4756
1574147358069.0,0.0717,-0.0258,0.0961,9.6951,45.0,3.9024
1574147358069.0,0.0701,-0.0304,0.1015,10.5488,42.5,5.1829
1574147358112.0,0.077,-0.0312,0.1003,9.6951,41.5854,6.7073
1574147358112.0,0.0774,-0.0333,0.1012,8.7195,45.122,7.561
1574147358113.0,0.0848,-0.0351,0.1076,6.8293,49.0244,8.9634
1574147358114.0,0.0898,-0.0308,0.1083,8.1098,60.7927,12.6829
1574147358114.0,0.0913,-0.032,0.1091,8.7195,66.4024,13.9634
1574147358157.0,0.0918,-0.0315,0.1104,9.3902,69.8171,15.061
1574147358158.0,0.0845,-0.0264,0.1089,10.2439,72.439,15.8537
1574147358159.0,0.0706,-0.0201,0.105,11.8293,71.0366,13.3537
1574147358160.0,0.0612,-0.0197,0.1027,12.378,61.1585,10.7317
1574147358202.0,0.0611,-0.0209,0.1032,11.6463,47.622,10.8537
1574147358202.0,0.0641,-0.0234,0.1087,10.2439,39.5732,12.561
1574147358203.0,0.0682,-0.0226,0.1142,8.4756,38.5366,13.1098
1574147358204.0,0.0668,-0.0212,0.1182,7.8659,43.8415,11.9512
1574147358204.0,0.0629,-0.0216,0.1141,7.1951,48.9024,12.1951
1574147358247.0,0.059,-0.0244,0.1074,5.9756,48.3537,10.7317
1574147358247.0,0.0533,-0.0267,0.1037,5.8537,45.6707,7.2561
1574147358248.0,0.0561,-0.0294,0.1056,7.0122,38.9634,5.3659
1574147358249.0,0.0664,-0.0292,0.1103,6.2195,24.8171,4.3902
1574147358292.0,0.0672,-0.0265,0.1124,4.3902,10.8537,4.939
1574147358292.0,0.0583,-0.0277,0.1127,3.9024,5.8537,5.6707
1574147358293.0,0.0536,-0.0282,0.1125,5.122,6.1585,4.5732
1574147358294.0,0.0563,-0.0275,0.111,3.5366,5.122,4.5122
1574147358294.0,0.0594,-0.0282,0.109,1.7683,4.7561,6.1585
1574147358337.0,0.0646,-0.0315,0.1015,1.8293,10.5488,8.1707
1574147358337.0,0.0715,-0.0323,0.1006,3.2927,17.622,10.3659
1574147358338.0,0.0751,-0.0294,0.106,5.6098,23.7195,11.4024
1574147358339.0,0.0644,-0.0225,0.1113,8.1098,29.3293,12.6829
1574147358382.0,0.0527,-0.0195,0.1174,11.6463,32.3171,13.1707
1574147358383.0,0.0535,-0.0184,0.1191,10.0,25.4268,13.1098
1574147358384.0,0.0551,-0.0182,0.1186,4.0854,15.2439,13.2317
1574147358385.0,0.0522,-0.0185,0.1143,1.5854,15.3049,11.7073
1574147358385.0,0.0484,-0.0215,0.1048,1.8902,20.6098,9.7561
1574147358427.0,0.0458,-0.0264,0.0984,3.7805,21.0366,9.0244
1574147358428.0,0.0524,-0.0304,0.1,6.0366,14.4512,8.1707
1574147358429.0,0.0724,-0.0311,0.1069,5.6098,2.5,6.8902
1574147358430.0,0.0781,-0.0271,0.112,4.3293,-5.4268,7.9268
1574147358431.0,0.067,-0.0256,0.1146,7.0732,0.122,9.3293
1574147358472.0,0.0613,-0.0246,0.1187,10.3659,9.8171,8.4756
1574147358473.0,0.058,-0.0231,0.1208,10.3659,16.0976,10.1829
1574147358474.0,0.0535,-0.0232,0.1213,9.8171,20.2439,13.1098
1574147358475.0,0.0527,-0.0237,0.1223,8.1707,20.4268,13.7195
1574147358517.0,0.0491,-0.0214,0.1241,6.0366,21.1585,13.7195
1574147358518.0,0.0433,-0.0204,0.1232,5.4268,24.7561,12.439
1574147358519.0,0.0384,-0.0237,0.1191,3.5976,23.7195,11.4634
1574147358520.0,0.0376,-0.0297,0.1108,1.3415,19.5122,10.6098
1574147358562.0,0.0494,-0.0301,0.1145,-0.7317,14.5122,9.5732
1574147358563.0,0.0632,-0.025,0.1105,-3.9024,10.1829,9.5732
1574147358564.0,0.0732,-0.0248,0.1078,-5.122,7.7439,7.8659
1574147358565.0,0.0686,-0.0252,0.1105,-0.7927,11.8293,9.3902
1574147358565.0,0.0601,-0.0255,0.1157,5.061,19.8171,13.7805
1574147358607.0,0.0577,-0.0252,0.1125,8.7195,27.5,16.6463
1574147358608.0,0.0549,-0.0272,0.1132,9.5122,29.878,18.6585
1574147358609.0,0.0508,-0.0281,0.1153,10.9146,30.0,21.3415
1574147358610.0,0.0468,-0.0247,0.1186,12.378,29.878,23.4146
1574147358611.0,0.0449,-0.0222,0.1229,11.6463,27.8049,22.2561
1574147358652.0,0.0416,-0.0233,0.1149,9.3902,26.4634,20.6098
1574147358653.0,0.0347,-0.0263,0.1138,8.7195,28.6585,20.4268
1574147358654.0,0.0384,-0.0264,0.1065,9.2683,32.8049,18.6585
1574147358655.0,0.0538,-0.0237,0.1041,8.2927,29.0244,15.1829
1574147358697.0,0.0453,-0.0233,0.1096,7.9268,20.2439,14.2683
1574147358698.0,0.0339,-0.0228,0.117,10.9146,16.6463,11.9512
1574147358699.0,0.04,-0.0186,0.1149,11.1585,11.4634,9.5122
1574147358700.0,0.0491,-0.0181,0.1238,8.1707,3.5366,7.561
1574147358701.0,0.0571,-0.0241,0.1151,6.6463,-0.4878,7.9878
1574147358742.0,0.0524,-0.0263,0.1101,6.0976,4.0854,10.122
1574147358743.0,0.0487,-0.0265,0.1177,9.5732,14.5732,9.5122
1574147358744.0,0.0593,-0.0242,0.1129,8.4756,15.122,8.6585
1574147358745.0,0.0615,-0.0225,0.1127,4.8171,8.3537,8.6585
1574147358787.0,0.053,-0.0257,0.1091,5.7317,9.4512,8.0488
1574147358788.0,0.043,-0.0248,0.1085,8.2927,14.6341,9.0244
1574147358789.0,0.039,-0.0251,0.1108,9.3902,15.061,8.8415
1574147358790.0,0.0394,-0.0237,0.1071,6.7073,6.7073,8.1707
1574147358790.0,0.0402,-0.0214,0.1082,3.6585,-2.5,5.6098
1574147358832.0,0.0417,-0.0201,0.1157,3.4146,-9.8171,2.0122
1574147358833.0,0.0506,-0.019,0.1033,0.6707,-17.439,-1.4024
1574147358834.0,0.0537,-0.0197,0.1102,-0.7317,-19.4512,-3.7195
1574147358834.0,0.0527,-0.0207,0.1125,2.0122,-9.3293,-3.7805
1574147358835.0,0.0527,-0.02,0.1107,3.1098,-2.439,-0.9146
1574147358877.0,0.048,-0.0237,0.1131,2.9878,-0.8537,-1.4024
1574147358878.0,0.0402,-0.0239,0.1152,4.0854,-1.9512,-1.2195
1574147358879.0,0.0307,-0.0217,0.1144,3.6585,-9.4512,0.4268
1574147358880.0,0.0221,-0.0216,0.1103,0.9756,-23.9634,-2.1341
1574147358922.0,0.0095,-0.0225,0.112,-2.0122,-45.8537,-6.3415
1574147358923.0,0.0054,-0.0219,0.1107,-5.0,-77.3171,-12.8049
1574147358924.0,0.028,-0.0229,0.1067,-11.7683,-117.7439,-20.6707
1574147358925.0,0.054,-0.0242,0.1013,-20.6707,-148.5976,-25.4878
1574147358926.0,0.0682,-0.0253,0.0887,-22.6829,-150.9146,-26.2805
1574147358967.0,0.0772,-0.0306,0.0995,-14.6951,-136.3415,-24.3902
1574147358968.0,0.0994,-0.0394,0.1185,-8.9634,-130.7927,-20.8537
1574147358969.0,0.1205,-0.0459,0.1306,-7.561,-127.0732,-14.939
1574147358970.0,0.1091,-0.0516,0.1385,-6.1585,-105.2439,-4.7561
1574147359012.0,0.0779,-0.0522,0.1358,-2.8049,-72.6829,0.061
1574147359013.0,0.0623,-0.0471,0.1207,-6.3415,-55.6098,-4.878
1574147359014.0,0.0654,-0.0438,0.1156,-17.0122,-62.561,-9.0854
1574147359015.0,0.0848,-0.0414,0.0909,-24.0854,-75.3049,-5.1829
1574147359016.0,0.0952,-0.0363,0.0572,-24.878,-82.0732,-1.8902
1574147359057.0,0.075,-0.0351,0.0436,-19.0854,-70.122,-4.0244
1574147359057.0,0.054,-0.0329,0.0659,-5.061,-42.3171,-10.3659
1574147359058.0,0.0506,-0.0189,0.1002,7.9878,-20.1829,-14.6951
1574147359059.0,0.0674,-0.0173,0.083,10.1829,-18.1098,-13.2927
1574147359102.0,0.0872,-0.0242,0.0724,9.8171,-18.9634,-9.0244
1574147359102.0,0.0873,-0.0208,0.0756,17.9878,1.4634,0.1829
1574147359103.0,0.067,-0.0186,0.083,28.2927,21.3415,6.0976
1574147359104.0,0.0635,-0.0081,0.1097,34.3293,14.2683,-2.6829
1574147359104.0,0.0758,-0.0007,0.1127,27.3171,-29.1463,-10.7927
1574147359147.0,0.1182,0.0097,0.1431,12.9268,-81.3415,-14.0854
1574147359148.0,0.1332,0.0199,0.165,5.6098,-83.2927,-9.6951
1574147359149.0,0.1352,0.0106,0.147,-0.2439,-55.7927,-4.6951
1574147359149.0,0.1129,0.0029,0.1405,-2.9268,-11.0366,-0.4268
1574147359150.0,0.0865,-0.0129,0.1403,-3.6585,35.0,10.4878
1574147359192.0,0.074,-0.0247,0.1228,-6.3415,66.3415,19.1463
1574147359193.0,0.0616,-0.0385,0.0863,-7.1951,67.7439,15.4878
1574147359194.0,0.067,-0.0439,0.1113,-4.2683,39.7561,3.8415
1574147359195.0,0.0629,-0.0173,0.1309,-7.378,29.8171,3.7805
1574147359237.0,0.0773,-0.0156,0.1159,-10.9756,33.8415,-0.3659
1574147359239.0,0.0914,-0.0339,0.0914,-19.7561,36.0976,-1.2195
1574147359240.0,0.0693,-0.0405,0.0879,-20.4268,47.7439,9.8171
1574147359241.0,0.0496,-0.0392,0.0818,-11.4634,69.1463,7.9268
1574147359242.0,0.059,-0.0351,0.0753,-4.878,73.2927,-0.6707
1574147359282.0,0.0759,-0.0239,0.0754,-0.6707,59.7561,0.5488
1574147359283.0,0.0666,-0.0142,0.0803,1.8902,47.439,5.9756
1574147359285.0,0.0593,-0.0052,0.0844,10.4268,48.9634,1.6463
1574147359286.0,0.0692,-0.0061,0.0894,16.1585,52.3781,-0.7317
1574147359327.0,0.0745,-0.0095,0.1057,20.7317,49.6341,4.7561
1574147359327.0,0.0478,-0.0256,0.0628,26.9512,49.5732,5.7927
1574147359328.0,0.0011,-0.0403,0.0735,33.3537,46.8902,3.7805
1574147359329.0,0.0264,-0.0261,0.0972,40.2439,39.2073,-9.2073
1574147359329.0,0.0995,-0.0168,0.1248,33.7195,11.6463,-13.8415
1574147359372.0,0.119,-0.0116,0.1557,23.4756,-11.3415,-9.0244
1574147359372.0,0.1135,-0.0146,0.1577,21.8902,4.4512,-0.5488
1574147359374.0,0.1018,-0.0356,0.126,15.3049,16.4634,-0.6098
1574147359374.0,0.0818,-0.0465,0.1074,9.4512,14.2683,5.1829
1574147359417.0,0.0662,-0.032,0.0974,8.4756,23.4756,15.7317
1574147359418.0,0.0507,-0.0142,0.0944,7.6829,31.5244,17.5
1574147359418.0,0.0371,-0.0043,0.098,7.1341,30.2439,12.8049
1574147359419.0,0.0307,-0.0012,0.1053,7.3171,24.3293,9.7561
1574147359419.0,0.0359,-0.0126,0.0986,5.122,12.0122,7.0122
1574147359462.0,0.0194,-0.053,0.0506,2.622,0.5488,1.2195
1574147359463.0,0.0051,-0.0539,0.1108,7.7439,-5.4878,-0.9756
1574147359464.0,0.0988,-0.0096,0.1485,10.1829,-3.0488,-13.1098
1574147359465.0,0.1033,-0.0015,0.1513,-5.061,-18.4146,-9.1463
1574147359466.0,0.0526,-0.0186,0.1398,-3.7195,-4.3902,-9.878
1574147359507.0,0.0549,-0.0234,0.1331,-3.4146,13.7195,-13.4146
1574147359508.0,0.0536,-0.0249,0.1234,-9.0244,2.561,-4.2683
1574147359509.0,0.0425,-0.0184,0.1077,-9.7561,-8.4756,-2.1341
1574147359509.0,0.0612,-0.0019,0.1031,-8.2927,-11.2195,-5.1829
1574147359552.0,0.0812,-0.0141,0.0885,-7.9268,-21.5854,-5.3659
1574147359553.0,0.0571,-0.0363,0.0858,-2.9268,-20.3049,-0.6707
1574147359554.0,0.0641,-0.022,0.103,8.3537,2.378,-2.0122
1574147359555.0,0.092,-0.0175,0.1123,9.4512,7.0732,-4.3293
1574147359556.0,0.0892,-0.0157,0.1113,8.7805,6.2195,-0.6707
1574147359597.0,0.0856,-0.0082,0.1094,10.8537,19.0244,2.3171
1574147359598.0,0.0764,-0.0154,0.1138,11.9512,28.0488,7.8049
1574147359599.0,0.0511,-0.0231,0.1148,14.5122,33.1098,14.2073
1574147359600.0,0.0389,-0.0166,0.1088,17.439,36.0976,13.9024
1574147359642.0,0.0518,-0.0153,0.1288,15.6098,25.9146,7.5
1574147359643.0,0.0619,-0.0095,0.0921,10.3659,12.561,4.0244
1574147359644.0,0.0436,-0.033,0.0801,8.3537,12.1951,4.5732
1574147359645.0,0.0446,-0.043,0.0949,12.7439,15.7317,-1.0366
1574147359645.0,0.0621,-0.0212,0.1161,13.4146,12.622,-2.5
1574147359687.0,0.0715,-0.0092,0.1274,12.0732,8.4146,-2.561
1574147359688.0,0.0707,-0.0075,0.1207,8.5366,5.122,-6.8293
1574147359689.0,0.0673,-0.0085,0.1088,4.4512,5.8537,-5.9756
1574147359690.0,0.0608,-0.0059,0.1068,3.4756,10.2439,-1.5854
1574147359732.0,0.0576,-0.0026,0.1032,2.7439,12.0732,-0.5488
1574147359733.0,0.0569,-0.0005,0.1008,3.0488,12.2561,-0.6098
1574147359734.0,0.0547,0.0013,0.0975,2.622,8.2317,-1.3415
1574147359735.0,0.0527,-0.002,0.0977,1.5244,1.0366,-4.3902
1574147359736.0,0.0406,-0.0006,0.0911,-0.122,-7.1341,-4.0244
1574147359777.0,0.0222,0.0014,0.0844,-0.9146,-17.0732,-8.4756
1574147359778.0,0.0037,0.0008,0.0736,-1.2195,-33.7805,-12.9878
1574147359778.0,-0.0084,0.0012,0.0669,-2.378,-61.7073,-19.0854
1574147359779.0,0.002,-0.0023,0.0962,-5.1829,-103.2317,-26.0366
1574147359822.0,0.033,-0.0098,0.1423,-10.4878,-150.7317,-30.7927
1574147359823.0,0.0713,-0.0141,0.1423,-19.1463,-189.7561,-33.0488
1574147359824.0,0.1015,-0.0214,0.1356,-25.6098,-215.3049,-31.9512
1574147359825.0,0.1066,-0.0323,0.1343,-34.7561,-217.1342,-30.3659
1574147359825.0,0.1007,-0.0356,0.1295,-43.3537,-200.0,-32.3171
1574147359867.0,0.0942,-0.0394,0.1124,-52.3171,-186.6463,-34.939
1574147359868.0,0.0937,-0.0493,0.0768,-61.4634,-188.5976,-31.7683
1574147359868.0,0.1074,-0.0578,0.047,-69.2683,-197.7439,-23.8415
1574147359869.0,0.1252,-0.0594,0.0299,-71.8293,-206.8293,-10.7317
1574147359869.0,0.1417,-0.0603,0.0183,-70.4878,-210.4878,0.4268
1574147359912.0,0.1653,-0.0701,0.013,-68.7195,-203.2927,4.4512
1574147359913.0,0.1765,-0.0802,0.0276,-60.7927,-179.6342,9.1463
1574147359914.0,0.1574,-0.0844,0.044,-42.9878,-141.7073,17.1951
1574147359915.0,0.1329,-0.0832,0.0604,-25.3049,-92.9268,18.4146
1574147359957.0,0.1156,-0.0743,0.0844,-12.0732,-37.8659,12.8659
1574147359958.0,0.0965,-0.0626,0.1061,-4.4512,7.1341,3.9024
1574147359959.0,0.0784,-0.0497,0.116,-3.1098,36.6463,-3.9024
1574147359960.0,0.0745,-0.0368,0.1181,-4.8171,53.1098,-4.3902
1574147359961.0,0.0837,-0.0255,0.1055,-1.5244,62.8049,1.0976
1574147360002.0,0.0955,-0.0231,0.0954,3.2927,70.2439,8.3537
1574147360003.0,0.0889,-0.0233,0.0856,7.378,77.3781,14.939
1574147360004.0,0.0709,-0.0189,0.0752,14.8171,77.0732,13.6585
1574147360005.0,0.0558,-0.0093,0.0637,22.1341,64.3293,2.9878
1574147360047.0,0.0506,0.0009,0.0483,27.1951,36.2195,-5.7927
1574147360048.0,0.0579,0.0099,0.0406,32.6829,-12.378,-9.6951
1574147360049.0,0.0808,0.0139,0.04,34.5732,-69.3293,-15.6098
1574147360050.0,0.1154,0.0145,0.0468,32.9878,-103.1707,-22.8659
1574147360051.0,0.1415,0.0245,0.063,34.6951,-101.0366,-22.2561
1574147360092.0,0.157,0.0358,0.082,41.7073,-70.6707,-14.3902
1574147360093.0,0.1705,0.0341,0.0933,45.0,-24.5122,-8.7195
1574147360094.0,0.1609,0.0256,0.0905,40.4268,29.0854,-0.2439
1574147360095.0,0.1299,0.0163,0.0768,37.6829,81.6463,11.3415
1574147360137.0,0.1042,0.0157,0.0766,43.5366,116.0366,14.5732
1574147360137.0,0.0833,0.0179,0.0827,44.6951,119.2073,14.6951
1574147360138.0,0.0548,0.0162,0.0819,37.561,99.3293,11.4634
1574147360139.0,0.0462,0.0099,0.0745,28.2317,60.2439,2.6829
1574147360139.0,0.0676,0.0085,0.0685,20.6098,11.1585,-3.5976
1574147360182.0,0.1006,0.0084,0.0676,17.8659,-24.4512,-0.6098
1574147360183.0,0.1233,0.0047,0.0806,15.3049,-31.6463,5.3049
1574147360183.0,0.1305,0.0026,0.0947,10.8537,-15.0,10.122
1574147360184.0,0.1335,-0.0002,0.0978,9.2073,15.122,10.3049
1574147360184.0,0.1285,0.0004,0.0934,9.8171,45.6098,12.5
1574147360227.0,0.1069,-0.0003,0.0887,11.0976,73.3537,17.0122
1574147360228.0,0.0792,-0.0113,0.0809,8.5366,93.5366,15.7317
1574147360229.0,0.064,-0.0233,0.0792,4.3293,96.4634,13.4756
1574147360230.0,0.0722,-0.0295,0.0784,4.5732,82.6829,12.5
1574147360272.0,0.082,-0.0301,0.0718,6.4634,63.1098,13.0488
1574147360273.0,0.0885,-0.0275,0.0712,12.0122,44.0854,12.622
1574147360274.0,0.0871,-0.0212,0.0729,14.7561,27.0122,8.8415
1574147360275.0,0.0923,-0.0219,0.0845,13.5366,15.061,3.7805
1574147360275.0,0.1035,-0.0215,0.1006,9.8171,20.061,-0.7927
1574147360317.0,0.1082,-0.0101,0.1055,11.7073,39.2683,-0.2439
1574147360318.0,0.1095,-0.006,0.0999,14.3902,64.3902,1.8902
1574147360319.0,0.1005,-0.0096,0.0955,9.3902,85.2439,3.0488
1574147360320.0,0.078,-0.0119,0.0873,6.7683,97.8049,8.7805
1574147360362.0,0.0601,-0.0175,0.0841,5.9756,95.4268,13.7195
1574147360363.0,0.0695,-0.0203,0.0863,7.561,78.8415,13.8415
1574147360364.0,0.0842,-0.018,0.0942,10.8537,53.5366,10.061
1574147360365.0,0.0765,-0.0154,0.1024,14.8171,32.8659,7.3171
1574147360365.0,0.0562,-0.015,0.1052,15.2439,22.9878,1.7073
1574147360407.0,0.0559,-0.02,0.1042,11.5244,14.6341,-4.3902
1574147360408.0,0.0753,-0.0203,0.1064,7.1951,6.5854,-3.9634
1574147360409.0,0.0886,-0.0176,0.1028,6.1585,6.8902,1.0366
1574147360410.0,0.0831,-0.0208,0.0966,5.122,20.7317,1.4634
1574147360452.0,0.0728,-0.0217,0.0955,4.6951,35.9756,-2.0732
1574147360453.0,0.0643,-0.0188,0.0956,5.3659,40.6707,-3.9024
1574147360454.0,0.0671,-0.0162,0.1014,7.3171,29.4512,-7.439
1574147360455.0,0.0807,-0.0158,0.1051,6.7073,8.0488,-9.6341
1574147360455.0,0.0926,-0.0152,0.1057,5.061,-6.1585,-8.8415
1574147360497.0,0.0937,-0.0157,0.1055,5.061,-2.8049,-7.7439
1574147360498.0,0.0906,-0.0193,0.1064,5.0,8.2317,-6.6463
1574147360500.0,0.0916,-0.0194,0.1075,3.4146,16.9512,-3.8415
1574147360500.0,0.0889,-0.017,0.1062,2.8659,23.1707,-0.4878
1574147360501.0,0.0798,-0.016,0.1041,2.378,26.2805,2.3171
1574147360542.0,0.0723,-0.0117,0.1018,1.1585,25.2439,3.5976
1574147360543.0,0.0703,-0.0112,0.103,0.1829,21.0976,3.5976
1574147360544.0,0.0743,-0.0127,0.1023,0.5488,19.0244,1.7073
1574147360545.0,0.072,-0.011,0.1034,0.4878,18.5976,5.6707
1574147360587.0,0.0706,-0.0156,0.1039,0.8537,22.378,6.2805
1574147360587.0,0.074,-0.0142,0.1085,1.7073,26.8293,4.4512
1574147360588.0,0.0696,-0.0151,0.1069,2.439,26.2195,7.7439
1574147360589.0,0.0659,-0.0173,0.1062,2.6829,22.9878,6.2195
1574147360589.0,0.0696,-0.017,0.1086,3.9024,17.439,5.5488
1574147360632.0,0.0729,-0.0172,0.1072,3.9634,12.5,6.0366
1574147360632.0,0.0682,-0.0181,0.1019,4.8171,11.5244,3.5366
1574147360633.0,0.069,-0.0148,0.0955,6.4634,12.7439,1.1585
1574147360634.0,0.0768,-0.0141,0.0986,6.6463,10.4268,1.0976
1574147360677.0,0.0799,-0.0145,0.1095,6.2195,8.3537,0.7317
1574147360678.0,0.0762,-0.0145,0.1156,6.4634,11.0366,0.9146
1574147360680.0,0.0751,-0.013,0.1147,6.2195,15.1829,0.4268
1574147360681.0,0.0751,-0.0148,0.1122,3.9634,15.9146,2.2561
1574147360682.0,0.0746,-0.0174,0.1098,1.2195,14.8171,4.939
1574147360722.0,0.0674,-0.017,0.1052,0.4878,15.2439,6.5854
1574147360723.0,0.0563,-0.0138,0.101,1.8902,15.8537,3.9634
1574147360724.0,0.0584,-0.0117,0.1042,3.6585,10.6098,1.4634
1574147360725.0,0.0671,-0.0091,0.112,1.5854,-2.378,2.0732
1574147360767.0,0.0679,-0.0085,0.1171,-0.8537,-10.4268,2.622
1574147360768.0,0.0676,-0.0081,0.116,-3.0488,-6.9512,0.6098
1574147360769.0,0.0802,-0.0095,0.1096,-6.6463,-3.2927,0.6098
1574147360770.0,0.0941,-0.0127,0.1061,-9.4512,-0.1829,2.378
1574147360771.0,0.0949,-0.0137,0.1119,-9.7561,10.4268,4.878
1574147360812.0,0.0849,-0.0127,0.1109,-8.1098,26.5854,7.9268
1574147360813.0,0.0735,-0.0098,0.1124,-5.6098,38.5976,9.878
1574147360814.0,0.0673,-0.0071,0.1164,-3.3537,42.9268,9.6341
1574147360815.0,0.0687,-0.0115,0.1155,-2.7439,37.8049,4.1463
1574147360857.0,0.069,-0.0119,0.1096,-5.3659,32.3171,6.0366
1574147360858.0,0.0641,-0.0124,0.1088,-6.2195,31.2195,7.7439
1574147360859.0,0.0552,-0.0086,0.1147,-6.3415,30.3049,7.561
1574147360860.0,0.0672,-0.0187,0.1193,-8.0488,23.5976,7.5
1574147360861.0,0.072,0.0009,0.1235,-10.7927,13.2317,8.5366
1574147360902.0,0.07,-0.0029,0.1266,-11.3415,10.9146,8.4146
1574147360903.0,0.0588,-0.0118,0.1241,-7.378,7.2561,-7.1951
1574147360904.0,0.0616,-0.0159,0.1254,-11.8293,-6.5244,3.2317
1574147360904.0,0.0641,-0.0212,0.1252,-22.0732,-29.6341,12.0122
1574147360905.0,0.0663,-0.027,0.1179,-28.0488,-48.4146,8.4146
1574147360947.0,0.0692,-0.0313,0.1104,-32.9268,-59.6951,9.4512
1574147360948.0,0.0607,-0.0337,0.1033,-37.0732,-68.3537,10.9756
1574147360949.0,0.0477,-0.0343,0.0956,-38.2927,-78.8415,5.8537
1574147360950.0,0.0557,-0.0341,0.0924,-39.3293,-98.0488,-0.6707
1574147360992.0,0.0881,-0.0383,0.0886,-42.8049,-122.1951,-3.1098
1574147360993.0,0.114,-0.0471,0.0746,-47.561,-129.0244,0.3659
1574147360994.0,0.1085,-0.0538,0.0468,-42.2561,-97.8659,5.061
1574147360995.0,0.0896,-0.0527,0.0231,-24.1463,-45.6098,6.4634
1574147360995.0,0.0715,-0.0472,0.0132,-8.5366,-10.6707,6.3415
1574147361037.0,0.0558,-0.0434,0.0208,2.439,-2.439,1.0976
1574147361038.0,0.0504,-0.0392,0.0357,12.378,-3.8415,-6.9512
1574147361039.0,0.0599,-0.029,0.0568,21.2195,-12.3171,-11.7683
1574147361040.0,0.0635,-0.0172,0.0815,29.7561,-18.7195,-11.6463
1574147361082.0,0.0662,-0.0127,0.1165,34.939,-17.9878,-11.2805
1574147361083.0,0.0685,-0.0088,0.1296,36.8293,-13.6585,-14.3293
1574147361084.0,0.0898,-0.0092,0.1245,36.0976,-26.2195,-15.7317
1574147361085.0,0.1058,-0.012,0.1064,25.9146,-41.5244,-11.4634
1574147361086.0,0.1019,-0.02,0.0878,20.4268,-29.4512,-3.6585
1574147361127.0,0.0869,-0.0223,0.0833,18.4756,-1.6463,-5.3659
1574147361128.0,0.0699,-0.0172,0.0869,16.5244,12.378,-10.9146
1574147361129.0,0.0585,-0.0162,0.0877,14.5122,5.0,-14.0854
1574147361130.0,0.0625,-0.0192,0.0858,9.1463,-15.4268,-13.1707
1574147361172.0,0.0695,-0.0214,0.0855,2.9878,-31.5244,-7.561
1574147361172.0,0.0734,-0.024,0.0952,2.622,-44.2073,-6.5854
1574147361173.0,0.0972,-0.0329,0.1064,0.5488,-59.0244,-12.9878
1574147361174.0,0.1334,-0.0353,0.1141,-4.5122,-73.4146,-19.878
1574147361174.0,0.1446,-0.0247,0.1046,-9.0854,-78.2317,-20.5488
1574147361217.0,0.1141,-0.0146,0.104,-8.7805,-61.5244,-22.1341
1574147361217.0,0.0869,-0.0115,0.1057,-4.6341,-37.1951,-26.8902
1574147361218.0,0.0968,-0.0073,0.1057,-5.7927,-36.4024,-25.4268
1574147361219.0,0.0952,-0.0034,0.1,-13.1707,-54.6951,-12.622
1574147361219.0,0.0735,-0.0048,0.101,-16.8902,-66.8293,-8.2927
1574147361262.0,0.0662,-0.0047,0.1,-17.0122,-77.9878,-13.1707
1574147361263.0,0.0681,0.0042,0.1072,-20.2439,-82.6829,-20.122
1574147361264.0,0.0567,0.019,0.1071,-18.0488,-66.0366,-27.439
1574147361265.0,0.0522,0.0305,0.1074,-17.3171,-63.0488,-31.7683
1574147361307.0,0.0669,0.0248,0.1183,-16.6463,-79.2073,-30.9756
1574147361308.0,0.1058,0.0145,0.1166,-21.4024,-99.6341,-31.6463
1574147361309.0,0.1208,0.0136,0.1107,-25.6707,-89.3902,-32.7439
1574147361310.0,0.1348,-0.0009,0.1074,-19.5122,-67.6829,-27.1341
1574147361311.0,0.1581,-0.0117,0.113,-25.122,-65.1829,-22.378
1574147361352.0,0.1633,-0.0089,0.1146,-28.9634,-40.4268,-16.4024
1574147361353.0,0.1511,-0.0054,0.1086,-25.3659,-1.0976,-11.3415
1574147361354.0,0.1009,-0.0068,0.0992,-21.5244,35.3049,-7.0732
1574147361355.0,0.066,-0.0155,0.0946,-20.4268,47.0732,-7.1951
1574147361397.0,0.0549,-0.0129,0.0909,-26.4024,22.1951,-12.561
1574147361398.0,0.0613,-0.0089,0.0917,-30.8537,-7.7439,-15.5488
1574147361399.0,0.0795,-0.0101,0.1033,-32.6829,-23.6585,-17.8659
1574147361400.0,0.1099,-0.0171,0.1005,-35.4878,-27.8049,-22.561
1574147361400.0,0.1525,-0.0225,0.0864,-40.6707,-17.0122,-23.2927
1574147361442.0,0.1773,-0.0266,0.0848,-40.7927,6.2195,-16.7683
1574147361443.0,0.1655,-0.0331,0.0841,-35.6707,37.622,-10.7927
1574147361444.0,0.1331,-0.0339,0.0801,-30.8537,80.4878,-7.5
1574147361445.0,0.1133,-0.0385,0.0657,-22.8049,120.5488,-1.2805
1574147361487.0,0.1068,-0.0527,0.0518,-11.7073,147.7439,5.9756
1574147361532.0,0.1013,-0.0682,0.0688,3.5366,152.1951,12.6829
1574147361533.0,0.0848,-0.062,0.0889,12.622,128.3537,12.9878
1574147361534.0,0.0733,-0.0469,0.0806,21.0976,112.622,12.8049
1574147361535.0,0.0682,-0.049,0.0897,28.7805,106.5854,17.378
1574147361536.0,0.0767,-0.0466,0.1223,27.622,89.8781,20.2439
1574147361537.0,0.0478,-0.0137,0.1035,23.4146,81.2805,19.2073
1574147361537.0,0.0186,-0.0216,0.0894,25.9146,76.7683,10.122
1574147361538.0,0.0321,-0.022,0.0977,16.6463,48.8415,-6.2195
1574147361539.0,0.0409,-0.0093,0.1005,10.9146,16.4634,-12.1341
1574147361577.0,0.0533,-0.0024,0.0852,7.6829,-2.378,-21.8293
1574147361578.0,0.0862,-0.0046,0.0706,2.8659,-14.5122,-32.622
1574147361579.0,0.1106,-0.0002,0.0698,0.3659,-16.9512,-34.8171
1574147361580.0,0.1206,0.0118,0.0702,5.122,-2.561,-30.7317
1574147361622.0,0.1169,0.0191,0.0687,9.8171,10.9146,-24.0244
1574147361623.0,0.0961,0.0165,0.0655,12.2561,23.7195,-14.5732
1574147361624.0,0.0856,0.0153,0.056,14.2073,40.6098,-4.8171
1574147361625.0,0.1003,0.0163,0.0616,17.5,42.0122,2.439
1574147361626.0,0.0994,0.0238,0.0726,19.2073,35.3659,6.7683
1574147361667.0,0.0781,0.0256,0.0831,22.0122,44.3293,9.2683
1574147361668.0,0.0781,0.0145,0.0887,21.9512,53.5976,13.1098
1574147361669.0,0.0872,0.0063,0.0928,15.122,45.4268,18.2317
1574147361670.0,0.0745,0.0115,0.0957,9.0244,38.4756,18.5366
1574147361713.0,0.0605,0.0133,0.0948,6.1585,47.8659,16.7073
1574147361714.0,0.0444,0.0085,0.0908,0.2439,55.7317,17.622
1574147361715.0,0.043,-0.0008,0.0835,-5.3049,50.7317,16.1585
1574147361716.0,0.0523,0.002,0.092,-6.4634,38.1707,11.2805
1574147361717.0,0.0652,0.0058,0.0961,-6.4024,27.1341,5.061
1574147361757.0,0.0645,0.0074,0.0933,-6.5854,27.8049,-1.5244
1574147361758.0,0.0712,-0.0008,0.0862,-5.7927,27.2561,-6.2195
1574147361759.0,0.0869,-0.011,0.0943,-4.6341,17.3171,-6.0366
1574147361760.0,0.0941,-0.0099,0.1074,-3.5976,7.3171,-4.5122
1574147361802.0,0.0912,-0.012,0.1075,-0.6098,11.4634,-2.1341
1574147361804.0,0.09,-0.0195,0.1053,1.2805,17.0732,-2.378
1574147361804.0,0.0932,-0.0278,0.1102,2.8049,19.8171,-2.622
1574147361805.0,0.0887,-0.0297,0.0942,4.8171,22.3171,0.5488
1574147361806.0,0.0835,-0.0366,0.0906,8.5366,23.0488,5.8537
1574147361847.0,0.0851,-0.0339,0.1048,10.5488,14.8171,4.878
1574147361848.0,0.0592,-0.0203,0.1039,12.7439,6.7073,8.0488
1574147361849.0,0.0514,-0.019,0.1037,16.9512,2.1951,4.6341
1574147361850.0,0.0624,-0.0153,0.1144,16.2195,-10.1829,-1.7683
1574147361892.0,0.0636,-0.0107,0.1151,12.1341,-20.2439,-3.4756
1574147361893.0,0.0648,-0.012,0.1053,9.4512,-17.9268,-9.2683
1574147361894.0,0.0763,-0.0161,0.103,6.6463,-18.2317,-13.5366
1574147361895.0,0.0801,-0.0115,0.1038,4.3902,-20.7927,-13.2317
1574147361896.0,0.069,-0.0048,0.0966,4.3902,-19.3293,-12.622
1574147361937.0,0.0662,-0.0056,0.0952,5.7927,-20.5488,-13.7195
1574147361938.0,0.0769,-0.0096,0.0991,5.9146,-34.2683,-11.5854
1574147361939.0,0.0882,-0.0128,0.1119,3.3537,-54.5732,-5.5488
1574147361940.0,0.1044,-0.0083,0.1147,0.7317,-63.9024,-2.9268
1574147361940.0,0.1309,-0.0071,0.0983,-4.3902,-60.0,0.2439
1574147361982.0,0.1183,-0.0065,0.1171,-9.6341,-44.5732,4.3293
1574147361983.0,0.0739,0.0004,0.0943,-10.4268,-18.1707,1.8902
1574147361984.0,0.0508,-0.0013,0.0774,-11.3415,0.3659,-2.439
1574147361985.0,0.0499,-0.0057,0.0854,-10.0,-5.4878,-5.1829
1574147362027.0,0.0497,-0.0039,0.0985,-9.6341,-24.878,-1.7073
1574147362028.0,0.058,-0.0003,0.1094,-9.6341,-42.8659,-2.378
1574147362029.0,0.0678,0.0045,0.1094,-13.5366,-59.6951,-5.6098
1574147362030.0,0.0861,0.0002,0.0996,-20.3049,-66.1585,-8.7805
1574147362031.0,0.1154,-0.007,0.0865,-24.0854,-55.2439,-11.2195
1574147362072.0,0.1226,-0.0159,0.0837,-21.8293,-39.6341,-8.1098
1574147362073.0,0.1289,-0.0284,0.0836,-18.1098,-28.1098,-5.4878
1574147362074.0,0.126,-0.0374,0.0855,-16.3415,-21.7683,0.4268
1574147362075.0,0.1088,-0.0392,0.0839,-14.0854,-15.0,7.6829
1574147362117.0,0.0922,-0.0396,0.0839,-10.9756,-8.0488,9.7561
1574147362118.0,0.0966,-0.0399,0.0955,-8.4756,-9.4512,8.0488
1574147362119.0,0.1103,-0.0312,0.1014,-10.3049,-12.622,8.4146
1574147362120.0,0.1043,-0.019,0.0978,-10.4268,-0.8537,9.2073
1574147362120.0,0.0836,-0.0126,0.085,-8.3537,22.0732,5.9146
1574147362162.0,0.0766,-0.0114,0.0807,-5.7317,35.6707,1.7073
1574147362163.0,0.0772,-0.0087,0.0869,-1.7073,38.9634,2.9878
1574147362164.0,0.0786,-0.0047,0.0892,4.2683,38.2317,5.6098
1574147362165.0,0.0868,-0.0048,0.0863,8.7195,32.2561,2.6829
1574147362207.0,0.0961,-0.0071,0.0904,10.9756,27.622,0.061
1574147362208.0,0.097,-0.0064,0.0989,13.3537,32.5,1.5244
1574147362209.0,0.0899,-0.0042,0.0999,16.7073,43.1098,3.5366
1574147362210.0,0.072,-0.0052,0.0926,20.1829,50.3049,6.0366
1574147362211.0,0.0633,-0.0151,0.0922,22.439,49.8781,6.6463
1574147362252.0,0.0695,-0.0203,0.1033,23.0488,41.7073,7.1341
1574147362252.0,0.0757,-0.0165,0.1133,22.622,28.1098,8.2927
1574147362253.0,0.0765,-0.0138,0.1143,20.7927,17.3171,5.7317
1574147362254.0,0.0703,-0.0128,0.1135,16.2805,13.5366,1.8293
1574147362255.0,0.0668,-0.0115,0.1138,11.7073,12.9268,-1.2805
1574147362297.0,0.0718,-0.0068,0.1183,5.7927,7.1951,-3.5366
1574147362298.0,0.0698,-0.0007,0.1178,-2.9268,2.6829,-4.2073
1574147362298.0,0.062,0.0048,0.1116,-7.9268,3.5366,-5.9756
1574147362299.0,0.0608,0.0091,0.1041,-10.4878,0.3049,-9.7561
1574147362342.0,0.0555,0.0156,0.0919,-13.4146,-3.5366,-13.2317
1574147362343.0,0.0455,0.0176,0.0783,-12.9878,-5.3659,-14.5732
1574147362387.0,0.0556,0.0139,0.0733,-11.9512,-15.2439,-16.7683
1574147362388.0,0.0815,0.0107,0.0772,-11.9512,-30.5488,-17.439
1574147362389.0,0.0956,0.009,0.0831,-9.5122,-34.2683,-13.4146
1574147362390.0,0.0992,0.0016,0.0881,-6.7073,-27.2561,-8.5976
1574147362391.0,0.1022,-0.0077,0.0895,-6.4024,-17.9878,-5.3049
1574147362392.0,0.1195,-0.0164,0.0932,-5.3659,-8.9634,-4.0244
1574147362392.0,0.1257,-0.0198,0.0953,-4.0244,-4.2073,-1.2805
1574147362432.0,0.1071,-0.0224,0.09,-4.4512,0.122,3.7195
1574147362433.0,0.091,-0.0266,0.0884,-3.9634,9.7561,3.3537
1574147362434.0,0.0831,-0.0259,0.092,-3.7805,14.6951,2.0732
1574147362435.0,0.0732,-0.0212,0.0934,-4.5732,11.7073,4.0244
1574147362436.0,0.0648,-0.0159,0.0961,-6.7683,5.7317,4.8171
1574147362477.0,0.061,-0.0127,0.0979,-8.5366,0.4878,2.8049
1574147362478.0,0.0577,-0.011,0.0991,-10.122,-6.3415,1.2195
1574147362479.0,0.0604,-0.0151,0.1032,-12.8049,-19.1463,0.9756
1574147362480.0,0.0692,-0.0204,0.1079,-16.7073,-34.0854,1.2805
1574147362522.0,0.0797,-0.0229,0.108,-19.1463,-41.7683,1.2805
1574147362523.0,0.0862,-0.0225,0.1071,-19.0244,-37.2561,-1.5854
1574147362524.0,0.0908,-0.0225,0.1058,-19.2073,-26.8902,-4.3902
1574147362525.0,0.0947,-0.0226,0.1019,-20.9756,-18.9024,-3.8415
1574147362526.0,0.0941,-0.0207,0.0953,-20.8537,-13.9634,-2.6829
1574147362567.0,0.0924,-0.0184,0.0884,-17.8049,-9.878,-2.439
1574147362568.0,0.0886,-0.0192,0.0941,-13.1707,-5.7927,-3.2927
1574147362569.0,0.0836,-0.0157,0.0922,-10.9146,-2.1951,-3.9634
1574147362570.0,0.0814,-0.0129,0.0922,-7.378,-0.7927,-1.6463
1574147362612.0,0.0776,-0.0092,0.0944,-4.939,-1.5854,0.7317
1574147362613.0,0.075,-0.0057,0.1005,-1.7683,-1.8293,0.3659
1574147362614.0,0.0779,-0.0036,0.1073,-1.4024,-2.561,0.6098
1574147362615.0,0.0806,-0.0083,0.1083,-3.4146,-4.3902,0.1829
1574147362616.0,0.0818,-0.0129,0.1099,-4.2683,-0.3049,-0.7317
1574147362657.0,0.0848,-0.0118,0.1067,-4.939,8.0488,-0.3049
1574147362658.0,0.0901,-0.0128,0.0992,-5.3049,12.3171,-1.7073
1574147362659.0,0.0933,-0.0187,0.0947,-5.6707,9.5732,-3.1098
1574147362660.0,0.0913,-0.0243,0.0906,-5.7317,4.939,-1.2805
1574147362661.0,0.0916,-0.0151,0.0901,-6.3415,1.4634,7.3171
1574147362702.0,0.0896,-0.0172,0.0912,-3.7805,-0.3659,12.3171
1574147362704.0,0.0825,-0.0128,0.0919,1.5244,1.7073,6.3415
1574147362704.0,0.0766,-0.0128,0.0936,3.0488,6.7073,11.1585
1574147362705.0,0.0773,-0.0125,0.0994,0.7927,8.2927,14.0244
1574147362747.0,0.0814,-0.0037,0.1053,-6.5854,1.9512,25.3659
1574147362748.0,0.0801,0.0078,0.106,-6.9512,-14.5732,28.1707
1574147362749.0,0.0789,0.0195,0.106,-9.8171,-42.3171,25.1829
1574147362750.0,0.0927,0.0173,0.1133,-11.8902,-73.5976,17.9878
1574147362751.0,0.1199,0.0017,0.1171,-20.7927,-98.4146,11.2805
1574147362792.0,0.1366,-0.0069,0.1172,-42.2561,-112.622,19.939
1574147362793.0,0.1372,-0.0124,0.1148,-57.561,-113.0488,29.2073
1574147362794.0,0.1239,-0.0168,0.1047,-58.9634,-100.6707,23.7195
1574147362795.0,0.1131,-0.0145,0.0943,-56.0366,-86.5854,20.4878
1574147362837.0,0.1068,-0.0186,0.0889,-50.3049,-78.9634,18.6585
1574147362838.0,0.1076,-0.0368,0.0886,-48.1707,-79.2683,11.3415
1574147362839.0,0.1149,-0.0396,0.0894,-61.4634,-75.6098,25.7927
1574147362840.0,0.1159,-0.033,0.0912,-64.939,-64.8171,50.6707
1574147362841.0,0.1074,-0.0282,0.0896,-59.3902,-50.061,57.622
1574147362882.0,0.0947,-0.0283,0.0834,-55.3049,-35.1829,55.122
1574147362883.0,0.0823,-0.0302,0.0759,-53.4146,-24.2683,53.5976
1574147362884.0,0.0811,-0.0333,0.0704,-51.5244,-18.5366,52.622
1574147362884.0,0.0848,-0.0354,0.0657,-50.2439,-17.2561,50.2439
1574147362927.0,0.0847,-0.0358,0.0632,-49.3902,-19.7561,48.1707
1574147362928.0,0.0855,-0.0349,0.0615,-47.622,-23.1707,44.6951
1574147362929.0,0.0875,-0.0313,0.0596,-45.4268,-27.0122,39.1463
1574147362929.0,0.0875,-0.028,0.0598,-43.4756,-33.0488,34.7561
1574147362930.0,0.0956,-0.0291,0.0578,-42.1951,-36.7073,31.0976
1574147362972.0,0.1028,-0.0313,0.0544,-41.7683,-31.0366,28.3537
1574147362972.0,0.0991,-0.0308,0.0552,-37.622,-18.3537,26.8293
1574147362973.0,0.0954,-0.0308,0.0537,-30.7927,-4.6951,24.2073
1574147362974.0,0.0895,-0.0303,0.0497,-26.0366,6.2195,21.4634
1574147362974.0,0.0867,-0.0314,0.0485,-21.9512,9.939,20.9756
1574147363017.0,0.0944,-0.0372,0.0478,-18.4756,9.3293,21.4634
1574147363017.0,0.0947,-0.0397,0.0479,-15.6707,5.9146,22.1951
