0,1,2,3,4,5,6
1574147141117.0,0.1196,-0.0046,0.0393,2.1341,-8.4146,-2.622
1574147141158.0,0.1155,-0.0031,0.0391,2.8659,-5.6098,0.7317
1574147141160.0,0.1224,-0.0029,0.0393,2.622,-5.7317,1.5854
1574147141161.0,0.1245,-0.0032,0.041,2.378,-7.378,1.3415
1574147141162.0,0.1259,-0.0032,0.0427,2.0122,-7.1341,-0.061
1574147141163.0,0.126,-0.0042,0.04,1.0366,-6.9512,-0.4878
1574147141204.0,0.1293,-0.0031,0.0344,0.7317,-9.1463,0.8537
1574147141207.0,0.1304,0.0038,0.036,2.5,-13.4146,3.5976
1574147141208.0,0.1273,0.0107,0.0415,3.7195,-15.2439,10.2439
1574147141209.0,0.1346,0.0143,0.0467,0.7317,-9.1463,16.2195
1574147141210.0,0.1304,0.0161,0.0412,-4.0854,-5.7927,26.4634
1574147141248.0,0.1475,0.017,0.0416,-7.1341,-6.7073,34.2683
1574147141248.0,0.1718,0.0192,0.0393,-7.1951,-13.7195,38.1707
1574147141249.0,0.1622,0.0267,0.0365,-7.3171,-28.3537,51.0366
1574147141293.0,0.1708,0.0255,0.0375,-7.6829,-47.3171,62.0732
1574147141293.0,0.1803,0.0341,0.0384,-10.1829,-64.0244,68.7805
1574147141294.0,0.1619,0.0283,0.0519,-7.2561,-73.9024,77.2561
1574147141295.0,0.1414,0.0279,0.0402,-6.2195,-69.5732,81.2195
1574147141295.0,0.137,0.0259,0.0313,1.5244,-45.4268,89.4512
1574147141296.0,0.1384,0.0091,0.0285,5.6098,-46.1585,98.5976
1574147141338.0,0.1284,0.0051,0.0227,2.0122,-51.2195,111.2195
1574147141338.0,0.1271,0.0088,0.0214,6.0366,-47.5,116.9512
1574147141339.0,0.1236,0.0026,0.0156,16.7683,-37.378,115.2439
1574147141340.0,0.1198,-0.0067,0.0179,24.8171,-23.1707,111.3415
1574147141383.0,0.1163,-0.0134,0.0239,32.7439,-7.622,108.2927
1574147141383.0,0.1134,-0.014,0.0322,36.2805,4.6951,106.2195
1574147141384.0,0.1059,-0.0102,0.0366,37.0732,12.3171,103.1707
1574147141385.0,0.0983,-0.01,0.0305,35.4878,20.3049,97.8049
1574147141385.0,0.0845,-0.0131,0.0204,32.439,29.0244,92.3171
1574147141428.0,0.078,-0.019,0.0162,31.8902,35.061,86.9512
1574147141429.0,0.0898,-0.0281,0.0204,32.1341,37.9268,82.5
1574147141430.0,0.0939,-0.0309,0.0276,31.7683,32.1341,79.939
1574147141431.0,0.0983,-0.0353,0.035,29.5732,12.3171,76.9512
1574147141473.0,0.0977,-0.0391,0.0392,22.8659,-3.7195,70.061
1574147141475.0,0.0908,-0.0384,0.0404,17.378,-14.2073,61.4024
1574147141476.0,0.0849,-0.0396,0.0359,14.8171,-20.3049,50.8537
1574147141476.0,0.0802,-0.0421,0.0316,14.5732,-29.939,38.1098
1574147141477.0,0.0807,-0.0417,0.0305,13.9634,-46.4024,28.9634
1574147141518.0,0.0901,-0.0419,0.0316,11.3415,-61.8293,26.7073
1574147141520.0,0.1086,-0.0472,0.0337,6.5244,-72.0732,25.6707
1574147141521.0,0.1224,-0.053,0.0312,-0.3659,-74.8171,23.6585
1574147141522.0,0.1179,-0.053,0.0378,-4.2073,-74.0244,21.4634
1574147141523.0,0.1068,-0.053,0.0359,-3.7195,-75.1829,19.3293
1574147141563.0,0.1016,-0.0544,0.0308,-2.8049,-78.8415,16.4634
1574147141563.0,0.0995,-0.0538,0.0316,-1.4024,-87.1341,15.5488
1574147141564.0,0.103,-0.0598,0.0252,-3.9024,-101.1585,16.4024
1574147141565.0,0.1085,-0.0701,0.0139,-10.2439,-112.1951,12.378
1574147141608.0,0.1037,-0.0722,0.0043,-15.6098,-125.4268,7.9878
1574147141609.0,0.0959,-0.071,0.0101,-19.8171,-145.7317,6.5854
1574147141610.0,0.0925,-0.071,-0.001,-27.0122,-170.3659,3.9634
1574147141611.0,0.104,-0.0729,-0.0081,-34.4512,-195.6098,-2.561
1574147141611.0,0.1194,-0.072,-0.0082,-40.1829,-213.5366,-6.0366
1574147141653.0,0.1269,-0.0758,-0.0009,-43.1098,-215.9756,-5.4878
1574147141654.0,0.1339,-0.0825,0.0015,-44.2073,-202.3781,-3.5976
1574147141654.0,0.1354,-0.0862,-0.0061,-43.6585,-172.9878,-5.8537
1574147141655.0,0.1188,-0.0817,-0.0159,-38.8415,-136.6463,-8.5976
1574147141698.0,0.1061,-0.077,-0.0261,-32.8049,-106.7073,-7.1951
1574147141699.0,0.1,-0.0729,-0.034,-30.122,-86.2805,-7.378
1574147141700.0,0.1018,-0.0676,-0.0327,-28.4756,-77.622,-9.4512
1574147141701.0,0.116,-0.0664,-0.034,-26.1585,-75.122,-10.122
1574147141701.0,0.1332,-0.0706,-0.0404,-23.9024,-64.2073,-9.939
1574147141743.0,0.1474,-0.0782,-0.0414,-19.6951,-38.2317,-10.9756
1574147141744.0,0.1453,-0.0832,-0.0416,-13.2927,3.0488,-16.7073
1574147141745.0,0.1287,-0.0825,-0.0457,-5.4878,52.3781,-23.2317
1574147141746.0,0.1098,-0.0793,-0.0463,2.378,96.4634,-27.0732
1574147141788.0,0.0977,-0.0757,-0.0407,12.1951,124.6341,-29.3902
1574147141789.0,0.0952,-0.0715,-0.0372,18.9024,133.8415,-29.4512
1574147141790.0,0.0934,-0.0643,-0.0269,24.2073,129.5732,-29.6951
1574147141790.0,0.1022,-0.0579,-0.0181,27.3171,116.4024,-27.3171
1574147141791.0,0.1168,-0.0552,-0.0117,25.061,103.1098,-26.7683
1574147141833.0,0.1241,-0.056,-0.0109,22.439,95.9756,-27.1951
1574147141834.0,0.1261,-0.0602,-0.0163,22.561,96.8902,-24.878
1574147141835.0,0.1276,-0.0663,-0.0128,24.5732,103.5976,-22.7439
1574147141836.0,0.1235,-0.0706,-0.0103,25.7927,112.439,-21.1585
1574147141836.0,0.1154,-0.0727,-0.0104,29.6951,121.2805,-18.6585
1574147141879.0,0.109,-0.0708,-0.0074,34.7561,122.3781,-17.9878
1574147141880.0,0.1071,-0.0635,-0.0043,37.5,113.6585,-17.1951
1574147141881.0,0.1074,-0.0577,-0.0005,38.9024,100.061,-15.6707
1574147141881.0,0.1071,-0.0565,0.0023,38.1098,89.8171,-13.7805
1574147141923.0,0.1028,-0.0551,0.0059,39.1463,83.3537,-13.9024
1574147141925.0,0.105,-0.0528,0.0112,41.2195,75.122,-13.7805
1574147141925.0,0.1173,-0.0505,0.0151,41.9512,60.5488,-11.7683
1574147141926.0,0.1277,-0.0496,0.0198,41.4024,45.3049,-9.2073
1574147141927.0,0.1296,-0.0508,0.015,40.5488,37.3171,-7.3171
1574147141968.0,0.1281,-0.0514,0.0121,42.378,39.0854,-7.439
1574147141969.0,0.1204,-0.0505,0.017,45.1829,44.0244,-10.0
1574147141970.0,0.11,-0.0472,0.0213,45.5488,47.3171,-11.8902
1574147141971.0,0.0995,-0.04,0.0302,45.9756,45.5488,-14.3293
1574147142013.0,0.0963,-0.0309,0.0314,46.3415,36.0366,-15.3049
1574147142015.0,0.1075,-0.0279,0.0306,42.8659,20.8537,-12.6829
1574147142015.0,0.1209,-0.028,0.0309,36.9512,2.439,-8.9634
1574147142016.0,0.1318,-0.0291,0.0333,32.0732,-10.122,-5.3049
1574147142017.0,0.1355,-0.0298,0.037,28.2927,-14.3293,-4.3902
1574147142058.0,0.1365,-0.0336,0.0366,25.4878,-8.8415,-4.6341
1574147142059.0,0.1377,-0.0312,0.0342,25.8537,7.378,-7.2561
1574147142060.0,0.1368,-0.0245,0.0298,27.9268,24.7561,-7.3171
1574147142061.0,0.1331,-0.0255,0.028,25.1829,39.6341,-6.5854
1574147142103.0,0.1276,-0.0264,0.0282,19.939,55.5488,-9.2073
1574147142104.0,0.12,-0.0238,0.0342,17.378,68.6585,-10.9756
1574147142105.0,0.114,-0.0179,0.0422,16.4634,71.7073,-10.061
1574147142106.0,0.1138,-0.0161,0.0435,13.2927,69.0244,-9.6341
1574147142106.0,0.1164,-0.0163,0.039,8.6585,63.9024,-10.7317
1574147142148.0,0.1241,-0.019,0.0345,5.122,56.4634,-10.6098
1574147142149.0,0.1298,-0.0238,0.0335,2.5,48.2317,-8.0488
1574147142150.0,0.131,-0.0276,0.0375,0.5488,39.2683,-5.8537
1574147142151.0,0.1319,-0.028,0.0429,-1.0976,30.6098,-7.378
1574147142193.0,0.1349,-0.0268,0.0476,-1.7073,26.0366,-7.7439
1574147142194.0,0.1389,-0.0266,0.0463,-2.9268,28.7195,-6.5244
1574147142195.0,0.1416,-0.0255,0.0399,-2.0122,39.0244,-5.3659
1574147142196.0,0.1402,-0.027,0.0346,0.4268,52.9878,-4.0854
1574147142197.0,0.132,-0.0297,0.0347,2.378,70.4878,-3.5366
1574147142238.0,0.1219,-0.0325,0.0366,3.5976,88.9024,-2.0732
1574147142239.0,0.1141,-0.0322,0.0347,6.2805,104.6951,-0.6707
1574147142240.0,0.1102,-0.0359,0.0349,7.439,117.1341,-0.4268
1574147142241.0,0.1096,-0.039,0.0399,7.3171,126.1585,-0.2439
1574147142242.0,0.11,-0.0361,0.0506,9.5732,133.5366,-0.8537
1574147142283.0,0.1101,-0.035,0.0599,10.9756,139.5122,-1.3415
1574147142284.0,0.1067,-0.0354,0.067,11.4634,138.1098,0.1829
1574147142285.0,0.096,-0.0319,0.069,11.4024,123.5976,1.5244
1574147142285.0,0.0892,-0.0303,0.0668,8.6585,99.0854,-2.0122
1574147142328.0,0.0957,-0.0332,0.0639,4.878,75.6707,-6.2805
1574147142329.0,0.1051,-0.0383,0.0621,-0.2439,53.4146,-6.7683
1574147142330.0,0.1011,-0.0377,0.0625,-3.5366,39.3902,-5.6098
1574147142331.0,0.0996,-0.0345,0.0618,-3.5366,32.6829,-5.0
1574147142332.0,0.1027,-0.03,0.062,-3.4756,27.9268,-7.3171
1574147142373.0,0.1208,-0.0253,0.0613,-3.4146,26.5244,-12.378
1574147142374.0,0.1345,-0.0242,0.0609,-6.9512,40.9146,-15.061
1574147142374.0,0.1309,-0.0261,0.0648,-4.939,67.0732,-10.4878
1574147142375.0,0.122,-0.0264,0.0653,-0.122,92.1951,-4.2683
1574147142418.0,0.1115,-0.025,0.0668,3.7805,110.5488,-0.6098
1574147142419.0,0.0976,-0.0215,0.0703,5.8537,115.3659,0.7927
1574147142419.0,0.0901,-0.0196,0.0721,6.5244,98.8415,3.9024
1574147142420.0,0.1005,-0.0201,0.0746,3.7805,62.9878,7.9878
1574147142420.0,0.123,-0.0221,0.0729,-3.7195,21.7073,11.3415
1574147142463.0,0.1423,-0.0248,0.0729,-12.622,-6.1585,16.0366
1574147142463.0,0.1477,-0.0256,0.0831,-16.2195,-9.0244,18.9024
1574147142464.0,0.1394,-0.0231,0.0905,-13.5366,11.7683,19.0854
1574147142465.0,0.1252,-0.0252,0.0834,-8.7805,38.8415,22.0732
1574147142508.0,0.105,-0.0316,0.0677,-1.0976,59.5732,27.1951
1574147142509.0,0.087,-0.0401,0.0598,6.4024,67.439,32.0122
1574147142509.0,0.0756,-0.0455,0.0637,12.5,60.4268,36.7073
1574147142510.0,0.0711,-0.0457,0.0625,17.8049,38.0488,40.0
1574147142511.0,0.0752,-0.0479,0.05,19.7561,7.1341,39.7561
1574147142553.0,0.0861,-0.0538,0.0455,24.2683,-22.1341,37.5
1574147142554.0,0.0936,-0.0573,0.0546,29.0244,-40.6707,34.6341
1574147142554.0,0.0837,-0.0571,0.0725,35.9756,-38.1707,31.0366
1574147142555.0,0.058,-0.0536,0.0793,42.8659,-20.9146,26.4634
1574147142555.0,0.028,-0.0458,0.0778,50.8537,-2.1341,18.4146
1574147142598.0,0.0197,-0.049,0.0761,54.3293,4.4512,7.0122
1574147142599.0,0.0361,-0.0537,0.0775,46.8902,-0.4878,-1.0976
1574147142599.0,0.0588,-0.0508,0.086,37.561,-5.3659,-1.9512
1574147142600.0,0.0803,-0.0479,0.0936,29.3902,1.5244,-4.1463
1574147142643.0,0.092,-0.0463,0.1025,22.2561,20.7927,-9.7561
1574147142644.0,0.1011,-0.0439,0.1152,20.061,41.4024,-10.3049
1574147142644.0,0.1111,-0.0388,0.1238,17.8049,52.5,-7.7439
1574147142645.0,0.1066,-0.0324,0.1256,14.6341,52.8659,-7.5
1574147142645.0,0.0947,-0.0316,0.1196,12.622,48.7805,-7.8659
1574147142688.0,0.0978,-0.0325,0.1043,12.9268,41.6463,-8.9634
1574147142689.0,0.1057,-0.0244,0.0804,15.6098,27.378,-8.9634
1574147142690.0,0.092,-0.0155,0.0688,17.0122,19.7561,-9.878
1574147142691.0,0.0739,-0.0162,0.0714,16.0976,34.3293,-17.8049
1574147142733.0,0.0645,-0.0129,0.0588,17.622,66.5854,-19.7561
1574147142734.0,0.088,-0.0172,0.0984,24.878,90.9756,-11.8902
1574147142735.0,0.1117,-0.0022,0.1429,27.8659,86.8902,-4.8171
1574147142736.0,0.1487,-0.0151,0.132,0.4878,33.3537,9.0244
1574147142737.0,0.1521,-0.0238,0.1207,-26.0366,17.439,0.4268
1574147142778.0,0.1032,-0.0327,0.1099,-14.0244,82.622,-8.5976
1574147142779.0,0.0753,-0.0292,0.0991,-4.4512,137.5,-6.2805
1574147142780.0,0.0628,-0.0134,0.0979,-12.0122,126.5244,-3.1098
1574147142781.0,0.0428,-0.0226,0.0968,-26.5854,87.3171,-15.6098
1574147142823.0,0.03,-0.0291,0.0857,-30.9756,69.0244,-30.2439
1574147142824.0,0.0372,-0.028,0.0765,-30.4878,58.2317,-28.7805
1574147142825.0,0.0552,-0.0267,0.0767,-31.2195,30.6707,-27.9878
1574147142826.0,0.0832,-0.0257,0.0757,-32.9878,-2.0122,-32.1951
1574147142827.0,0.1147,-0.0228,0.0763,-30.1829,-21.7683,-31.8902
1574147142868.0,0.1377,-0.0243,0.0759,-21.5244,-29.7561,-22.1341
1574147142869.0,0.1403,-0.0268,0.0784,-10.4878,-25.9756,-9.8171
1574147142871.0,0.1279,-0.025,0.0834,4.6951,-10.6707,2.561
1574147142871.0,0.119,-0.0255,0.0881,16.0976,-2.5,16.0976
1574147142872.0,0.1028,-0.0261,0.0942,22.2561,2.561,25.7927
1574147142913.0,0.0729,-0.0259,0.0917,28.2927,15.6707,31.7073
1574147142915.0,0.0467,-0.0247,0.0834,33.9024,24.8171,34.939
1574147142915.0,0.0425,-0.0249,0.0831,33.2927,5.8537,32.622
1574147142916.0,0.0604,-0.029,0.0903,26.9512,-32.8049,26.4024
1574147142958.0,0.0719,-0.0314,0.0997,19.6341,-58.7805,23.9634
1574147142959.0,0.0721,-0.0354,0.0996,16.8902,-60.8537,24.6341
1574147142960.0,0.0903,-0.0427,0.0847,17.1951,-49.6951,23.4756
1574147142961.0,0.0993,-0.0366,0.0975,22.6829,-41.5854,21.8902
1574147142962.0,0.0644,-0.0329,0.1238,24.3293,-32.2561,17.9878
1574147143003.0,0.0511,-0.0321,0.1244,19.8171,-3.6585,6.3415
1574147143004.0,0.0706,-0.0255,0.1193,13.0488,20.7317,1.0366
1574147143005.0,0.0614,-0.0196,0.1104,5.9756,30.061,-0.6707
1574147143006.0,0.0566,-0.0222,0.1012,-1.1585,40.122,-10.4878
1574147143048.0,0.0772,-0.0212,0.1006,-14.2683,37.9878,-22.439
1574147143050.0,0.0898,-0.0177,0.1099,-25.3659,41.1585,-29.0854
1574147143051.0,0.0952,-0.0199,0.109,-30.122,69.4512,-28.4146
1574147143052.0,0.0877,-0.0187,0.0956,-29.4512,101.3415,-26.1585
1574147143053.0,0.0734,-0.0166,0.0869,-20.9146,108.1098,-20.9146
1574147143094.0,0.0815,-0.0222,0.0812,-15.9146,77.3781,-16.7683
1574147143095.0,0.0981,-0.025,0.0746,-15.5488,26.7073,-12.6829
1574147143096.0,0.1085,-0.0286,0.0734,-11.2195,-20.3659,-2.1341
1574147143097.0,0.1288,-0.0357,0.076,-3.6585,-49.2073,11.7683
1574147143138.0,0.1229,-0.0308,0.085,5.4878,-51.9512,29.6341
1574147143140.0,0.0863,-0.0264,0.0892,20.7317,-32.7439,43.8415
1574147143140.0,0.0596,-0.03,0.0809,32.8659,-23.4146,47.1341
1574147143141.0,0.0574,-0.0374,0.0767,36.7683,-48.5976,45.2439
1574147143183.0,0.0802,-0.0447,0.0687,37.378,-90.6098,43.9634
1574147143185.0,0.1165,-0.0433,0.0687,38.3537,-114.5732,44.878
1574147143186.0,0.1135,-0.0378,0.1016,43.2927,-94.2073,46.5244
1574147143187.0,0.0842,-0.034,0.1289,51.0366,-30.122,42.9268
1574147143188.0,0.0513,-0.0283,0.1449,57.0122,40.7317,39.939
1574147143192.0,0.0198,-0.0259,0.1619,52.5,76.2805,30.4268
1574147143228.0,0.0012,-0.0233,0.1571,37.622,84.0854,11.9512
1574147143229.0,0.0253,-0.0228,0.1386,18.7195,72.2561,-2.7439
1574147143229.0,0.0704,-0.0253,0.1392,-3.7195,37.5,-10.122
1574147143230.0,0.0923,-0.0314,0.1399,-23.4146,15.4878,-15.9146
1574147143273.0,0.0676,-0.0281,0.1261,-33.1707,37.8049,-18.6585
1574147143274.0,0.0394,-0.0194,0.1066,-35.0,71.2195,-22.8049
1574147143275.0,0.0473,-0.019,0.0909,-37.7439,80.3049,-28.1707
1574147143276.0,0.0651,-0.012,0.0746,-41.7073,60.0,-28.2317
1574147143277.0,0.0927,-0.0088,0.0657,-37.439,19.5732,-26.7683
1574147143318.0,0.1169,-0.0204,0.0691,-39.2073,-24.5732,-26.7683
1574147143319.0,0.1215,-0.0272,0.0686,-29.6341,-27.1951,-17.2561
1574147143320.0,0.1125,-0.029,0.0585,-12.561,-7.9268,5.3049
1574147143321.0,0.1103,-0.0366,0.0583,0.5488,-5.5488,16.6463
1574147143363.0,0.1071,-0.0377,0.0711,11.9512,-14.939,18.3537
1574147143365.0,0.0924,-0.037,0.0813,20.6098,-16.2195,23.5976
1574147143366.0,0.0748,-0.0376,0.0859,27.1951,-6.4634,27.0732
1574147143367.0,0.0588,-0.0358,0.0914,31.0976,-1.8902,27.9878
1574147143368.0,0.0424,-0.0328,0.1017,31.5854,-7.561,25.122
1574147143408.0,0.0348,-0.0315,0.1039,28.6585,-19.6951,20.061
1574147143409.0,0.0469,-0.0319,0.0972,22.2561,-35.3049,15.4268
1574147143411.0,0.0662,-0.032,0.1008,15.8537,-47.8049,12.622
1574147143411.0,0.0678,-0.0281,0.1033,12.7439,-45.122,10.122
1574147143453.0,0.0742,-0.0284,0.0961,12.8659,-26.8293,6.9512
1574147143455.0,0.0826,-0.0297,0.1004,15.9756,-4.5732,4.6951
1574147143456.0,0.0706,-0.0314,0.1149,16.5854,11.1585,4.878
1574147143456.0,0.0599,-0.0342,0.1266,13.9634,17.3171,3.3537
1574147143457.0,0.071,-0.0379,0.1302,6.2195,6.4024,2.439
1574147143498.0,0.0876,-0.039,0.1241,-4.6341,-21.2805,5.8537
1574147143500.0,0.0896,-0.0362,0.1152,-15.3659,-49.3293,11.5854
1574147143500.0,0.0919,-0.0366,0.0988,-21.6463,-66.1585,11.2195
1574147143501.0,0.1121,-0.0445,0.0729,-21.0976,-64.8781,10.9146
1574147143543.0,0.1323,-0.0477,0.064,-12.0732,-45.7317,17.8049
1574147143545.0,0.1089,-0.0392,0.0778,2.378,-9.6951,25.9756
1574147143546.0,0.0631,-0.0342,0.0833,15.8537,40.1829,26.8293
1574147143547.0,0.0374,-0.0295,0.086,28.1707,89.0854,23.4756
1574147143547.0,0.0262,-0.0225,0.0997,36.5854,107.3171,23.9024
1574147143588.0,0.0383,-0.0195,0.1065,37.6829,94.6951,21.3415
1574147143589.0,0.0563,-0.0169,0.1211,35.9146,78.1098,12.0732
1574147143591.0,0.0677,-0.015,0.1306,34.6951,82.3171,0.122
1574147143592.0,0.0387,-0.0081,0.1185,33.2317,122.9878,-11.6463
1574147143593.0,-0.0282,-0.0121,0.1312,32.1341,185.6098,-27.1341
1574147143633.0,-0.0361,0.0034,0.1915,37.2561,223.7805,-49.3902
1574147143634.0,0.0444,-0.0004,0.1862,11.8293,153.0488,-51.7683
1574147143634.0,0.1407,-0.028,0.1627,-54.939,22.8659,-55.1829
1574147143635.0,0.1149,-0.0298,0.1309,-71.5244,18.1707,-52.8049
1574147143678.0,0.0394,-0.0183,0.1011,-42.1341,85.5488,-39.3902
1574147143679.0,0.0368,-0.0087,0.0837,-29.1463,85.0,-36.5244
1574147143679.0,0.1151,-0.0262,0.0739,-53.9024,-21.2195,-33.1098
1574147143680.0,0.1804,-0.0483,0.0751,-79.1463,-136.6463,-19.3293
1574147143681.0,0.1733,-0.0574,0.0756,-74.1463,-165.7317,9.5122
1574147143723.0,0.1439,-0.054,0.064,-48.7805,-128.2317,32.2561
1574147143724.0,0.1266,-0.0457,0.0535,-25.3049,-86.3415,41.0976
1574147143725.0,0.114,-0.04,0.0452,-13.5976,-75.7317,47.0122
1574147143726.0,0.0971,-0.0357,0.0403,-4.4512,-77.9878,52.439
1574147143768.0,0.0787,-0.03,0.041,9.878,-73.1098,58.1707
1574147143770.0,0.0611,-0.0266,0.0519,24.5122,-69.939,63.1707
1574147143771.0,0.0444,-0.0257,0.0624,35.0,-75.8537,64.4512
1574147143772.0,0.0358,-0.0263,0.0663,40.1829,-86.7073,63.9024
1574147143773.0,0.0406,-0.0303,0.0536,44.7561,-89.5122,62.2561
1574147143813.0,0.0629,-0.0386,0.0532,53.9634,-77.9268,58.3537
1574147143815.0,0.0664,-0.0294,0.0878,67.0122,-59.5122,57.3171
1574147143816.0,0.022,-0.023,0.1157,73.8415,-35.122,50.5488
1574147143817.0,-0.0223,-0.0226,0.1175,76.5244,9.6341,24.1463
1574147143858.0,-0.0386,-0.0167,0.1186,78.0488,48.3537,1.2805
1574147143860.0,-0.0311,-0.011,0.1226,70.3659,55.122,-10.2439
1574147143861.0,-0.0232,-0.005,0.1301,59.4512,46.0976,-21.2195
1574147143862.0,-0.0074,-0.0024,0.1331,49.5122,35.1829,-36.0976
1574147143862.0,0.0215,0.0016,0.1043,39.0854,21.1585,-51.6463
1574147143903.0,0.0626,-0.0038,0.1406,28.9024,5.122,-61.4024
1574147143905.0,0.1514,-0.0086,0.2652,25.7317,-0.061,-68.7195
1574147143906.0,0.2158,-0.0356,0.2068,-4.878,-45.3659,-39.5732
1574147143907.0,0.2542,-0.051,0.1519,-53.3537,-101.6463,-16.8293
1574147143907.0,0.1458,-0.0402,0.1407,-38.4756,1.0366,-13.6585
1574147143949.0,0.0328,-0.0422,0.1198,-7.0122,139.2073,-11.2805
1574147143950.0,-0.0188,-0.0239,0.0951,-7.5,185.9146,-15.9146
1574147143951.0,-0.0273,-0.0193,0.0861,-17.1341,145.4878,-24.2073
1574147143952.0,-0.0121,-0.024,0.0807,-24.8171,79.5732,-40.0
1574147143994.0,0.0358,-0.024,0.0891,-28.7195,31.4024,-48.4146
1574147143995.0,0.0844,-0.0146,0.1021,-28.8415,4.6341,-44.4512
1574147143996.0,0.1199,-0.0099,0.1118,-28.4146,-19.4512,-43.7195
1574147143997.0,0.1482,-0.0102,0.1046,-28.8415,-32.6829,-42.9878
1574147143998.0,0.1562,-0.0125,0.0895,-25.9756,-31.8902,-31.5854
1574147144038.0,0.1345,-0.0211,0.0757,-17.1341,-23.7195,-12.2561
1574147144040.0,0.1115,-0.0281,0.0739,-4.6341,-15.061,4.0244
1574147144040.0,0.1049,-0.0268,0.0757,6.5854,-17.3171,16.5244
1574147144041.0,0.1082,-0.0316,0.079,7.8049,-46.2195,30.0
1574147144083.0,0.1068,-0.0359,0.0844,6.7683,-78.6585,41.5244
1574147144085.0,0.0957,-0.0399,0.0893,12.9268,-83.5366,51.0366
1574147144086.0,0.087,-0.044,0.0844,21.5244,-67.1951,59.1463
1574147144087.0,0.0908,-0.0498,0.0601,27.6829,-49.0854,62.5
1574147144088.0,0.0889,-0.0483,0.0587,36.8293,-35.3049,65.4268
1574147144128.0,0.0511,-0.0368,0.0862,50.6098,-22.8049,66.4024
1574147144130.0,-0.0118,-0.0253,0.1127,64.7561,1.0976,54.7561
1574147144131.0,-0.0409,-0.0179,0.1141,72.1951,27.7439,36.2195
1574147144132.0,-0.0298,-0.0134,0.1158,70.8537,31.1585,21.1585
1574147144174.0,-0.0195,-0.0157,0.1188,63.4146,20.8537,6.7683
1574147144175.0,-0.0672,-0.0091,0.0583,59.3293,37.622,-14.3293
1574147144176.0,-0.0453,-0.0159,0.1836,62.439,71.1585,-40.7317
1574147144177.0,0.0374,0.0148,0.2573,58.2317,65.4878,-62.1341
1574147144178.0,0.1896,-0.014,0.1858,-6.2195,-67.0732,-46.0366
1574147144218.0,0.2859,-0.033,0.1348,-62.1341,-145.8537,-41.4024
1574147144220.0,0.2065,-0.0387,0.1118,-42.9878,-43.7195,-23.7195
1574147144220.0,0.0665,-0.0394,0.1082,-15.2439,87.1341,-6.2805
1574147144221.0,-0.0188,-0.019,0.0907,-10.061,159.4512,-15.4268
1574147144263.0,-0.0192,-0.0034,0.0677,-8.9634,161.2195,-27.9268
1574147144264.0,0.0297,-0.0019,0.0693,-18.1098,96.3415,-27.2561
1574147144264.0,0.0723,-0.0079,0.073,-24.8171,31.0976,-27.622
1574147144265.0,0.0925,-0.0051,0.0801,-20.061,3.0488,-26.5854
1574147144266.0,0.1083,0.0018,0.0845,-12.3171,-7.0732,-26.2805
1574147144309.0,0.1331,0.0041,0.0757,-8.2927,-17.9268,-23.8415
1574147144310.0,0.1495,-0.0001,0.0736,-5.1829,-34.3902,-11.1585
1574147144310.0,0.153,-0.0085,0.095,0.4878,-49.5732,6.0366
1574147144311.0,0.1436,-0.0156,0.1053,8.5976,-53.0488,21.1585
1574147144311.0,0.1233,-0.0223,0.1028,14.4512,-56.5854,37.622
1574147144353.0,0.0995,-0.0262,0.108,19.3293,-55.4268,47.3781
1574147144355.0,0.0714,-0.0312,0.1046,22.9878,-43.5976,50.3659
1574147144355.0,0.0528,-0.0441,0.0797,22.439,-31.5244,54.4512
1574147144356.0,0.0537,-0.0392,0.0629,28.7195,-19.2683,57.3171
1574147144399.0,0.0515,-0.0282,0.0735,36.7683,-26.8902,56.1585
1574147144400.0,0.0245,-0.0222,0.1035,40.7927,-32.0122,42.378
1574147144400.0,-0.0269,-0.0158,0.1108,51.0976,7.8049,20.6098
1574147144401.0,-0.0739,-0.0059,0.0673,58.3537,57.561,3.0488
1574147144402.0,-0.058,-0.0114,0.1289,56.2195,75.9146,-12.622
1574147144444.0,0.0114,-0.0015,0.2247,47.9268,77.5,-32.561
1574147144444.0,0.1086,-0.0101,0.2183,14.5732,29.6341,-34.0244
1574147144445.0,0.163,-0.0139,0.1879,-30.4268,-2.2561,-31.2195
1574147144446.0,0.1011,-0.0182,0.1566,-36.4024,67.3781,-42.7439
1574147144489.0,0.0367,-0.0208,0.1355,-27.2561,139.3902,-47.8049
1574147144490.0,0.0269,-0.0136,0.1138,-34.2683,133.7805,-42.3171
1574147144490.0,0.0432,-0.0093,0.09,-44.0244,77.622,-44.2683
1574147144491.0,0.062,-0.0092,0.0787,-46.6463,18.0488,-43.7805
1574147144492.0,0.0965,-0.014,0.0776,-46.7683,-15.3049,-40.061
1574147144534.0,0.131,-0.0103,0.0836,-42.8659,-22.2561,-31.5854
1574147144535.0,0.144,-0.0068,0.0818,-34.7561,-21.0366,-18.4146
1574147144536.0,0.1429,-0.0043,0.0764,-25.7927,-19.6341,-10.0
1574147144536.0,0.1392,-0.0051,0.082,-17.2561,-24.4512,-0.9756
1574147144579.0,0.1312,-0.0088,0.0834,-10.4878,-36.2195,13.1707
1574147144580.0,0.1204,-0.0164,0.0767,-5.6707,-55.7317,30.7317
1574147144580.0,0.1088,-0.0236,0.0762,0.7317,-73.5976,46.5854
1574147144581.0,0.0955,-0.0338,0.0763,10.122,-80.9146,56.7683
1574147144581.0,0.0585,-0.0281,0.0717,21.2195,-73.5976,65.4268
1574147144624.0,0.0298,-0.0204,0.0782,34.4512,-66.9512,63.4146
1574147144624.0,0.0339,-0.016,0.0873,39.4512,-66.9512,48.0488
1574147144625.0,0.0354,-0.0093,0.1003,39.7561,-53.0488,42.8049
1574147144626.0,-0.0081,-0.0025,0.0989,45.6707,-10.9756,37.3171
1574147144626.0,-0.0502,-0.0018,0.0917,53.5976,30.2439,17.2561
1574147144668.0,-0.0555,0.0014,0.098,55.9146,38.1707,-6.5854
1574147144669.0,-0.0494,0.0056,0.0906,50.9146,21.3415,-25.9146
1574147144670.0,-0.0423,-0.0031,0.1174,41.4024,10.4878,-45.8537
1574147144670.0,0.0314,-0.0046,0.2328,36.0366,19.6341,-70.6707
1574147144713.0,0.1363,-0.0057,0.2266,10.061,-20.0,-68.1098
1574147144714.0,0.2493,-0.0255,0.2043,-46.4024,-89.6951,-55.7927
1574147144714.0,0.1837,-0.0237,0.1763,-61.8293,-14.939,-52.5
1574147144715.0,0.0452,-0.0268,0.1285,-42.1951,109.8781,-50.3659
1574147144716.0,0.011,-0.0186,0.0845,-41.5854,130.6098,-51.3415
1574147144758.0,0.0576,-0.0167,0.058,-58.7195,59.7561,-52.3781
1574147144759.0,0.0722,-0.0153,0.0456,-60.9756,5.9756,-43.4756
1574147144759.0,0.072,-0.0162,0.0419,-47.2561,-3.4146,-32.6829
1574147144760.0,0.0907,-0.0118,0.0577,-31.6463,-8.6585,-30.6707
1574147144803.0,0.1107,-0.007,0.0738,-19.6341,-25.9756,-27.3171
1574147144804.0,0.131,-0.0049,0.0789,-9.5732,-39.1463,-20.4878
1574147144804.0,0.139,-0.0026,0.0892,-2.2561,-50.8537,-10.5488
1574147144805.0,0.1285,-0.0042,0.1019,4.8171,-56.8902,1.6463
1574147144806.0,0.1125,-0.0076,0.1069,11.9512,-58.8415,13.9024
1574147144848.0,0.1071,-0.0184,0.0858,17.2561,-66.1585,25.7317
1574147144849.0,0.1228,-0.0323,0.0748,23.9024,-71.2805,35.6098
1574147144849.0,0.0978,-0.0315,0.0898,32.622,-64.8171,46.8902
1574147144850.0,0.0314,-0.0267,0.0988,41.1585,-25.6707,43.1098
1574147144894.0,-0.0296,-0.0134,0.1117,51.4024,32.439,22.1951
1574147144895.0,-0.0244,-0.0143,0.2041,46.3415,59.939,4.2683
1574147144896.0,-0.0249,-0.0106,0.2006,23.6585,55.9146,-5.5488
1574147144896.0,0.0035,-0.0328,0.1437,-15.0,16.1585,-17.2561
1574147144897.0,0.0304,-0.0402,0.1235,-37.8659,-6.7683,-41.6463
1574147144938.0,0.043,-0.0414,0.13,-50.3049,-2.622,-53.1707
1574147144940.0,0.0386,-0.0316,0.1254,-62.622,19.3293,-55.2439
1574147144941.0,0.0443,-0.0244,0.1206,-62.1951,46.9512,-59.939
1574147144941.0,0.0721,-0.0153,0.1193,-57.439,50.122,-64.5732
1574147144943.0,0.1091,-0.0107,0.1105,-59.5732,18.0488,-61.7073
1574147144983.0,0.1404,-0.0163,0.0952,-61.3415,-17.8049,-53.7805
1574147144984.0,0.1473,-0.0226,0.0816,-53.2927,-22.561,-40.5488
1574147144985.0,0.1312,-0.0233,0.0723,-36.4634,2.9268,-23.2317
1574147144986.0,0.1133,-0.0164,0.0634,-19.2683,23.6585,-9.6951
1574147145028.0,0.1067,-0.006,0.0604,-7.1341,12.9268,-1.2805
1574147145029.0,0.1172,0.0015,0.0726,0.6098,-17.1951,6.0976
1574147145030.0,0.1141,0.0049,0.0867,7.8659,-35.9146,15.1829
1574147145031.0,0.0988,-0.0016,0.0781,18.4756,-35.7317,26.2195
1574147145031.0,0.098,-0.0101,0.053,30.4268,-38.5366,35.4878
1574147145073.0,0.0875,-0.0127,0.0637,40.3049,-47.8049,43.6585
1574147145074.0,0.0516,-0.0139,0.0961,47.9878,-36.8902,47.0732
1574147145075.0,0.0082,-0.0117,0.1132,51.9512,-3.9634,41.3415
1574147145118.0,-0.0129,-0.0146,0.1275,48.0488,10.3049,29.0854
1574147145119.0,0.0052,-0.0205,0.1476,34.7561,-10.7927,9.2683
1574147145120.0,0.0341,-0.0286,0.168,13.4756,-29.8171,-7.622
1574147145121.0,0.0303,-0.0303,0.1515,-4.5122,-9.0854,-16.6463
1574147145122.0,0.0322,-0.0313,0.137,-12.439,23.6585,-23.6585
1574147145123.0,0.0624,-0.0319,0.1539,-25.6098,29.3293,-35.122
1574147145164.0,0.0768,-0.0278,0.1552,-41.8293,41.0366,-45.3049
1574147145165.0,0.0562,-0.0226,0.1358,-51.3415,77.561,-48.4146
1574147145165.0,0.0353,-0.0145,0.1117,-53.6585,97.8049,-51.4634
1574147145166.0,0.0521,-0.0054,0.0901,-56.6463,75.5488,-55.6707
1574147145208.0,0.0932,0.0059,0.101,-63.7195,28.1707,-53.4146
1574147145209.0,0.1241,0.0051,0.1227,-65.7927,-2.6829,-47.1341
1574147145210.0,0.1373,0.0009,0.1407,-61.2805,-8.1707,-33.5366
1574147145211.0,0.1439,-0.0029,0.1469,-57.1341,-14.8171,-13.6585
1574147145212.0,0.1393,-0.0099,0.1364,-65.0,-38.4146,2.622
1574147145253.0,0.1161,-0.0162,0.1198,-71.0366,-51.5854,11.0976
1574147145254.0,0.098,-0.0208,0.1066,-71.4634,-48.4146,19.6341
1574147145255.0,0.0905,-0.0173,0.0992,-72.7439,-53.0488,27.8049
1574147145256.0,0.0836,-0.0154,0.084,-78.4146,-73.5976,31.4024
1574147145298.0,0.0745,-0.0176,0.063,-80.6707,-95.9146,30.3049
1574147145300.0,0.0699,-0.0189,0.0511,-77.9268,-115.7927,28.9024
1574147145300.0,0.0634,-0.0156,0.0544,-75.0,-133.2317,30.6707
1574147145301.0,0.0599,-0.0159,0.0574,-75.4878,-151.2195,33.2927
1574147145302.0,0.0599,-0.0208,0.0529,-81.1585,-163.3537,30.3659
1574147145343.0,0.054,-0.0223,0.0505,-80.6098,-164.5122,26.0976
1574147145344.0,0.0406,-0.0223,0.049,-76.2805,-166.5854,20.3049
1574147145345.0,0.0301,-0.0254,0.049,-78.4146,-174.7561,11.7073
1574147145346.0,0.0422,-0.0336,0.0496,-82.3171,-188.1707,2.0122
1574147145347.0,0.0679,-0.0406,0.0576,-84.2683,-207.2561,-8.7805
1574147145433.0,0.0622,-0.0434,0.0667,-86.3415,-219.0244,-18.7805
1574147145434.0,0.03,-0.0466,0.0678,-89.8781,-218.0488,-37.1341
1574147145435.0,0.0223,-0.0422,0.0647,-95.0,-215.9146,-57.1341
1574147145436.0,0.0717,-0.039,0.06,-107.8049,-231.5244,-62.1951
1574147145437.0,0.0941,-0.0396,0.0483,-121.4024,-254.0244,-56.7683
1574147145438.0,0.0841,-0.0446,0.0264,-122.3171,-269.5122,-53.8415
1574147145438.0,0.0845,-0.0517,0.0088,-119.6951,-279.2073,-62.1341
1574147145439.0,0.0953,-0.05,-0.0026,-121.9512,-286.3415,-65.0
1574147145440.0,0.1191,-0.0496,-0.01,-121.5854,-283.3537,-60.9756
1574147145478.0,0.1326,-0.0515,-0.0155,-119.6951,-261.1585,-57.7439
1574147145480.0,0.1446,-0.0504,-0.0184,-112.622,-229.8171,-54.7561
1574147145480.0,0.1572,-0.0504,-0.0108,-98.3537,-191.0976,-55.4268
1574147145481.0,0.1734,-0.0526,-0.0045,-82.0732,-152.9268,-54.1463
1574147145524.0,0.1838,-0.057,-0.0116,-62.8049,-99.2683,-51.7683
1574147145525.0,0.1754,-0.0623,-0.0162,-41.4024,-35.9756,-52.3171
1574147145525.0,0.1672,-0.0681,-0.027,-21.2805,17.7439,-50.5488
1574147145526.0,0.149,-0.0671,-0.0383,-2.6829,58.2317,-46.7073
1574147145527.0,0.128,-0.0578,-0.0368,15.9756,69.2073,-43.9634
1574147145568.0,0.1246,-0.0478,-0.0103,27.7439,56.5854,-44.6951
1574147145570.0,0.1457,-0.0428,0.0045,30.061,24.2073,-42.2561
1574147145570.0,0.1857,-0.0402,0.0007,26.4634,-4.8171,-35.6707
1574147145571.0,0.2022,-0.0392,0.0024,26.9512,-3.1707,-27.9878
1574147145613.0,0.1805,-0.0437,-0.0132,32.2561,21.2195,-21.8293
1574147145615.0,0.1478,-0.0519,-0.0226,37.7439,70.3049,-20.7317
1574147145615.0,0.1258,-0.049,-0.0084,45.4878,114.8171,-23.8415
1574147145616.0,0.1389,-0.04,0.0121,49.6341,142.1342,-20.6707
1574147145617.0,0.1544,-0.0297,0.0305,53.2317,150.4878,-17.561
1574147145658.0,0.1646,-0.0233,0.045,53.2317,142.439,-9.2683
1574147145659.0,0.16,-0.02,0.0485,50.4878,136.4634,-2.1341
1574147145660.0,0.138,-0.0254,0.0391,49.0854,130.5488,5.061
1574147145661.0,0.112,-0.0327,0.0297,45.7927,117.9268,8.9024
1574147145662.0,0.1082,-0.0291,0.0382,42.0732,99.1463,12.6829
1574147145703.0,0.1146,-0.0223,0.0432,37.7439,78.5366,17.1341
1574147145704.0,0.113,-0.0179,0.04,36.0366,63.9024,18.6585
1574147145705.0,0.118,-0.0236,0.0404,36.2195,59.2073,20.6098
1574147145706.0,0.1257,-0.0314,0.0361,33.5976,54.7561,21.7073
1574147145748.0,0.1182,-0.0322,0.0365,31.8293,56.1585,21.0976
1574147145749.0,0.0891,-0.0175,0.0395,35.4878,69.0244,17.7439
1574147145750.0,0.0894,-0.0071,0.0482,41.6463,76.7073,14.2073
1574147145751.0,0.1041,-0.0165,0.0519,44.6951,62.9268,19.2073
1574147145752.0,0.1017,-0.0282,0.0334,40.122,30.061,27.0122
1574147145793.0,0.0939,-0.0256,0.0305,39.3902,-2.561,20.122
1574147145794.0,0.0997,-0.0249,0.0341,41.6463,-29.6951,14.6951
1574147145794.0,0.1159,-0.0285,0.0278,38.7805,-41.2195,11.6463
1574147145795.0,0.1192,-0.0221,0.0249,38.9634,-27.8049,6.8902
1574147145838.0,0.1074,-0.0151,0.0225,46.0366,0.7317,3.6585
1574147145839.0,0.1024,-0.0074,0.0322,48.2927,22.622,-0.5488
1574147145839.0,0.1132,-0.0048,0.0436,47.2561,33.1098,-1.5244
1574147145840.0,0.1227,-0.0146,0.0476,46.1585,41.0366,2.2561
1574147145841.0,0.1215,-0.0197,0.0483,45.2439,53.1098,3.5366
1574147145884.0,0.1138,-0.0198,0.0477,45.8537,67.439,2.439
1574147145885.0,0.1068,-0.0188,0.0442,46.0366,79.3293,1.4024
1574147145885.0,0.1012,-0.0173,0.0378,44.6341,84.2683,2.561
1574147145886.0,0.0964,-0.0179,0.0352,43.1707,82.3171,5.4878
1574147145929.0,0.1064,-0.0214,0.0407,42.6829,72.5,6.9512
1574147145930.0,0.1305,-0.022,0.0597,42.561,58.3537,8.4756
1574147145932.0,0.1507,-0.0203,0.0806,42.1341,54.3293,10.5488
1574147145932.0,0.1518,-0.019,0.0843,39.3293,74.939,15.122
1574147145933.0,0.1187,-0.0182,0.0778,39.4512,119.0854,20.6707
1574147145973.0,0.0795,-0.02,0.0742,40.0,152.0732,19.6341
1574147145975.0,0.0732,-0.0189,0.0728,37.8049,150.3049,13.1707
1574147145975.0,0.079,-0.0153,0.0757,34.5732,121.7073,11.7683
1574147145976.0,0.0833,-0.0178,0.0787,27.8659,82.9268,12.9268
1574147145977.0,0.0894,-0.0187,0.0827,21.4634,53.7195,10.9756
1574147146018.0,0.1031,-0.0156,0.0889,17.1341,37.7439,9.3902
1574147146019.0,0.1238,-0.0143,0.0965,12.9268,31.2195,8.1707
1574147146020.0,0.1354,-0.0167,0.0919,8.4146,40.0,6.3415
1574147146021.0,0.1204,-0.0176,0.0812,7.1951,66.7683,10.122
1574147146063.0,0.0961,-0.0211,0.0807,10.061,89.0244,9.6341
1574147146065.0,0.0859,-0.0267,0.0854,6.8293,83.7195,3.3537
1574147146065.0,0.0868,-0.0273,0.0877,0.122,64.4512,2.561
1574147146066.0,0.0866,-0.0211,0.0867,-1.8293,47.9878,4.2683
1574147146067.0,0.0919,-0.0226,0.086,-2.3171,35.8537,3.0488
1574147146108.0,0.1058,-0.0252,0.0776,-3.3537,27.0122,1.7073
1574147146109.0,0.1213,-0.0262,0.0732,-2.0122,27.6829,2.0732
1574147146110.0,0.1207,-0.0268,0.0792,0.0,41.0976,2.439
1574147146111.0,0.1069,-0.0245,0.0843,1.7073,62.9268,3.7805
1574147146153.0,0.0905,-0.0219,0.0831,3.5976,80.4878,4.2073
1574147146155.0,0.0856,-0.0239,0.0867,4.939,82.6829,5.061
1574147146155.0,0.0912,-0.0281,0.0894,4.3902,65.6098,5.122
1574147146156.0,0.0822,-0.0247,0.0898,3.2317,47.5,5.122
1574147146159.0,0.0723,-0.023,0.0895,3.8415,39.939,5.7927
1574147146199.0,0.0772,-0.0245,0.09,2.7439,33.7805,4.878
1574147146200.0,0.087,-0.0257,0.088,0.4268,30.3049,4.3293
1574147146200.0,0.0925,-0.0272,0.0908,-0.2439,34.1463,6.5244
1574147146201.0,0.0883,-0.0269,0.0962,-1.2805,38.0488,6.5244
1574147146244.0,0.0788,-0.0266,0.0975,-2.8659,40.5488,4.4512
1574147146245.0,0.0707,-0.0259,0.097,-5.1829,40.8537,3.7805
1574147146246.0,0.0734,-0.0265,0.0937,-7.1951,34.3902,2.622
1574147146246.0,0.0753,-0.0247,0.0909,-9.0244,23.1098,1.5854
1574147146247.0,0.0709,-0.0239,0.0876,-9.7561,14.6341,1.1585
1574147146288.0,0.0731,-0.0251,0.0839,-10.2439,8.7195,-1.2195
1574147146290.0,0.0762,-0.0261,0.0781,-9.6951,0.1829,-1.7073
1574147146290.0,0.0782,-0.025,0.0789,-8.2927,-11.0366,-2.1341
1574147146291.0,0.0894,-0.0231,0.0828,-6.3415,-18.7805,-2.5
1574147146334.0,0.0999,-0.0211,0.0865,-4.6951,-20.6707,-1.0976
1574147146335.0,0.0987,-0.0171,0.0925,-3.1098,-13.9634,0.1829
1574147146336.0,0.1022,-0.0178,0.0944,-2.0122,-4.3293,1.0976
1574147146336.0,0.1035,-0.0199,0.0923,-2.0122,2.1341,2.2561
1574147146337.0,0.0906,-0.0227,0.09,-1.3415,6.6463,4.2073
1574147146379.0,0.0805,-0.0276,0.0878,-0.6707,8.1707,3.5366
1574147146380.0,0.0704,-0.0286,0.0847,-2.0732,2.2561,1.9512
1574147146380.0,0.0626,-0.0267,0.0843,-1.7683,-8.2927,2.8659
1574147146381.0,0.0771,-0.0272,0.087,-2.0122,-22.3171,2.622
1574147146382.0,0.0928,-0.0258,0.0916,-4.0244,-34.878,3.3537
1574147146424.0,0.0836,-0.0221,0.0905,-4.8171,-38.8415,5.9756
1574147146425.0,0.0656,-0.0224,0.0841,-4.6951,-34.2073,5.9756
1574147146425.0,0.0618,-0.0237,0.0797,-5.4878,-35.7927,3.6585
1574147146426.0,0.0741,-0.0215,0.0835,-6.6463,-51.8902,3.1098
1574147146469.0,0.0948,-0.0221,0.0889,-7.2561,-70.2439,5.6098
1574147146470.0,0.1037,-0.0269,0.0919,-8.1707,-81.5854,8.1098
1574147146471.0,0.0931,-0.0229,0.0889,-6.0976,-84.2683,7.7439
1574147146471.0,0.0975,-0.0213,0.0855,-3.9024,-90.9146,3.8415
1574147146472.0,0.1003,-0.02,0.0848,-6.4024,-101.6463,1.0366
1574147146514.0,0.1006,-0.0153,0.0881,-5.7927,-106.2195,2.1341
1574147146515.0,0.1079,-0.0152,0.0873,-4.5122,-111.2195,4.939
1574147146515.0,0.1209,-0.0234,0.0845,-8.2927,-126.2195,10.9146
1574147146516.0,0.132,-0.0319,0.0814,-12.3171,-135.1219,19.2683
1574147146559.0,0.1357,-0.0377,0.0798,-14.3293,-132.0122,24.6951
1574147146560.0,0.1271,-0.0362,0.0826,-13.1707,-125.4878,25.9756
1574147146560.0,0.1257,-0.032,0.081,-14.0244,-128.9024,26.0976
1574147146561.0,0.1321,-0.0308,0.0734,-20.6098,-138.8415,24.0244
1574147146562.0,0.1266,-0.0294,0.0681,-25.6707,-140.9146,26.5854
1574147146603.0,0.1169,-0.0297,0.0568,-26.5854,-133.4146,33.4146
1574147146604.0,0.1071,-0.0323,0.042,-24.878,-122.3781,34.878
1574147146605.0,0.0948,-0.0329,0.0332,-22.9878,-115.4878,35.0
1574147146606.0,0.0864,-0.0307,0.0414,-20.9146,-116.9512,33.4756
1574147146649.0,0.0861,-0.0258,0.0477,-19.6951,-128.9634,29.3293
1574147146650.0,0.1095,-0.0245,0.0399,-22.561,-151.4634,25.3049
1574147146650.0,0.1144,-0.022,0.0329,-28.4146,-173.4756,23.0488
1574147146651.0,0.0999,-0.0241,0.0245,-31.2195,-184.6342,20.8537
1574147146652.0,0.0853,-0.0262,0.0137,-29.0854,-175.5488,11.3415
1574147146694.0,0.0909,-0.0249,0.0051,-25.6098,-167.8049,6.2195
1574147146695.0,0.1068,-0.027,-0.001,-25.4268,-170.6098,7.8659
1574147146695.0,0.1058,-0.0314,-0.0051,-25.7927,-167.6829,7.6829
1574147146696.0,0.0914,-0.0358,-0.0122,-24.5122,-157.9268,3.3537
1574147146697.0,0.0892,-0.0402,-0.0215,-21.0366,-150.8537,-1.7683
1574147146738.0,0.1093,-0.0443,-0.0303,-18.3537,-152.5,-5.2439
1574147146739.0,0.1432,-0.0499,-0.0356,-19.0244,-160.1829,-5.7927
1574147146740.0,0.1809,-0.0582,-0.0339,-19.4512,-162.1342,-8.5976
1574147146741.0,0.1755,-0.0565,-0.0075,-13.9634,-157.439,-9.4512
1574147146784.0,0.1152,-0.0428,0.0334,-4.2683,-139.8171,-7.9878
1574147146785.0,0.0709,-0.0389,0.0112,-4.6341,-117.6829,-10.7927
1574147146785.0,0.0953,-0.0487,-0.0215,-13.9634,-114.1463,-16.8293
1574147146786.0,0.1338,-0.0519,-0.0355,-21.6463,-130.3049,-8.6585
1574147146787.0,0.1578,-0.0629,-0.0359,-23.4146,-145.9756,10.6098
1574147146828.0,0.164,-0.0699,-0.0226,-21.2195,-136.6463,21.2195
1574147146829.0,0.1515,-0.064,0.0024,-13.5366,-104.8171,21.7683
1574147146829.0,0.1558,-0.0588,0.0104,-7.1951,-64.1463,19.8171
1574147146830.0,0.1551,-0.0524,0.0114,-6.9512,-17.1341,15.6098
1574147146873.0,0.1476,-0.0505,0.0198,-6.6463,26.7683,17.0122
1574147146874.0,0.1353,-0.0482,0.0052,-2.9878,71.5854,11.7683
1574147146874.0,0.1213,-0.0474,-0.0237,1.0366,100.3659,12.0732
1574147146875.0,0.1188,-0.0536,-0.0403,5.8537,98.2927,22.7439
1574147146876.0,0.1344,-0.0594,-0.0246,10.061,72.2561,26.7073
1574147146918.0,0.1323,-0.056,-0.0041,12.0732,47.0732,22.9268
1574147146919.0,0.1138,-0.0475,0.0125,13.6585,40.9146,16.5854
1574147146920.0,0.1158,-0.0346,0.022,16.3415,45.9146,13.0488
1574147146921.0,0.1345,-0.0282,0.0092,18.3537,45.2439,14.3293
1574147146964.0,0.1441,-0.0344,-0.0027,18.9024,47.0122,19.5122
1574147146965.0,0.1497,-0.0431,-0.0015,20.5488,56.1585,23.5976
1574147146965.0,0.1417,-0.048,-0.0063,21.4024,60.0,24.3902
1574147146966.0,0.0932,-0.0485,-0.0187,18.4146,33.0488,23.0488
1574147146967.0,0.0757,-0.0549,-0.0046,14.3902,-18.9024,18.7805
1574147147009.0,0.0988,-0.0516,0.0152,14.939,-52.0122,10.122
1574147147010.0,0.12,-0.0405,0.0077,12.1951,-69.0854,6.3415
1574147147011.0,0.1208,-0.0339,0.0155,7.622,-74.0244,8.9024
1574147147011.0,0.1279,-0.0297,0.0317,6.7073,-62.0122,5.0
1574147147053.0,0.1323,-0.0272,0.0254,4.7561,-41.8293,-1.4634
1574147147055.0,0.1193,-0.0352,0.0073,2.9268,-21.7683,-2.8659
1574147147055.0,0.0949,-0.0453,-0.0162,1.0366,-5.7317,-6.2195
1574147147056.0,0.0873,-0.0526,-0.0419,-0.9756,-9.8171,-7.5
1574147147057.0,0.1043,-0.0541,-0.0401,0.4878,-28.4756,-5.0
1574147147098.0,0.1229,-0.0475,-0.0207,7.6829,-46.4024,-2.0122
1574147147099.0,0.1281,-0.0437,-0.0106,11.2195,-60.9146,-1.8902
1574147147100.0,0.1243,-0.0441,-0.0065,7.8659,-76.8902,-3.9024
1574147147101.0,0.1171,-0.0461,-0.0012,3.5976,-97.8049,-1.1585
1574147147102.0,0.1193,-0.0474,-0.0035,-3.0488,-124.6341,4.3902
1574147147143.0,0.118,-0.0508,-0.0096,-10.122,-150.6707,9.0244
1574147147188.0,0.1238,-0.0571,-0.0139,-17.0732,-167.7439,12.561
1574147147233.0,0.1316,-0.067,-0.0161,-23.9634,-174.0854,15.8537
1574147147278.0,0.137,-0.0811,-0.0455,-28.9024,-175.5488,18.3537
1574147147279.0,0.1467,-0.0825,-0.0673,-27.8049,-159.1463,17.378
1574147147280.0,0.156,-0.0623,-0.0454,-12.1341,-109.2683,25.4878
1574147147280.0,0.1486,-0.0452,-0.0339,8.2317,-47.3171,31.7073
1574147147281.0,0.1416,-0.0496,-0.0427,12.3171,-18.7805,27.8659
1574147147281.0,0.131,-0.0515,-0.0398,5.6707,-18.4756,30.7927
1574147147282.0,0.1008,-0.0462,-0.0307,3.4756,-10.9756,37.5
1574147147283.0,0.0778,-0.041,-0.0157,-1.4024,-1.2195,37.8659
1574147147283.0,0.0818,-0.0446,-0.0007,-11.7073,-6.7073,37.8659
1574147147284.0,0.1053,-0.038,-0.0074,-27.7439,-27.1951,38.2317
1574147147323.0,0.1305,-0.0409,-0.0121,-43.4146,-74.5122,42.7439
1574147147325.0,0.1562,-0.0461,-0.0001,-58.7805,-127.3171,51.7683
1574147147326.0,0.1653,-0.0465,0.0035,-64.0854,-132.8659,56.0976
1574147147327.0,0.1476,-0.0468,-0.002,-67.1951,-92.5,55.2439
1574147147327.0,0.1231,-0.0389,-0.0137,-70.122,-34.4512,61.2805
1574147147328.0,0.1102,-0.0363,-0.023,-69.1463,12.561,65.6707
1574147147329.0,0.1036,-0.042,-0.0408,-69.1463,34.0244,60.8537
1574147147329.0,0.0883,-0.0455,-0.0587,-67.1341,42.3171,56.3415
1574147147330.0,0.085,-0.0446,-0.0683,-62.0122,42.1951,52.8049
1574147147331.0,0.0884,-0.0465,-0.0743,-56.8293,38.0488,45.9146
1574147147368.0,0.0825,-0.0506,-0.0754,-50.2439,31.8902,37.8659
1574147147369.0,0.0765,-0.0522,-0.0728,-41.0976,25.8537,31.0976
1574147147371.0,0.0771,-0.0514,-0.064,-33.1098,17.561,25.1829
1574147147372.0,0.0881,-0.0486,-0.0628,-27.2561,8.7805,17.9878
1574147147414.0,0.1003,-0.0494,-0.0756,-22.9268,14.3902,10.0
1574147147415.0,0.106,-0.0536,-0.0763,-18.6585,39.3902,4.5122
1574147147416.0,0.1061,-0.0583,-0.0762,-11.2805,71.5244,-1.5854
1574147147416.0,0.1005,-0.0604,-0.0754,-3.0488,106.5244,-9.3902
1574147147417.0,0.0949,-0.0587,-0.0768,3.7805,132.5,-16.4634
1574147147458.0,0.0901,-0.059,-0.0707,11.0366,144.2073,-24.5732
1574147147460.0,0.0897,-0.0562,-0.0587,18.0488,147.2561,-32.561
1574147147460.0,0.1001,-0.0524,-0.0574,25.1829,147.5,-35.8537
1574147147461.0,0.1119,-0.0513,-0.0546,28.9634,148.7805,-39.2683
1574147147503.0,0.1226,-0.053,-0.0491,32.622,146.2805,-40.9756
1574147147505.0,0.1318,-0.0512,-0.0414,35.4878,142.6829,-40.4268
1574147147505.0,0.1304,-0.0442,-0.0283,40.7927,150.4268,-38.4146
1574147147506.0,0.1326,-0.0424,-0.0219,46.2805,167.6829,-36.3415
1574147147507.0,0.1362,-0.0442,-0.0179,49.3902,194.0244,-36.0366
1574147147549.0,0.1275,-0.0427,-0.0092,50.3049,215.6707,-34.1463
1574147147550.0,0.1135,-0.0412,-0.0078,51.4634,229.0854,-29.878
1574147147551.0,0.1005,-0.0447,-0.01,52.0122,232.9878,-27.2561
1574147147551.0,0.0923,-0.0494,-0.005,50.9146,214.8171,-23.9634
1574147147594.0,0.0956,-0.0494,0.0055,47.561,172.0732,-18.1098
1574147147595.0,0.1066,-0.0457,0.0165,44.4512,120.7317,-15.6098
1574147147595.0,0.1152,-0.0471,0.0258,39.7561,76.9512,-17.8659
1574147147596.0,0.1188,-0.0527,0.0268,31.2805,53.1098,-20.7927
1574147147638.0,0.1246,-0.0549,0.0192,28.8415,56.2195,-22.378
1574147147640.0,0.1356,-0.0536,0.0093,32.0122,80.7317,-22.3171
1574147147640.0,0.137,-0.0533,0.0068,34.3902,119.0854,-20.061
1574147147641.0,0.1365,-0.0535,0.0123,38.6585,162.0122,-18.3537
1574147147642.0,0.1295,-0.0504,0.025,45.5488,205.4268,-17.561
1574147147683.0,0.1062,-0.0472,0.0358,52.9878,233.5366,-13.4146
1574147147684.0,0.09,-0.0518,0.0427,55.3659,229.5122,-7.9878
1574147147685.0,0.086,-0.062,0.055,52.6829,203.5366,-6.5854
1574147147686.0,0.0948,-0.0618,0.0449,51.9512,166.3415,-4.8171
1574147147687.0,0.1077,-0.0602,0.0399,54.4512,138.8415,-2.5
1574147147729.0,0.1183,-0.0664,0.0399,48.2317,125.8537,-3.6585
1574147147730.0,0.1296,-0.0698,0.046,47.0122,131.4634,-3.7195
1574147147731.0,0.1222,-0.0681,0.0593,53.0488,149.6342,-1.4024
1574147147731.0,0.0998,-0.0649,0.0705,57.3171,168.2317,-2.3171
1574147147732.0,0.0753,-0.0588,0.0779,60.4268,180.061,-1.2805
1574147147774.0,0.0643,-0.0564,0.0859,63.4146,166.0976,4.939
1574147147775.0,0.0735,-0.0556,0.0898,60.4878,120.7927,7.5
1574147147775.0,0.1,-0.0563,0.0912,54.8171,66.2805,5.4268
1574147147776.0,0.1349,-0.059,0.0783,46.8902,28.4756,4.2073
1574147147818.0,0.1562,-0.0555,0.073,43.6585,26.3415,7.439
1574147147820.0,0.1495,-0.0504,0.0783,46.1585,61.1585,10.6707
1574147147820.0,0.1132,-0.0457,0.0824,49.7561,115.8537,9.3902
1574147147821.0,0.0671,-0.0379,0.0824,54.2073,162.0732,10.122
1574147147822.0,0.0449,-0.0319,0.0848,59.3293,174.6951,14.6951
1574147147863.0,0.0574,-0.0276,0.0969,58.2317,146.6463,17.1951
1574147147864.0,0.0855,-0.0222,0.1081,49.1463,96.0976,20.2439
1574147147865.0,0.1117,-0.0261,0.1074,38.3537,55.1829,22.0732
1574147147866.0,0.1287,-0.03,0.1024,32.6829,45.7927,22.6829
1574147147908.0,0.1199,-0.0289,0.1009,33.4756,60.8537,26.0976
1574147147909.0,0.0978,-0.0291,0.0923,36.0366,82.5,27.378
1574147147909.0,0.0795,-0.0318,0.084,38.8415,97.5,26.6463
1574147147910.0,0.0585,-0.0314,0.0775,42.6829,97.8049,28.0488
1574147147911.0,0.0463,-0.0298,0.0773,48.3537,86.2805,30.9756
1574147147954.0,0.0497,-0.0295,0.0828,51.2805,67.2561,31.2195
1574147147954.0,0.0576,-0.0267,0.0751,53.3537,44.2683,28.5366
1574147147955.0,0.0819,-0.0212,0.0937,59.0854,28.7805,24.0854
1574147147955.0,0.1062,-0.0073,0.1276,60.061,39.6951,18.1707
1574147147998.0,0.1044,-0.0076,0.1227,49.3293,58.5366,23.6585
1574147148000.0,0.0761,-0.0019,0.1194,36.5244,73.7805,21.4634
1574147148000.0,0.0308,-0.0052,0.1075,36.9512,104.1463,11.2195
1574147148001.0,0.0196,-0.0122,0.0989,35.5488,105.9146,2.0122
1574147148002.0,0.0318,-0.006,0.0972,27.1341,81.0976,-1.4024
1574147148044.0,0.0488,-0.0024,0.0977,17.3171,54.7561,-4.4512
1574147148045.0,0.0539,0.0048,0.1013,12.6829,44.3293,-11.9512
1574147148045.0,0.0522,0.0117,0.1034,14.3293,45.6098,-17.1341
1574147148046.0,0.0565,0.0171,0.1064,13.5976,35.3659,-21.5244
1574147148089.0,0.0746,0.0204,0.107,8.4756,8.0488,-23.4146
1574147148090.0,0.1022,0.0175,0.1019,1.3415,-26.8293,-20.1829
1574147148091.0,0.1186,0.0175,0.0941,-3.1098,-50.4878,-16.4024
1574147148091.0,0.1161,0.0135,0.0865,1.0976,-45.6707,-9.3293
1574147148092.0,0.1092,0.0048,0.0751,10.4878,-23.2317,-1.1585
1574147148134.0,0.0961,-0.0069,0.0765,19.7561,-2.378,7.7439
1574147148135.0,0.0726,-0.0139,0.087,28.9634,7.8049,14.2683
1574147148135.0,0.0687,-0.0162,0.0989,35.3049,4.1463,16.7683
1574147148136.0,0.0818,-0.017,0.106,31.7683,-15.4878,18.7805
1574147148137.0,0.0864,-0.0187,0.1054,26.7073,-40.3049,20.3659
1574147148178.0,0.0807,-0.024,0.1016,25.1829,-55.3659,21.4024
1574147148180.0,0.0746,-0.0316,0.1005,22.5,-55.9146,22.1951
1574147148180.0,0.0686,-0.0362,0.0963,20.9756,-41.0366,25.122
1574147148181.0,0.069,-0.0417,0.0854,22.8659,-22.6829,28.1098
1574147148224.0,0.0801,-0.0501,0.0851,25.4268,-8.4146,27.1341
1574147148225.0,0.0741,-0.0491,0.1069,30.0,3.9024,23.7195
1574147148225.0,0.0338,-0.0469,0.1216,35.122,19.7561,18.6585
1574147148226.0,0.0159,-0.053,0.1238,33.5366,27.622,5.9756
1574147148227.0,0.0335,-0.0551,0.1226,24.2073,17.439,-2.439
1574147148269.0,0.0519,-0.0547,0.1204,12.9268,-1.0976,-2.5
1574147148270.0,0.0576,-0.0529,0.1124,6.9512,-3.2927,-5.4878
1574147148270.0,0.0666,-0.0456,0.1011,4.6341,11.3415,-13.5976
1574147148271.0,0.0806,-0.0341,0.0976,3.9634,26.4024,-20.3049
1574147148314.0,0.0753,-0.0255,0.1057,2.6829,38.9634,-24.3902
1574147148315.0,0.0563,-0.0169,0.1145,3.3537,55.3049,-28.6585
1574147148315.0,0.0464,-0.0052,0.1205,2.1951,67.2561,-32.3171
1574147148316.0,0.0556,0.0091,0.1255,-1.8293,66.3415,-34.1463
1574147148317.0,0.0737,0.0246,0.1304,-7.2561,51.5244,-35.3049
1574147148358.0,0.0895,0.0329,0.1272,-14.5732,31.0976,-36.7073
1574147148360.0,0.0996,0.034,0.12,-21.0976,14.5122,-36.0366
1574147148360.0,0.0988,0.0345,0.1066,-23.6585,1.7073,-31.2805
1574147148361.0,0.1009,0.0302,0.0936,-22.9268,-9.6341,-23.2927
1574147148404.0,0.1042,0.0314,0.0923,-18.9024,-18.4146,-12.6829
1574147148406.0,0.0946,0.0294,0.0953,-10.3659,-19.7561,0.7317
1574147148407.0,0.0847,0.0236,0.1011,-4.5122,-16.0976,12.1341
1574147148408.0,0.0855,0.0197,0.1026,0.061,-12.439,17.439
1574147148409.0,0.0812,0.0169,0.1024,5.7317,-7.1951,20.0
1574147148448.0,0.0737,0.0112,0.1045,10.1829,-1.3415,22.5
1574147148449.0,0.0645,0.0036,0.1112,12.5,3.1098,22.3171
1574147148450.0,0.0511,-0.0054,0.1141,13.2317,6.8293,21.5854
1574147148450.0,0.0407,-0.0143,0.111,12.5,9.0244,20.122
1574147148451.0,0.0363,-0.0242,0.1072,9.3293,7.0122,17.8659
1574147148493.0,0.0435,-0.0402,0.103,5.5488,1.2195,14.8171
1574147148494.0,0.0526,-0.0552,0.0996,2.9878,-2.6829,10.7317
1574147148494.0,0.0533,-0.0665,0.1006,2.8049,-1.0976,7.8049
1574147148495.0,0.0526,-0.0753,0.099,4.2683,3.7805,5.1829
1574147148539.0,0.05,-0.0802,0.0974,5.6098,5.9146,0.7317
1574147148540.0,0.0471,-0.0857,0.093,6.4634,4.6341,-2.439
1574147148540.0,0.046,-0.0905,0.0914,6.0976,-0.7927,-1.2805
1574147148541.0,0.0465,-0.0865,0.0988,4.939,-12.2561,-1.2805
1574147148542.0,0.0588,-0.0775,0.0997,4.4512,-20.8537,-4.5122
1574147148584.0,0.0734,-0.0674,0.0997,2.0122,-22.0732,-7.7439
1574147148585.0,0.0715,-0.0592,0.0988,0.6707,-10.7927,-9.6341
1574147148585.0,0.0582,-0.0538,0.1001,2.3171,9.3293,-9.6341
1574147148586.0,0.0497,-0.0479,0.1044,3.5366,21.4024,-9.1463
1574147148629.0,0.0545,-0.0369,0.1055,2.439,22.3171,-8.7195
1574147148630.0,0.0637,-0.0213,0.1081,-0.8537,15.0,-9.0854
1574147148630.0,0.0694,-0.0088,0.1123,-2.8049,3.4146,-12.2561
1574147148631.0,0.0778,-0.0007,0.1149,-4.6951,-6.4634,-15.4878
1574147148631.0,0.0892,0.0074,0.1196,-7.7439,-12.0732,-15.2439
1574147148674.0,0.0961,0.017,0.1237,-9.6341,-8.1707,-12.9878
1574147148675.0,0.0956,0.0301,0.1259,-9.0244,3.5366,-12.9878
1574147148675.0,0.0869,0.0416,0.1259,-8.6585,12.1951,-12.5
1574147148676.0,0.082,0.0501,0.1256,-9.2073,11.5854,-10.9146
1574147148719.0,0.0871,0.0537,0.1258,-8.2927,7.1951,-8.7195
1574147148719.0,0.0909,0.0536,0.127,-6.7073,1.6463,-1.6463
1574147148720.0,0.0895,0.0508,0.1262,-5.3659,-1.6463,6.0366
1574147148721.0,0.0749,0.0467,0.1166,-2.622,-0.6098,9.6341
1574147148722.0,0.0595,0.0369,0.1055,-1.2805,0.5488,8.9024
1574147148764.0,0.0529,0.0319,0.099,-1.8293,1.8293,7.8659
1574147148765.0,0.0505,0.0273,0.0941,-2.561,-0.061,8.1707
1574147148765.0,0.0464,0.0151,0.0992,-2.0122,-6.8293,5.9756
1574147148766.0,0.0469,0.0022,0.104,-0.3049,-16.0366,2.439
1574147148767.0,0.0565,-0.0067,0.1101,0.5488,-26.8902,0.7927
1574147148809.0,0.0691,-0.0151,0.1174,-0.6098,-38.3537,1.4634
1574147148809.0,0.0754,-0.0266,0.1201,-2.0122,-44.6341,-0.7927
1574147148810.0,0.0769,-0.0366,0.1213,-1.4634,-43.8415,-3.4146
1574147148811.0,0.0822,-0.046,0.1199,-1.8902,-39.7561,-2.8049
1574147148854.0,0.0865,-0.0544,0.1194,-2.7439,-37.8049,-1.7073
1574147148855.0,0.0747,-0.0588,0.1196,-3.7805,-34.0244,-0.7317
1574147148855.0,0.0527,-0.0543,0.1119,-3.2317,-24.7561,-2.1951
1574147148856.0,0.0459,-0.0508,0.0999,-7.1341,-23.1098,-4.5122
1574147148857.0,0.0395,-0.0478,0.0883,-15.5488,-36.9512,-7.378
1574147148899.0,0.015,-0.0395,0.0734,-19.0854,-59.0244,-12.5
1574147148899.0,-0.0102,-0.0294,0.06,-21.4024,-88.9634,-19.0244
1574147148900.0,-0.0037,-0.0149,0.0544,-28.9024,-140.0,-27.1951
1574147148901.0,0.0513,-0.007,0.0731,-43.1098,-207.7439,-34.2683
1574147148944.0,0.1121,-0.0017,0.0961,-63.5366,-271.1585,-35.9146
1574147148944.0,0.1516,-0.0055,0.1078,-86.5854,-326.4634,-28.5366
1574147148945.0,0.1652,-0.0108,0.1115,-114.5732,-372.0122,-20.5488
1574147148945.0,0.1588,-0.0135,0.109,-136.2805,-402.2561,-10.4878
1574147148946.0,0.1603,-0.0289,0.0913,-158.8415,-407.8049,1.7073
1574147148989.0,0.1485,-0.0366,0.0666,-178.4756,-384.1464,16.4024
1574147148989.0,0.1249,-0.0338,0.0424,-185.3659,-348.2317,37.2561
1574147148990.0,0.1104,-0.0257,0.0179,-182.5,-316.6464,56.3415
1574147148990.0,0.1031,-0.0214,-0.0022,-175.6098,-303.1707,68.9024
1574147149034.0,0.1035,-0.0272,-0.0157,-170.9146,-307.1951,75.6707
1574147149035.0,0.1125,-0.0356,-0.0188,-163.4146,-308.9024,77.7439
1574147149035.0,0.1336,-0.0405,-0.0181,-149.4512,-291.1585,78.7195
1574147149036.0,0.138,-0.0408,-0.0194,-127.8659,-247.0122,76.7683
1574147149036.0,0.1163,-0.0414,-0.0244,-107.7439,-193.2927,66.0366
1574147149079.0,0.0883,-0.0349,-0.0145,-92.561,-143.5366,52.561
1574147149080.0,0.085,-0.0311,0.0086,-78.9634,-118.4146,43.4756
1574147149080.0,0.0911,-0.0308,0.0163,-71.7073,-120.2439,31.7073
1574147149081.0,0.0958,-0.0381,0.0005,-68.2317,-130.2439,18.4146
1574147149124.0,0.1011,-0.0464,-0.0179,-64.8781,-128.5976,8.0488
1574147149125.0,0.0895,-0.0496,-0.0255,-57.622,-112.8049,1.6463
1574147149125.0,0.0864,-0.0519,-0.0296,-49.6341,-100.6098,-6.9512
1574147149126.0,0.099,-0.0563,-0.0367,-43.6585,-99.7561,-21.8902
1574147149127.0,0.114,-0.0603,-0.0358,-37.9268,-104.4512,-31.4634
1574147149169.0,0.1284,-0.0618,-0.0273,-31.2805,-100.9756,-39.3293
1574147149170.0,0.1277,-0.0554,-0.0174,-25.0,-76.7683,-49.8781
1574147149170.0,0.123,-0.0521,-0.0208,-16.3415,-35.1829,-54.6951
1574147149171.0,0.1332,-0.0533,-0.0375,-9.3902,15.7927,-58.3537
1574147149172.0,0.1353,-0.057,-0.0482,-2.439,63.9024,-58.5366
1574147149214.0,0.1249,-0.0601,-0.0464,5.7927,99.2683,-53.7805
1574147149215.0,0.1222,-0.0613,-0.0325,15.3049,120.7927,-53.7805
1574147149215.0,0.1317,-0.0565,-0.0164,23.9024,127.9878,-57.2561
1574147149216.0,0.1431,-0.0524,-0.0157,30.9756,124.6951,-55.1829
1574147149259.0,0.1471,-0.0567,-0.0196,34.8171,122.439,-49.4512
1574147149260.0,0.1412,-0.0577,-0.0204,34.7561,124.2073,-46.8293
1574147149260.0,0.1259,-0.0546,-0.0288,37.622,129.939,-46.4634
1574147149261.0,0.107,-0.0533,-0.0464,42.9878,135.5488,-46.7683
1574147149262.0,0.1141,-0.0512,-0.0258,47.3171,139.939,-48.5366
1574147149304.0,0.1259,-0.0372,0.0023,53.4146,138.7805,-48.4146
1574147149305.0,0.1545,-0.0344,0.0172,56.2805,134.8781,-40.1829
1574147149306.0,0.1749,-0.0337,0.0296,55.3049,148.8415,-35.7317
1574147149307.0,0.1703,-0.0342,0.0316,54.2073,170.3049,-23.2317
1574147149349.0,0.1597,-0.0407,0.0198,49.7561,201.2805,-9.0244
1574147149350.0,0.1423,-0.0395,0.0203,46.0976,225.061,-2.3171
1574147149351.0,0.0987,-0.0304,0.0359,49.0854,229.0244,3.0488
1574147149351.0,0.0595,-0.0264,0.045,47.6829,207.1342,8.5976
1574147149352.0,0.0462,-0.0251,0.0444,37.439,151.4634,9.0854
1574147149394.0,0.063,-0.0258,0.0405,26.8902,66.6463,9.878
1574147149395.0,0.1075,-0.026,0.0458,16.9512,-12.622,11.4024
1574147149396.0,0.1571,-0.0275,0.0528,8.4756,-60.122,12.561
1574147149396.0,0.1845,-0.028,0.0567,3.1707,-56.4024,13.1098
1574147149439.0,0.1876,-0.0253,0.0486,1.9512,-8.2317,16.4634
1574147149440.0,0.1635,-0.0254,0.0403,3.4146,62.7439,17.7439
1574147149440.0,0.1165,-0.0227,0.0361,5.2439,126.5854,17.439
1574147149441.0,0.0899,-0.0258,0.0399,8.5976,159.7561,16.5854
1574147149442.0,0.097,-0.0266,0.0516,9.0854,152.6829,12.9878
1574147149484.0,0.1086,-0.0254,0.0572,7.1951,121.2805,14.6951
1574147149485.0,0.1053,-0.0263,0.0572,6.4024,95.7927,16.0976
1574147149486.0,0.0994,-0.0297,0.0586,6.5244,82.2561,14.6341
1574147149486.0,0.1011,-0.0317,0.0604,5.7317,69.5122,12.1341
1574147149487.0,0.1078,-0.0303,0.0578,5.3049,57.1951,8.9024
1574147149529.0,0.108,-0.0303,0.054,5.6707,53.7195,6.5854
1574147149530.0,0.098,-0.0344,0.0499,5.9756,56.3415,4.0854
1574147149530.0,0.0843,-0.0361,0.0499,10.1829,55.8537,-0.122
1574147149531.0,0.0764,-0.0359,0.0438,16.4634,39.878,-4.5122
1574147149574.0,0.0782,-0.035,0.0392,18.7805,7.9268,-8.9634
1574147149575.0,0.0951,-0.0312,0.0427,20.9756,-23.9024,-13.0488
1574147149576.0,0.1233,-0.0309,0.0477,25.3659,-38.4756,-15.5488
1574147149577.0,0.1437,-0.0361,0.0527,29.5732,-26.7683,-17.0122
1574147149578.0,0.1367,-0.0371,0.0569,33.4756,10.3049,-17.7439
1574147149618.0,0.1207,-0.0359,0.0573,40.122,53.1098,-18.9634
1574147149619.0,0.1057,-0.0347,0.0598,45.4878,84.3902,-21.6463
1574147149619.0,0.095,-0.0298,0.0643,51.7073,96.0366,-22.8049
1574147149620.0,0.0927,-0.0259,0.067,56.9512,85.1829,-20.3659
1574147149663.0,0.0995,-0.0235,0.066,57.9878,57.0122,-16.5854
1574147149664.0,0.1046,-0.0229,0.0616,56.2195,27.378,-13.1098
1574147149665.0,0.1075,-0.0245,0.0545,55.6098,8.9024,-12.0732
1574147149665.0,0.1229,-0.0239,0.0572,58.0488,2.6829,-12.8659
1574147149666.0,0.1432,-0.0191,0.0601,60.7927,-1.7073,-9.7561
1574147149708.0,0.1501,-0.012,0.0603,63.7805,2.378,-7.0122
1574147149709.0,0.1393,-0.0094,0.0662,62.9268,20.8537,-8.1707
1574147149710.0,0.1273,-0.0098,0.075,60.0,43.4756,-10.0
1574147149710.0,0.1221,-0.0116,0.081,58.8415,62.1951,-9.3293
1574147149753.0,0.1104,-0.0114,0.08,56.9512,77.0732,-5.7317
1574147149755.0,0.092,-0.0093,0.0712,56.7683,91.8293,-1.3415
1574147149755.0,0.0788,-0.0032,0.0626,58.4146,101.5244,1.5244
1574147149756.0,0.0791,0.0041,0.061,59.8171,100.1829,3.1098
1574147149757.0,0.0905,0.0035,0.0683,56.4634,88.2927,1.2805
1574147149798.0,0.1075,-0.0001,0.0765,47.6829,74.5122,-0.6098
1574147149799.0,0.1167,0.0022,0.0795,39.4512,68.9024,-2.561
1574147149800.0,0.1049,0.0104,0.0814,36.8902,75.0,-3.0488
1574147149800.0,0.0916,0.0149,0.0815,37.6829,88.2317,-2.8049
1574147149801.0,0.0842,0.0124,0.0852,37.378,92.0122,-2.8659
1574147149844.0,0.0887,0.0041,0.0881,32.0122,79.5732,0.6098
1574147149845.0,0.1045,-0.0017,0.0862,26.1585,62.561,4.8171
1574147149846.0,0.1094,-0.0018,0.0867,24.1463,55.0,10.7317
1574147149846.0,0.0973,-0.0035,0.0926,22.2561,59.8781,13.6585
1574147149889.0,0.084,-0.0051,0.0947,18.3537,69.3902,9.7561
1574147149890.0,0.089,-0.0093,0.0938,14.7561,70.0,5.0
1574147149890.0,0.1021,-0.0112,0.0997,10.6098,54.3902,4.5122
1574147149891.0,0.1027,-0.0153,0.1003,5.5488,42.378,5.3049
1574147149892.0,0.0894,-0.0156,0.1006,0.7927,47.6829,2.622
1574147149934.0,0.0732,-0.0098,0.0992,-2.5,61.0366,1.0976
1574147149935.0,0.0687,-0.0121,0.0949,-2.2561,69.1463,-2.378
1574147149936.0,0.0912,-0.0225,0.0994,-4.8171,55.9146,-1.5244
1574147149936.0,0.1105,-0.0235,0.1026,-8.7805,35.7927,0.061
1574147149978.0,0.0842,-0.0148,0.101,-9.878,40.061,-1.8902
1574147149979.0,0.0582,-0.0079,0.1021,-8.9634,64.5122,-8.8415
1574147149980.0,0.0638,-0.0107,0.1011,-10.7927,73.5366,-16.8902
1574147149980.0,0.0804,-0.0178,0.095,-13.2927,55.122,-19.2073
1574147149981.0,0.0873,-0.0214,0.0963,-12.5,30.6707,-16.2195
1574147150024.0,0.0836,-0.0165,0.102,-6.9512,21.2805,-17.561
1574147150024.0,0.0889,-0.0076,0.103,0.4268,20.6098,-19.0854
1574147150025.0,0.0823,0.0025,0.1049,6.1585,22.3171,-16.2195
1574147150025.0,0.0551,0.0133,0.0957,10.6707,33.1707,-14.2683
1574147150069.0,0.032,0.0165,0.0873,13.0488,40.7317,-16.7683
1574147150069.0,0.0263,0.005,0.0865,10.4268,25.4878,-25.1829
1574147150070.0,0.0509,-0.0071,0.0874,4.4512,-6.2805,-37.378
1574147150070.0,0.1163,-0.0124,0.0975,1.4634,-35.8537,-42.2561
1574147150071.0,0.174,-0.0159,0.1122,-0.2439,-44.2683,-37.561
1574147150114.0,0.2022,-0.0085,0.1115,1.0366,-16.4634,-27.8049
1574147150115.0,0.1461,-0.0026,0.0934,9.1463,36.0366,0.061
1574147150116.0,0.088,-0.0171,0.084,17.8049,78.1098,7.561
1574147150116.0,0.0728,-0.0001,0.0804,19.1463,82.8049,-2.1951
1574147150204.0,0.0565,0.0153,0.0817,24.3902,72.7439,11.0976
1574147150205.0,0.0379,0.0085,0.0916,26.7073,63.9634,13.5976
1574147150249.0,0.0388,-0.0016,0.1006,23.2317,47.561,12.1341
1574147150250.0,0.0629,-0.0026,0.1093,18.2317,29.0854,10.2439
1574147150251.0,0.063,0.0069,0.1174,12.9878,26.0976,4.8171
1574147150252.0,0.0511,0.0114,0.1119,11.5854,41.0976,-0.122
1574147150252.0,0.043,0.0108,0.1016,11.4634,52.8049,-1.4024
1574147150253.0,0.0314,0.012,0.0971,11.6463,55.0,-0.1829
1574147150254.0,0.0392,0.0101,0.0939,13.1098,49.6341,2.1951
1574147150255.0,0.0444,0.0076,0.0939,11.5854,31.6463,4.3293
1574147150255.0,0.0264,0.0118,0.0883,9.3293,14.2683,1.0976
1574147150256.0,0.0198,0.0142,0.0873,8.8415,1.1585,-6.3415
1574147150294.0,0.0288,0.0176,0.0994,6.9512,-20.3049,-10.061
1574147150295.0,0.0399,0.0198,0.1007,2.2561,-50.0,-10.122
1574147150296.0,0.0406,0.0188,0.0955,-1.8293,-78.8415,-12.0732
1574147150296.0,0.0292,0.0129,0.0974,-3.2927,-108.2927,-16.3415
1574147150297.0,0.0336,0.0052,0.0947,-7.8049,-142.9878,-24.878
1574147150298.0,0.0663,0.0029,0.0875,-15.2439,-187.439,-31.5244
1574147150299.0,0.0992,0.0059,0.083,-24.2073,-232.1342,-30.3659
1574147150339.0,0.1269,0.0016,0.0912,-30.122,-252.9878,-27.378
1574147150340.0,0.1371,0.0007,0.1025,-36.4024,-248.2927,-23.7805
1574147150341.0,0.1361,0.0084,0.126,-43.5976,-234.2073,-15.9756
1574147150341.0,0.1235,0.0168,0.1387,-48.9024,-219.7561,-8.8415
1574147150384.0,0.123,0.0172,0.1365,-64.0244,-217.3781,-2.9878
1574147150385.0,0.1174,0.0151,0.1235,-83.9634,-229.7561,5.1829
1574147150386.0,0.1262,0.0089,0.0908,-103.1098,-260.6707,18.7805
1574147150387.0,0.1394,0.0061,0.0683,-115.7317,-288.6585,25.061
1574147150387.0,0.1552,0.0016,0.0658,-123.7805,-299.8781,29.939
1574147150429.0,0.1705,-0.0038,0.064,-128.4146,-289.1464,40.9146
1574147150430.0,0.1655,-0.0031,0.0597,-127.9878,-259.3903,55.4878
1574147150431.0,0.1454,-0.0074,0.0628,-122.0732,-217.7439,67.6829
1574147150431.0,0.1234,-0.0199,0.0597,-118.7195,-175.7317,72.0732
1574147150474.0,0.1168,-0.027,0.053,-120.0,-147.5,69.2683
1574147150475.0,0.1256,-0.0258,0.0517,-118.9024,-129.2073,69.1463
1574147150476.0,0.1348,-0.0242,0.0543,-112.0122,-102.2561,71.3415
1574147150477.0,0.1347,-0.0264,0.0502,-109.0854,-59.2073,69.6341
1574147150477.0,0.14,-0.0339,0.0333,-109.3293,-5.5488,64.2683
1574147150519.0,0.1432,-0.0489,0.0148,-104.8171,57.1951,55.7927
1574147150520.0,0.111,-0.0582,0.0034,-97.561,106.6463,46.2195
1574147150521.0,0.0698,-0.0647,-0.0005,-88.8415,140.3049,38.0488
1574147150521.0,0.0453,-0.0642,0.0033,-75.5488,165.3049,23.8415
1574147150522.0,0.0496,-0.0582,0.0145,-60.9756,163.4146,7.7439
1574147150564.0,0.0716,-0.0502,0.0579,-51.3415,140.3049,-6.6463
1574147150565.0,0.1049,-0.0513,0.0737,-51.4024,120.6707,-19.4512
1574147150566.0,0.1207,-0.0562,0.0572,-55.061,132.9878,-25.0
1574147150567.0,0.1104,-0.0682,0.0253,-51.6463,168.1707,-23.7805
1574147150609.0,0.084,-0.0784,0.0063,-39.7561,207.7439,-32.1951
1574147150610.0,0.0438,-0.0749,0.0161,-20.3049,225.9146,-45.6707
1574147150611.0,0.0342,-0.0601,0.0287,-2.1341,199.2683,-67.6829
1574147150612.0,0.0601,-0.0477,0.0416,10.7317,137.5,-83.5366
1574147150612.0,0.1128,-0.0468,0.0463,9.0854,63.5976,-82.2561
1574147150654.0,0.1471,-0.0482,0.054,4.8171,22.0732,-75.6098
1574147150655.0,0.1389,-0.0441,0.0444,11.2805,28.1098,-73.7195
1574147150656.0,0.1034,-0.0392,0.0262,24.2073,62.8659,-78.7805
1574147150656.0,0.082,-0.0276,0.0337,37.622,90.4268,-88.1707
1574147150699.0,0.0966,-0.0137,0.0475,47.8049,89.2073,-89.6341
1574147150700.0,0.1168,-0.0048,0.0435,49.8781,67.9268,-82.1951
1574147150700.0,0.1249,0.0006,0.0396,46.8293,43.0488,-72.6829
1574147150701.0,0.1318,0.0,0.0269,43.9024,18.7195,-67.3171
1574147150702.0,0.142,-0.0123,0.0425,42.8049,-4.5732,-62.9268
1574147150743.0,0.1321,-0.0093,0.0542,38.9024,-7.0732,-60.5488
1574147150744.0,0.1133,0.0018,0.0658,42.8659,8.2317,-61.6463
1574147150745.0,0.1111,0.0046,0.0754,40.6707,17.9268,-60.8537
1574147150745.0,0.113,0.0069,0.0864,30.8537,16.0976,-53.7805
1574147150788.0,0.1199,0.0099,0.0903,17.9878,19.0854,-42.0122
1574147150789.0,0.1091,0.0142,0.0875,10.7927,39.939,-37.6829
1574147150790.0,0.1006,0.0125,0.0774,8.7805,62.5,-36.6463
1574147150790.0,0.1039,0.009,0.0709,9.5732,77.9878,-35.4878
1574147150791.0,0.1074,0.0119,0.0668,8.6585,77.0122,-33.7195
1574147150833.0,0.1086,0.0232,0.0798,7.6829,62.2561,-31.4634
1574147150834.0,0.1041,0.0219,0.0914,7.561,35.0,-23.6585
1574147150835.0,0.1091,0.016,0.1038,-1.5854,0.5488,-19.5732
1574147150835.0,0.1125,0.0168,0.1035,-6.0976,-15.9146,-15.7927
1574147150836.0,0.1161,0.0177,0.102,-6.5244,-16.0366,-6.8293
1574147150878.0,0.1103,0.0171,0.0917,-5.3659,-8.1098,4.0244
1574147150879.0,0.1011,0.0085,0.0891,-7.561,-8.9634,11.9512
1574147150880.0,0.097,0.0004,0.0834,-8.4756,-11.1585,12.5
1574147150880.0,0.1163,-0.001,0.0762,-7.1341,-19.3902,10.122
1574147150924.0,0.1232,0.002,0.0786,-5.3659,-24.7561,10.061
1574147150925.0,0.1065,0.001,0.0775,-3.9634,-7.8659,9.4512
1574147150926.0,0.0872,-0.0012,0.0771,-0.4878,24.3293,6.8293
1574147150927.0,0.0821,-0.0004,0.0812,2.622,39.3902,3.4756
1574147150927.0,0.0896,-0.0003,0.0858,2.439,29.3902,2.5
1574147150969.0,0.0979,0.0034,0.0891,-0.9756,9.8171,3.3537
1574147150970.0,0.1066,0.0108,0.0904,-2.9878,-2.9268,2.9268
1574147150971.0,0.1169,0.0189,0.0861,-4.2073,-11.2805,2.7439
1574147150973.0,0.1136,0.0244,0.0832,-6.4024,-21.0976,2.7439
1574147151014.0,0.1121,0.0285,0.0818,-8.4146,-23.4146,0.1829
1574147151015.0,0.127,0.0365,0.092,-2.439,-8.2317,-0.061
1574147151016.0,0.1555,0.0359,0.1066,-6.2805,-14.6341,23.1098
1574147151017.0,0.1617,0.0407,0.1056,-27.7439,-40.122,41.9512
1574147151017.0,0.136,0.0464,0.0932,-43.5366,-46.4024,48.1098
1574147151058.0,0.1191,0.0458,0.0793,-52.439,-41.4024,50.7927
1574147151059.0,0.1249,0.0429,0.066,-65.3659,-51.8293,58.9634
1574147151060.0,0.141,0.0361,0.051,-78.7195,-73.9024,72.1951
1574147151060.0,0.143,0.0253,0.0441,-85.6707,-79.1463,84.3293
1574147151104.0,0.1309,0.0133,0.0397,-86.8902,-63.8415,92.0732
1574147151104.0,0.1193,0.006,0.0348,-85.5488,-40.8537,95.6098
1574147151105.0,0.114,0.0052,0.0271,-80.122,-20.6707,98.4756
1574147151105.0,0.1081,0.0024,0.0106,-72.3781,-8.8415,101.4024
1574147151106.0,0.1026,-0.012,-0.0052,-64.4512,-4.6951,102.1951
1574147151149.0,0.0932,-0.0325,-0.0098,-52.3171,-0.1829,101.4634
1574147151150.0,0.086,-0.0515,-0.0041,-30.1829,7.561,100.8537
1574147151151.0,0.0865,-0.0654,0.0193,-2.8049,17.2561,97.8049
1574147151152.0,0.0919,-0.066,0.0454,26.2195,30.4878,95.9756
1574147151194.0,0.0981,-0.0616,0.0632,53.1707,48.2927,97.7439
1574147151195.0,0.0912,-0.058,0.074,71.6463,68.5366,99.1463
1574147151196.0,0.0796,-0.0603,0.0865,83.7195,82.622,97.0732
1574147151196.0,0.0676,-0.0656,0.0908,93.6585,84.2683,97.5
1574147151197.0,0.0505,-0.0701,0.0833,101.5854,72.7439,103.6585
1574147151239.0,0.0398,-0.0786,0.0744,108.3537,53.5976,99.4512
1574147151240.0,0.0474,-0.0848,0.0786,107.6829,24.0244,86.7073
1574147151240.0,0.0728,-0.0775,0.0899,102.3171,-6.4024,76.0976
1574147151241.0,0.0957,-0.0683,0.1055,99.2683,-20.7317,65.6707
1574147151242.0,0.0974,-0.0656,0.1218,92.7439,-15.9756,51.8293
1574147151284.0,0.0751,-0.0628,0.1289,87.2561,9.4512,43.4146
1574147151285.0,0.04,-0.0634,0.114,86.6463,43.9024,41.9512
1574147151286.0,0.0108,-0.0662,0.0947,82.622,57.3781,37.1341
1574147151286.0,0.012,-0.0652,0.077,76.2195,43.8415,29.5122
1574147151329.0,0.0328,-0.0601,0.065,70.3049,19.0854,25.0
1574147151330.0,0.072,-0.0554,0.0708,66.7683,-12.561,23.7195
1574147151331.0,0.1136,-0.0413,0.08,65.9146,-37.378,19.2073
1574147151331.0,0.1315,-0.0295,0.1025,65.061,-33.7195,11.8902
1574147151332.0,0.1238,-0.0232,0.1169,57.2561,1.1585,0.3659
1574147151374.0,0.0987,-0.0184,0.1226,52.9878,49.3902,-8.1707
1574147151375.0,0.0722,-0.0176,0.1195,49.3902,87.5,-7.439
1574147151376.0,0.0669,-0.0201,0.1169,40.6098,106.7073,-0.4268
1574147151377.0,0.0547,-0.0197,0.1181,33.5976,106.7073,9.2683
1574147151419.0,0.0325,-0.0154,0.1184,29.939,87.5,10.1829
1574147151420.0,0.0297,-0.0129,0.1245,25.6707,55.5488,-1.1585
1574147151420.0,0.0529,-0.0155,0.1315,13.9024,0.2439,-9.939
1574147151421.0,0.102,-0.0172,0.1354,-2.0122,-65.4268,-10.9756
1574147151422.0,0.1451,-0.0222,0.117,-10.9146,-97.9268,-6.0976
1574147151464.0,0.1396,-0.0291,0.1082,-8.4146,-72.9878,1.4634
1574147151465.0,0.1094,-0.0369,0.1014,-6.6463,-18.2927,3.2317
1574147151466.0,0.0927,-0.0374,0.0984,-4.5122,25.5488,1.2805
1574147151466.0,0.085,-0.0342,0.0952,-0.5488,35.7317,1.0976
1574147151509.0,0.077,-0.034,0.0901,2.2561,17.9878,2.9878
1574147151510.0,0.0804,-0.0348,0.089,5.5488,-11.1585,7.0122
1574147151511.0,0.0917,-0.0392,0.0908,6.8902,-38.1098,11.4634
1574147151511.0,0.0936,-0.0389,0.0926,6.7073,-53.4146,14.939
1574147151512.0,0.085,-0.0372,0.0919,9.6951,-55.061,15.9146
1574147151554.0,0.0754,-0.0373,0.0914,12.5,-52.0122,13.5366
1574147151555.0,0.0764,-0.0355,0.0936,11.2805,-54.2073,10.4268
1574147151556.0,0.0894,-0.0316,0.0936,8.2317,-58.3537,8.6585
1574147151556.0,0.1119,-0.0317,0.0837,5.8537,-52.5,9.5732
1574147151557.0,0.1299,-0.0335,0.0668,5.3049,-24.939,14.6951
1574147151599.0,0.1234,-0.0381,0.0622,8.1098,21.1585,20.061
1574147151600.0,0.1072,-0.0422,0.0663,11.1585,68.7805,21.2195
1574147151600.0,0.0828,-0.0419,0.0732,18.4146,113.7195,19.878
1574147151601.0,0.0689,-0.0359,0.0759,26.4634,141.1585,18.9634
1574147151644.0,0.0682,-0.0272,0.0833,32.9268,137.0122,19.8171
1574147151645.0,0.0616,-0.0221,0.0877,33.7805,112.6829,20.3659
1574147151646.0,0.0534,-0.0244,0.0906,31.7073,87.8659,17.622
1574147151647.0,0.0547,-0.0233,0.0983,29.6341,70.4878,16.0976
1574147151647.0,0.0606,-0.0196,0.1052,29.7561,57.7439,14.8171
1574147151689.0,0.0645,-0.0187,0.1072,28.3537,48.7805,11.2805
1574147151690.0,0.0679,-0.0185,0.1083,25.1829,45.0,10.0
1574147151691.0,0.0829,-0.0143,0.1044,21.2805,50.061,13.1707
1574147151691.0,0.0985,-0.0092,0.1005,18.4146,65.061,17.2561
1574147151734.0,0.0997,-0.0086,0.1031,14.7561,91.3415,19.5122
1574147151735.0,0.0897,-0.0095,0.1097,16.0976,122.9878,22.3171
1574147151736.0,0.0781,-0.0094,0.112,20.1829,138.1707,23.7195
1574147151737.0,0.0637,-0.0074,0.1243,21.7683,126.8293,24.6341
1574147151737.0,0.0549,-0.0131,0.1266,19.0854,102.2561,22.6829
1574147151779.0,0.0543,-0.0192,0.1201,10.6707,83.0488,18.1707
1574147151780.0,0.058,-0.0184,0.1292,5.122,79.6951,20.5488
1574147151780.0,0.0641,-0.021,0.1262,0.1829,92.1341,26.0366
1574147151781.0,0.0562,-0.0271,0.1057,-3.3537,106.3415,28.7805
1574147151824.0,0.0375,-0.0319,0.0941,-0.4878,115.3049,28.0488
1574147151825.0,0.0382,-0.0386,0.087,3.2927,117.0732,25.7317
1574147151826.0,0.0518,-0.0381,0.0865,4.6951,119.6951,28.7805
1574147151826.0,0.0557,-0.032,0.0876,12.3171,131.9512,33.3537
1574147151827.0,0.0401,-0.0262,0.0896,22.6829,153.8415,32.561
1574147151869.0,0.0168,-0.0168,0.0989,32.622,173.9634,29.2073
1574147151870.0,-0.002,-0.0126,0.1115,40.1829,181.5244,25.0
1574147151871.0,-0.0056,-0.01,0.116,40.2439,167.9878,18.8415
1574147151871.0,0.0052,-0.0084,0.116,34.5122,133.0488,18.3537
1574147151872.0,0.0141,-0.01,0.1096,27.8659,95.2439,20.9756
1574147151914.0,0.0125,-0.0152,0.1116,25.122,69.5732,21.0366
1574147151915.0,0.016,-0.0157,0.1163,25.122,57.3781,17.8049
1574147151916.0,0.0208,-0.0119,0.131,25.8537,53.1098,11.9512
1574147151916.0,0.0172,-0.007,0.1413,24.5122,47.9878,9.878
1574147151959.0,0.0121,-0.0056,0.1462,20.6707,32.561,6.3415
1574147151960.0,0.0151,-0.0087,0.1445,11.8902,7.8049,1.1585
1574147151961.0,0.0274,-0.0137,0.1334,0.6707,-16.8902,-1.1585
1574147151962.0,0.0388,-0.0153,0.1286,-4.2073,-33.9634,-1.2805
1574147151963.0,0.046,-0.0144,0.1223,-4.1463,-42.8659,-1.4024
1574147152003.0,0.0489,-0.0203,0.1139,-4.0244,-46.7073,-5.4268
1574147152004.0,0.0458,-0.022,0.1066,-1.7683,-41.1585,-6.8293
1574147152005.0,0.0388,-0.0165,0.1039,2.622,-36.8902,-5.122
1574147152005.0,0.024,-0.0151,0.0995,4.6951,-39.3902,-10.0
1574147152048.0,0.0105,-0.0133,0.0957,7.1951,-47.1341,-19.0854
1574147152049.0,0.0027,-0.0142,0.1006,7.9268,-62.439,-24.2073
1574147152050.0,0.0096,-0.0159,0.1072,5.4878,-85.9756,-29.878
1574147152050.0,0.0253,-0.0135,0.1096,2.1341,-110.9146,-32.8659
1574147152051.0,0.0403,-0.0104,0.1138,0.3659,-132.1342,-31.8902
1574147152093.0,0.0459,-0.006,0.123,-0.9756,-148.9024,-31.5244
1574147152094.0,0.0432,-0.0048,0.131,-3.4146,-167.9268,-34.5732
1574147152095.0,0.0482,-0.0115,0.1285,-9.3902,-194.0244,-40.061
1574147152095.0,0.0601,-0.0131,0.1113,-13.4146,-218.3537,-40.5488
1574147152139.0,0.0781,-0.0146,0.0924,-13.7805,-229.3293,-32.5
1574147152139.0,0.1054,-0.0193,0.095,-16.1585,-222.1342,-26.0366
1574147152140.0,0.1179,-0.0231,0.1149,-19.6341,-192.1951,-20.0
1574147152140.0,0.1044,-0.0266,0.1369,-18.2317,-143.4146,-12.3171
1574147152141.0,0.0845,-0.0242,0.1488,-12.8049,-88.2317,-8.9024
1574147152184.0,0.0784,-0.0226,0.1514,-9.2683,-43.6585,-8.1098
1574147152185.0,0.0745,-0.0281,0.1449,-15.3659,-18.5366,-1.1585
1574147152185.0,0.0654,-0.0365,0.1148,-22.7439,-2.378,10.1829
1574147152186.0,0.0556,-0.0296,0.1009,-18.7195,4.7561,15.7927
1574147152229.0,0.0655,-0.03,0.0837,-14.3902,-5.5488,14.3902
1574147152230.0,0.0725,-0.0414,0.0784,-14.6341,-12.8659,14.2073
1574147152231.0,0.0704,-0.0447,0.0859,-7.8659,-9.0244,21.0976
1574147152232.0,0.0803,-0.049,0.0977,-2.9878,-6.8293,21.0366
1574147152232.0,0.0903,-0.0546,0.1063,-9.878,2.6829,14.2683
1574147152274.0,0.0828,-0.0533,0.103,-9.7561,34.5732,12.9268
1574147152275.0,0.0668,-0.0454,0.0973,-1.5854,71.8902,13.1707
1574147152276.0,0.0555,-0.0369,0.0903,6.3415,94.2073,12.378
1574147152276.0,0.0449,-0.029,0.086,12.1951,98.5976,12.622
1574147152277.0,0.0389,-0.0235,0.0867,16.9512,93.4756,12.9268
1574147152319.0,0.0486,-0.0173,0.0922,20.8537,80.9756,12.0732
1574147152320.0,0.0537,-0.018,0.0947,20.9146,58.3537,13.5366
1574147152320.0,0.0527,-0.0206,0.1008,20.7317,36.2195,11.5244
1574147152321.0,0.0601,-0.0142,0.1097,27.8659,23.8415,6.6463
1574147152364.0,0.0716,-0.0159,0.1159,24.0244,17.6829,2.9878
1574147152365.0,0.0702,-0.0184,0.1118,15.8537,17.561,0.7927
1574147152366.0,0.0466,-0.019,0.1067,14.5122,22.8659,1.2195
1574147152366.0,0.022,-0.0084,0.1131,21.7683,17.378,-0.3049
1574147152367.0,0.0233,-0.0015,0.1152,21.7683,-19.0244,-8.5366
1574147152409.0,0.0448,-0.0041,0.1132,10.7927,-76.6463,-17.2561
1574147152410.0,0.0631,-0.0069,0.1104,-0.6707,-119.5732,-16.3415
1574147152411.0,0.0692,-0.0063,0.1121,-4.878,-132.6219,-11.3415
1574147152411.0,0.0768,-0.0085,0.1112,-6.4634,-116.4634,-10.7317
1574147152454.0,0.084,-0.0049,0.1061,-8.7195,-86.8902,-13.3537
1574147152455.0,0.0888,-0.0009,0.1028,-6.4024,-60.9146,-12.9268
1574147152455.0,0.0805,0.0026,0.097,-3.1098,-49.3902,-10.6098
1574147152456.0,0.0747,0.0013,0.1026,-0.9146,-63.1098,-12.439
1574147152457.0,0.0693,-0.0021,0.1081,-4.878,-91.4634,-15.4268
1574147152499.0,0.0655,-0.0096,0.1125,-13.4146,-120.3049,-15.9756
1574147152500.0,0.0755,-0.0149,0.1173,-18.6585,-146.5244,-20.4268
1574147152501.0,0.0876,-0.0165,0.1188,-23.3537,-165.3049,-22.2561
1574147152501.0,0.0981,-0.0186,0.1209,-26.1585,-176.1585,-18.9024
1574147152544.0,0.113,-0.0233,0.1155,-31.7683,-178.2927,-13.9634
1574147152544.0,0.1177,-0.024,0.0989,-34.8171,-167.2561,-6.4634
1574147152545.0,0.106,-0.0248,0.0789,-30.1829,-145.9756,3.8415
1574147152546.0,0.0966,-0.0269,0.0687,-23.5366,-130.3659,9.8171
1574147152546.0,0.0948,-0.0283,0.0673,-18.7805,-122.8049,10.4878
1574147152589.0,0.092,-0.0234,0.0674,-13.7195,-121.6463,11.0366
1574147152590.0,0.0917,-0.0186,0.0676,-8.2317,-128.5976,12.439
1574147152590.0,0.0975,-0.0187,0.0663,-7.1341,-139.0854,12.3171
1574147152591.0,0.1026,-0.0236,0.0652,-8.5976,-144.2073,12.3171
1574147152592.0,0.1089,-0.0256,0.0728,-9.878,-141.1585,12.378
1574147152634.0,0.1202,-0.0255,0.0786,-9.2683,-128.5366,12.561
1574147152635.0,0.1276,-0.0236,0.0745,-8.9024,-109.8171,15.0
1574147152635.0,0.1378,-0.0227,0.0665,-8.8415,-93.4756,20.122
1574147152636.0,0.1406,-0.0247,0.066,-8.4146,-75.8537,25.9756
1574147152679.0,0.1252,-0.0302,0.0701,-9.4512,-58.2317,28.5366
1574147152680.0,0.1005,-0.0313,0.0709,-9.5732,-38.5976,23.9634
1574147152680.0,0.0865,-0.028,0.0687,-7.0122,-25.6707,18.1707
1574147152681.0,0.0901,-0.0262,0.0688,-7.0732,-24.0854,16.5244
1574147152681.0,0.0933,-0.0252,0.0757,-11.2805,-27.0122,17.5
1574147152724.0,0.0938,-0.0249,0.0727,-15.6098,-28.7195,18.2927
1574147152725.0,0.0971,-0.0267,0.0638,-19.1463,-31.8293,17.0732
1574147152725.0,0.097,-0.0286,0.0586,-21.9512,-36.0976,15.8537
1574147152726.0,0.0947,-0.0291,0.0593,-22.8049,-39.939,14.7561
1574147152769.0,0.1013,-0.0297,0.0592,-23.7195,-48.3537,10.8537
1574147152770.0,0.1158,-0.0312,0.0617,-26.4024,-59.8171,6.8902
1574147152770.0,0.1196,-0.0325,0.0658,-27.622,-61.1585,6.6463
1574147152771.0,0.1091,-0.0343,0.0646,-26.1585,-50.9756,7.561
1574147152772.0,0.108,-0.036,0.0569,-26.8293,-41.4024,6.5244
1574147152814.0,0.1169,-0.0341,0.0484,-27.561,-39.7561,6.8902
1574147152815.0,0.126,-0.0318,0.0411,-26.8293,-45.122,9.1463
1574147152815.0,0.1277,-0.0303,0.0392,-26.0976,-46.1585,9.3293
1574147152816.0,0.1194,-0.0284,0.0398,-24.7561,-42.1341,7.0732
1574147152859.0,0.1121,-0.0284,0.0436,-24.3293,-41.7683,5.8537
1574147152860.0,0.1102,-0.0316,0.0472,-25.1829,-43.2927,6.2195
1574147152860.0,0.1133,-0.0357,0.0454,-27.2561,-45.6707,6.6463
1574147152861.0,0.1204,-0.0374,0.0419,-27.9268,-48.1098,6.8902
1574147152861.0,0.1252,-0.0366,0.0413,-25.7927,-45.8537,7.3171
1574147152904.0,0.1312,-0.0367,0.0394,-23.0488,-38.7805,6.3415
1574147152905.0,0.1334,-0.0374,0.0368,-21.9512,-26.5854,6.5244
1574147152905.0,0.1208,-0.0354,0.0345,-20.3049,-13.1707,8.9024
1574147152906.0,0.1124,-0.0341,0.0369,-17.0732,-5.0,8.7805
1574147152907.0,0.1186,-0.0352,0.0398,-15.2439,-3.9024,6.9512
1574147152949.0,0.131,-0.0393,0.0401,-17.1341,-7.622,6.7683
1574147152950.0,0.1362,-0.0405,0.0416,-18.7195,-4.6341,8.4756
1574147152950.0,0.1355,-0.038,0.0422,-16.0366,6.2195,11.1585
1574147152951.0,0.1328,-0.036,0.0417,-12.439,18.7195,13.5976
1574147152994.0,0.1327,-0.0366,0.0386,-11.4024,26.7683,12.9878
1574147152995.0,0.1283,-0.0372,0.0377,-12.0732,32.2561,12.9878
1574147152996.0,0.1207,-0.0393,0.038,-12.0122,35.4878,15.0
1574147152996.0,0.1166,-0.0414,0.0376,-11.2805,36.8902,14.3902
1574147152997.0,0.1165,-0.0411,0.0372,-9.0854,36.0366,12.622
1574147153039.0,0.109,-0.0386,0.0435,-5.3659,34.0244,12.5
1574147153040.0,0.113,-0.0432,0.0472,-2.622,29.5732,13.3537
1574147153040.0,0.1205,-0.0448,0.049,-3.2927,27.1951,15.6707
1574147153041.0,0.1182,-0.0433,0.0484,-2.622,28.1098,20.0
1574147153084.0,0.1172,-0.0406,0.0434,0.122,33.0488,19.6951
1574147153085.0,0.1198,-0.0414,0.0366,3.8415,37.8049,16.8293
1574147153086.0,0.1092,-0.0415,0.0323,4.7561,39.6341,16.3415
1574147153086.0,0.0949,-0.0391,0.0293,7.561,38.5366,12.8659
1574147153087.0,0.0898,-0.038,0.0339,11.8293,31.4634,7.8659
1574147153130.0,0.106,-0.0388,0.0402,12.9268,14.5732,3.2317
1574147153130.0,0.1138,-0.0357,0.0464,12.1951,-1.8293,0.8537
1574147153131.0,0.1088,-0.0353,0.0528,11.8902,-10.7317,1.7073
1574147153132.0,0.1129,-0.0418,0.0585,9.878,-15.2439,-2.9878
1574147153174.0,0.1213,-0.0439,0.0583,6.3415,-15.3049,-4.6951
1574147153219.0,0.1152,-0.0415,0.0545,7.378,-7.7439,1.8902
1574147153264.0,0.1139,-0.0432,0.0482,10.7317,3.3537,3.7195
1574147153265.0,0.1158,-0.0413,0.049,12.2561,13.4146,3.4756
1574147153266.0,0.1054,-0.0385,0.0483,13.4756,19.4512,7.9268
1574147153266.0,0.1,-0.0353,0.0523,14.1463,20.4878,6.7073
1574147153267.0,0.097,-0.0377,0.0574,14.8171,14.0244,3.5366
1574147153267.0,0.1028,-0.0422,0.0591,10.6098,-2.0732,1.8293
1574147153268.0,0.1083,-0.043,0.0553,7.8659,-14.5122,2.1951
1574147153269.0,0.1124,-0.0438,0.0526,8.1707,-21.4024,4.8171
1574147153269.0,0.1186,-0.0466,0.0526,6.5244,-29.7561,5.4268
1574147153270.0,0.1289,-0.0482,0.059,5.1829,-33.4756,4.878
1574147153309.0,0.1349,-0.0479,0.0627,4.2683,-30.9756,5.6098
1574147153310.0,0.1306,-0.0468,0.0641,4.0244,-21.0366,7.622
1574147153311.0,0.1182,-0.0445,0.0565,5.8537,-4.6951,8.2927
1574147153312.0,0.1058,-0.0464,0.0397,8.5366,10.7317,8.8415
1574147153313.0,0.1043,-0.0469,0.0309,10.4268,10.9756,9.0244
1574147153313.0,0.1072,-0.0488,0.0306,11.4024,-3.8415,10.122
1574147153314.0,0.1086,-0.0518,0.0282,11.5854,-20.2439,9.0854
1574147153354.0,0.1149,-0.0483,0.0273,15.8537,-25.9756,7.0732
1574147153355.0,0.1254,-0.0447,0.0278,24.2073,-21.9512,10.061
1574147153356.0,0.127,-0.0453,0.0296,29.878,-10.4878,14.1463
1574147153357.0,0.12,-0.0469,0.0344,32.378,3.5976,14.5122
1574147153399.0,0.1104,-0.0457,0.0402,34.939,14.2683,11.8293
1574147153400.0,0.1069,-0.0433,0.0461,36.8293,21.4024,10.122
1574147153401.0,0.1044,-0.0392,0.0535,37.7439,24.6341,11.4024
1574147153401.0,0.0975,-0.0364,0.0487,37.439,21.9512,14.6951
1574147153402.0,0.0922,-0.0383,0.039,35.122,15.122,14.7561
1574147153444.0,0.0957,-0.038,0.0366,33.6585,6.5854,13.2927
1574147153445.0,0.109,-0.038,0.0377,33.6585,0.9756,14.6951
1574147153446.0,0.1212,-0.0356,0.0524,32.1341,0.8537,18.0488
1574147153446.0,0.1229,-0.0308,0.0698,30.6707,6.0366,19.939
1574147153489.0,0.1137,-0.0325,0.0762,29.0244,13.0488,18.4146
1574147153490.0,0.098,-0.0338,0.0674,22.8659,13.2927,15.2439
1574147153491.0,0.088,-0.0331,0.0566,20.2439,6.0976,13.4146
1574147153492.0,0.0886,-0.0349,0.053,16.2195,-10.6098,10.061
1574147153492.0,0.0964,-0.035,0.0609,11.3415,-32.8049,4.878
1574147153534.0,0.1081,-0.0306,0.0707,7.561,-52.2561,2.8049
1574147153535.0,0.1161,-0.0312,0.0692,4.7561,-66.4634,4.3293
1574147153536.0,0.1203,-0.0345,0.0658,-0.6707,-74.1463,8.0488
1574147153579.0,0.1155,-0.0368,0.0616,-2.0122,-69.5732,12.1951
1574147153580.0,0.1033,-0.0415,0.0557,-2.561,-58.7195,11.7683
1574147153581.0,0.0885,-0.0411,0.0588,-4.6341,-51.5854,7.561
1574147153581.0,0.0851,-0.037,0.0597,-3.9024,-48.9634,6.4024
1574147153582.0,0.0892,-0.0377,0.0435,-5.4878,-49.3293,8.2317
1574147153584.0,0.1005,-0.0391,0.033,-8.9024,-60.2439,5.3659
1574147153624.0,0.1154,-0.0392,0.0349,-10.2439,-74.2683,3.5976
1574147153625.0,0.1286,-0.0457,0.0384,-12.622,-84.8781,3.2317
1574147153626.0,0.1365,-0.0489,0.0419,-17.1341,-85.4268,-0.8537
1574147153627.0,0.1321,-0.045,0.0468,-16.7073,-75.4268,-3.5366
1574147153628.0,0.1228,-0.0447,0.0448,-15.6707,-52.439,-4.2073
1574147153669.0,0.1127,-0.0432,0.0383,-15.6707,-29.7561,-6.3415
1574147153670.0,0.1084,-0.0391,0.0333,-14.5732,-20.6098,-6.4024
1574147153671.0,0.1062,-0.035,0.0333,-13.7195,-22.2561,-5.6707
1574147153672.0,0.1044,-0.0331,0.0326,-13.6585,-28.8415,-4.5122
1574147153714.0,0.1068,-0.0343,0.0289,-13.4146,-37.622,-2.9268
1574147153715.0,0.1192,-0.0405,0.0284,-13.0488,-46.8293,-2.561
1574147153716.0,0.1318,-0.0459,0.024,-14.2683,-59.8171,-3.2317
1574147153717.0,0.1244,-0.0427,0.0214,-15.5488,-67.7439,-3.6585
1574147153718.0,0.1124,-0.0396,0.0273,-12.3171,-68.1707,-6.0976
1574147153759.0,0.1147,-0.0409,0.0232,-12.8049,-67.7439,-10.9146
1574147153760.0,0.1146,-0.0433,0.0271,-13.4146,-75.2439,-9.8171
1574147153761.0,0.1165,-0.0445,0.0253,-15.2439,-88.5366,-8.8415
1574147153761.0,0.1165,-0.0427,0.012,-16.0976,-93.6585,-11.2195
1574147153804.0,0.1117,-0.0424,0.0032,-15.061,-91.0366,-13.2317
1574147153805.0,0.0992,-0.0453,0.0025,-13.1098,-92.0122,-16.6463
1574147153806.0,0.099,-0.0481,0.0001,-13.3537,-98.4756,-21.5854
1574147153807.0,0.1052,-0.05,-0.001,-12.6829,-108.0488,-24.5122
1574147153807.0,0.1179,-0.0523,-0.004,-13.5976,-114.8171,-25.6098
1574147153849.0,0.1332,-0.0549,-0.0082,-12.9268,-114.7561,-30.5488
1574147153850.0,0.1392,-0.0561,-0.0043,-10.7317,-108.9024,-33.6585
1574147153851.0,0.1481,-0.0534,-0.0146,-8.2927,-102.0732,-37.5
1574147153851.0,0.1552,-0.0532,-0.0218,-1.8293,-92.6829,-40.2439
1574147153894.0,0.1475,-0.0565,-0.0266,4.4512,-78.2927,-37.3171
1574147153895.0,0.1425,-0.0549,-0.0402,10.4268,-59.8171,-38.4146
1574147153896.0,0.1379,-0.0451,-0.0423,21.0976,-36.7073,-39.2683
1574147153897.0,0.1227,-0.0411,-0.0265,32.9878,-16.2195,-34.3902
1574147153897.0,0.1149,-0.0375,-0.0122,38.5976,-5.3049,-33.6585
1574147153939.0,0.1237,-0.0284,-0.0054,46.2805,-3.1098,-34.1463
1574147153940.0,0.126,-0.0269,-0.0004,53.7195,-4.1463,-26.6463
1574147153941.0,0.1212,-0.0314,0.0012,48.2317,-17.378,-24.0854
1574147153942.0,0.1263,-0.0358,-0.0028,41.0976,-36.7683,-25.0
1574147153942.0,0.1326,-0.0338,-0.0047,38.1098,-50.7927,-24.2683
1574147153984.0,0.1307,-0.0283,-0.0032,38.5366,-55.4878,-22.439
1574147153985.0,0.1265,-0.0264,-0.0037,38.1098,-51.6463,-22.1951
1574147153986.0,0.1225,-0.0243,-0.0022,33.8415,-42.7439,-23.6585
1574147153987.0,0.1232,-0.0236,0.0004,30.061,-35.7927,-23.3537
1574147154029.0,0.1323,-0.0189,0.0023,27.0732,-29.1463,-21.5854
1574147154030.0,0.1376,-0.0137,0.0046,27.2561,-19.1463,-13.9634
1574147154031.0,0.1289,-0.0143,0.0105,24.6341,-10.3049,-5.7317
1574147154032.0,0.1171,-0.013,0.0084,17.378,-6.0366,-2.439
1574147154032.0,0.1194,-0.0159,0.004,12.0732,-11.2195,2.622
1574147154074.0,0.1338,-0.0239,0.0037,6.5244,-22.9268,8.5976
1574147154074.0,0.1482,-0.024,0.0048,3.0488,-26.8293,9.8171
1574147154075.0,0.1511,-0.0255,-0.0032,4.0854,-18.8415,12.561
1574147154075.0,0.1503,-0.0268,-0.0089,0.3049,-3.3537,12.622
1574147154119.0,0.146,-0.0304,-0.0117,-3.1707,11.0366,13.4146
1574147154120.0,0.1407,-0.0296,-0.015,-5.4268,27.622,10.4878
1574147154121.0,0.1267,-0.0256,-0.0115,-1.4634,51.5244,6.4634
1574147154122.0,0.1152,-0.0225,-0.0016,-0.061,67.0732,7.9268
1574147154123.0,0.1204,-0.023,-0.001,0.122,71.4024,8.4146
1574147154164.0,0.1337,-0.0287,-0.0227,-0.6707,66.5854,9.3902
1574147154165.0,0.1292,-0.0288,-0.0077,-1.1585,64.0244,14.6951
1574147154166.0,0.1077,-0.0288,-0.0084,-1.4634,60.9756,16.2195
1574147154166.0,0.1141,-0.0318,-0.0137,-3.7195,55.3659,6.6463
1574147154209.0,0.1255,-0.0321,-0.0091,-2.5,45.8537,5.0
1574147154209.0,0.1238,-0.0283,-0.0004,0.7927,32.378,6.8293
1574147154210.0,0.1277,-0.0298,-0.001,3.7805,24.2073,3.5976
1574147154210.0,0.1366,-0.033,-0.0065,2.622,18.4146,3.0488
1574147154211.0,0.1431,-0.0382,-0.0116,1.4024,13.7195,7.561
1574147154254.0,0.1443,-0.0425,-0.0154,1.9512,15.2439,9.8171
1574147154254.0,0.1389,-0.0421,-0.02,5.4878,25.2439,10.9756
1574147154299.0,0.1318,-0.0379,-0.0217,11.6463,42.439,12.9878
1574147154300.0,0.1185,-0.0339,-0.0135,17.8049,60.0,14.3293
1574147154301.0,0.1092,-0.0333,-0.0044,19.6341,68.8415,15.7317
1574147154302.0,0.1045,-0.0328,-0.0008,19.0854,67.7439,15.5488
1574147154302.0,0.1024,-0.0315,0.0078,19.5122,55.3049,15.3659
1574147154303.0,0.11,-0.0322,0.0159,17.622,36.7073,15.2439
1574147154304.0,0.1169,-0.0349,0.02,14.3293,23.5366,12.8659
1574147154344.0,0.1208,-0.0329,0.0193,11.4634,18.5366,9.3902
1574147154345.0,0.1248,-0.0323,0.0162,11.4024,19.1463,8.1707
1574147154346.0,0.1339,-0.0386,0.0061,10.3659,20.4878,7.3171
1574147154347.0,0.1337,-0.0385,0.0023,10.4268,31.3415,6.2195
1574147154347.0,0.122,-0.0383,-0.0001,13.2317,53.6585,6.6463
1574147154389.0,0.1148,-0.0328,0.0054,16.8293,77.7439,1.2195
1574147154390.0,0.1163,-0.0361,0.0082,21.0976,91.2195,3.9024
1574147154391.0,0.1133,-0.0427,0.0106,17.561,89.5732,8.2317
1574147154392.0,0.1061,-0.0416,0.0164,17.9268,79.1463,7.1341
1574147154434.0,0.1107,-0.0364,0.025,22.0122,65.4268,4.4512
1574147154435.0,0.1138,-0.0356,0.0375,23.2927,53.5366,5.1829
1574147154436.0,0.1163,-0.0374,0.0468,19.878,42.8659,5.1829
1574147154437.0,0.1309,-0.038,0.0393,16.8293,38.1098,4.2073
1574147154439.0,0.1515,-0.0406,0.0266,17.0732,41.4634,7.561
1574147154479.0,0.1599,-0.0405,0.0165,16.9512,57.5,14.0244
1574147154479.0,0.1526,-0.0411,0.0153,19.2683,84.8781,16.7683
1574147154480.0,0.1364,-0.0418,0.025,20.8537,112.9878,15.061
1574147154480.0,0.1217,-0.0378,0.035,23.5366,135.9756,11.7683
1574147154524.0,0.1021,-0.038,0.0373,26.4634,149.1463,12.561
1574147154524.0,0.0907,-0.0416,0.0475,25.122,142.8049,15.2439
1574147154525.0,0.0898,-0.0428,0.0506,22.2561,119.0854,13.9634
1574147154525.0,0.0944,-0.0457,0.0482,19.0854,90.0,14.5122
1574147154526.0,0.1055,-0.0433,0.0463,16.9512,63.2927,13.4756
1574147154569.0,0.1229,-0.0432,0.0472,16.8293,42.8049,11.5244
1574147154570.0,0.1345,-0.0425,0.0543,16.2195,31.7683,11.1585
1574147154570.0,0.129,-0.0363,0.0626,16.6463,32.1951,10.8537
1574147154571.0,0.1063,-0.0306,0.0697,17.1341,45.6707,7.3171
1574147154614.0,0.0887,-0.0289,0.0711,14.6951,61.2805,4.2683
1574147154615.0,0.0843,-0.0297,0.0682,11.2805,62.2561,5.3659
1574147154616.0,0.0842,-0.0317,0.0698,6.7683,45.5488,7.561
1574147154617.0,0.0831,-0.0346,0.0715,0.3049,18.5366,5.7317
1574147154618.0,0.0887,-0.0347,0.0651,-7.1951,-10.2439,0.7927
1574147154659.0,0.0983,-0.0317,0.0582,-10.6707,-29.2073,-2.1341
1574147154660.0,0.1064,-0.0296,0.0546,-11.0366,-34.8171,-0.5488
1574147154661.0,0.1099,-0.0284,0.0505,-12.1341,-32.5,1.6463
1574147154662.0,0.1169,-0.0304,0.0473,-13.1098,-30.4268,2.6829
1574147154662.0,0.1282,-0.0355,0.0448,-13.1098,-31.4634,2.2561
1574147154704.0,0.1323,-0.0376,0.042,-12.561,-29.878,1.2805
1574147154705.0,0.1381,-0.0418,0.0427,-10.0,-26.7073,0.5488
1574147154706.0,0.144,-0.0375,0.046,-8.1098,-20.8537,-0.8537
1574147154706.0,0.1357,-0.0304,0.0338,-3.7195,-7.378,-1.7073
1574147154749.0,0.1245,-0.0294,0.0256,-1.1585,7.622,-1.6463
1574147154750.0,0.1155,-0.028,0.028,1.7073,17.9268,-0.4878
1574147154751.0,0.1075,-0.0276,0.0404,5.1829,23.0488,3.9024
1574147154752.0,0.1093,-0.0349,0.0633,5.4268,20.7927,6.2195
1574147154753.0,0.1129,-0.0373,0.0733,1.4024,14.2683,5.9146
1574147154794.0,0.1121,-0.0327,0.0819,0.2439,13.9024,7.8049
1574147154795.0,0.1228,-0.0315,0.0712,0.4268,19.1463,7.0732
1574147154796.0,0.1273,-0.0339,0.0635,-1.5244,25.3659,6.4634
1574147154797.0,0.115,-0.0322,0.0544,-5.5488,31.7683,10.5488
1574147154839.0,0.1027,-0.0327,0.041,-5.9146,37.7439,10.4268
1574147154840.0,0.1036,-0.034,0.0373,-5.8537,30.9756,9.0854
1574147154841.0,0.1104,-0.0357,0.046,-5.3049,15.6098,9.8171
1574147154841.0,0.1162,-0.0411,0.048,-6.5854,4.1463,10.9146
1574147154842.0,0.1169,-0.0442,0.0525,-7.8049,2.378,10.1829
1574147154884.0,0.1097,-0.0414,0.0569,-8.1098,6.7683,10.5488
1574147154885.0,0.1017,-0.0383,0.0577,-8.7195,13.0488,10.4878
1574147154886.0,0.0933,-0.037,0.0563,-11.4024,14.7561,10.4268
1574147154886.0,0.0871,-0.0352,0.0571,-14.0244,8.2317,10.7927
1574147154929.0,0.0924,-0.0347,0.0538,-16.3415,-4.7561,10.7317
1574147154930.0,0.1082,-0.0364,0.0555,-17.2561,-21.8902,8.2317
1574147154931.0,0.1173,-0.0377,0.0618,-18.9634,-35.8537,5.6098
1574147154932.0,0.1098,-0.038,0.0616,-19.2683,-32.8659,1.2195
1574147154933.0,0.1089,-0.0381,0.0567,-16.7073,-18.4756,-4.0854
1574147154974.0,0.1138,-0.0389,0.0555,-16.7683,-9.878,-5.9756
1574147154975.0,0.1198,-0.0402,0.0526,-20.7317,-12.622,-4.7561
1574147154976.0,0.1218,-0.0362,0.0516,-23.5976,-21.2805,-2.9268
1574147154977.0,0.1227,-0.0331,0.0386,-23.0488,-30.8537,-0.4878
1574147155019.0,0.1281,-0.037,0.0333,-21.5244,-35.1829,0.8537
1574147155020.0,0.1323,-0.0435,0.0393,-20.6098,-36.1585,3.9024
1574147155021.0,0.1318,-0.0494,0.0448,-21.2195,-32.9878,5.3659
1574147155021.0,0.1254,-0.0506,0.0435,-20.061,-23.7195,6.0366
1574147155022.0,0.1187,-0.053,0.0369,-17.9878,-13.5366,8.4756
1574147155064.0,0.1129,-0.0526,0.0291,-17.8049,-6.1585,10.1829
1574147155065.0,0.1183,-0.0503,0.0321,-14.6341,-2.439,9.2683
1574147155065.0,0.1305,-0.0504,0.0377,-12.3171,-5.122,9.8171
1574147155065.0,0.1245,-0.0449,0.0481,-12.6829,-1.0976,10.3659
1574147155066.0,0.1105,-0.0422,0.0501,-10.061,14.5732,8.5366
1574147155109.0,0.1003,-0.0432,0.0523,-10.6707,29.5122,4.8171
1574147155109.0,0.095,-0.0403,0.0579,-14.6951,34.5122,5.3659
1574147155110.0,0.0967,-0.037,0.0613,-15.9146,29.6951,5.5488
1574147155110.0,0.1087,-0.0377,0.0603,-19.3902,19.939,3.9024
1574147155154.0,0.1155,-0.0366,0.0531,-23.3537,10.1829,5.6098
1574147155155.0,0.1113,-0.0371,0.0457,-24.5732,7.7439,10.3049
1574147155156.0,0.1,-0.0384,0.0441,-25.3659,9.4512,11.7073
1574147155157.0,0.1063,-0.0394,0.0386,-27.439,4.0854,7.9878
1574147155157.0,0.1352,-0.0445,0.0352,-28.0488,-11.0366,7.1951
1574147155199.0,0.1492,-0.0451,0.0455,-28.0488,-21.3415,10.1829
1574147155200.0,0.144,-0.0412,0.0488,-26.8293,-9.6951,9.878
1574147155201.0,0.1365,-0.0392,0.0477,-24.0244,18.4146,8.2317
1574147155201.0,0.1204,-0.037,0.044,-23.2317,43.0488,11.0366
1574147155289.0,0.1037,-0.0417,0.0375,-24.0854,55.4878,12.378
1574147155289.0,0.1014,-0.0492,0.0353,-27.1951,54.8781,9.0854
1574147155290.0,0.0972,-0.0547,0.0375,-30.061,40.8537,6.2805
1574147155290.0,0.0895,-0.0576,0.0349,-31.0366,27.6829,2.561
1574147155291.0,0.0901,-0.0576,0.0379,-27.439,26.8902,-1.0366
1574147155292.0,0.0961,-0.0586,0.0355,-21.9512,29.2073,-0.7927
1574147155293.0,0.1196,-0.0618,0.0309,-18.3537,27.1341,0.9756
1574147155293.0,0.132,-0.0674,0.0353,-11.5854,28.7195,4.5122
1574147155294.0,0.1205,-0.069,0.0331,-8.2317,42.1341,4.5732
1574147155294.0,0.0984,-0.0621,0.0348,-1.5854,66.2805,1.5244
1574147155334.0,0.0805,-0.0602,0.0421,7.9268,82.439,0.4268
1574147155335.0,0.0728,-0.0586,0.0467,11.4024,80.122,-5.4268
1574147155335.0,0.0718,-0.0569,0.0545,10.9146,63.4146,-7.378
1574147155336.0,0.072,-0.0536,0.0541,9.3293,40.1829,-7.561
1574147155379.0,0.0745,-0.0529,0.0464,9.5122,17.5,-8.2927
1574147155380.0,0.0854,-0.0532,0.0415,9.0244,-2.9878,-7.378
1574147155381.0,0.0995,-0.0555,0.031,8.2317,-21.5244,-3.9024
1574147155382.0,0.1121,-0.0587,0.0312,10.3659,-28.9634,-0.2439
1574147155382.0,0.1276,-0.0601,0.0485,13.2317,-28.5976,1.0366
1574147155424.0,0.1397,-0.0566,0.0518,11.8902,-25.061,-0.6098
1574147155425.0,0.1304,-0.0608,0.058,9.5732,-9.939,4.6341
1574147155426.0,0.1068,-0.0549,0.063,6.5854,19.878,1.5244
1574147155426.0,0.0864,-0.0508,0.0615,9.939,49.8781,-4.7561
1574147155469.0,0.0809,-0.0504,0.0647,7.378,58.4756,-3.9634
1574147155470.0,0.0785,-0.0477,0.0639,4.0854,51.5244,-3.7195
1574147155471.0,0.0738,-0.0477,0.0562,1.0366,41.5854,-2.439
1574147155472.0,0.0669,-0.0506,0.0539,-0.061,30.7927,-3.1098
1574147155472.0,0.0679,-0.0527,0.0564,-1.4024,12.1341,-6.0366
1574147155514.0,0.0771,-0.049,0.0607,-3.9024,-9.878,-10.0
1574147155515.0,0.0877,-0.0477,0.0613,-4.3902,-25.2439,-13.7195
1574147155516.0,0.0956,-0.0502,0.056,-4.4512,-28.1098,-17.7439
1574147155517.0,0.0996,-0.0526,0.0558,-4.0854,-22.1341,-20.0
1574147155559.0,0.1025,-0.0535,0.0554,-2.8659,-14.4512,-23.2927
1574147155560.0,0.0967,-0.0523,0.0562,-1.1585,-0.2439,-29.0244
1574147155561.0,0.0788,-0.0486,0.056,0.4268,16.2195,-32.622
1574147155562.0,0.0735,-0.0511,0.0491,2.378,21.3415,-36.6463
1574147155563.0,0.0829,-0.0568,0.0535,1.7683,8.4756,-43.8415
1574147155604.0,0.0881,-0.0508,0.0657,-4.878,-17.2561,-50.122
1574147155605.0,0.0918,-0.0353,0.0747,-10.4268,-32.1951,-58.0488
1574147155606.0,0.1032,-0.0251,0.0771,-13.1098,-29.4512,-60.5488
1574147155607.0,0.1096,-0.0229,0.0698,-18.9634,-22.439,-58.0488
1574147155649.0,0.1049,-0.0189,0.0739,-23.2317,-21.0976,-59.0244
1574147155650.0,0.0976,-0.0154,0.0819,-25.8537,-26.7683,-60.6707
1574147155651.0,0.0978,-0.0153,0.084,-30.6707,-37.7439,-61.6463
1574147155652.0,0.1097,-0.0117,0.075,-36.4634,-57.1951,-61.4024
1574147155652.0,0.1306,-0.0063,0.0714,-40.9146,-81.3415,-57.5
1574147155694.0,0.1445,-0.0068,0.0712,-50.5488,-103.6585,-51.4024
1574147155695.0,0.1368,-0.0148,0.0593,-63.6585,-116.7073,-42.6829
