0,1,2,3,4,5,6
1574147082790.0,0.1243,-0.021,0.0499,16.7073,37.8049,-21.8902
1574147082790.0,0.1263,-0.0186,0.0547,15.7927,35.6707,-21.0366
1574147082791.0,0.1268,-0.0142,0.0583,15.3659,33.1098,-18.9634
1574147082791.0,0.1317,-0.0112,0.0633,14.5732,30.3659,-16.8902
1574147082835.0,0.1301,-0.0089,0.0596,11.9512,28.4146,-14.2073
1574147082835.0,0.122,-0.0049,0.0512,10.7317,24.4512,-9.7561
1574147082836.0,0.123,0.001,0.0469,11.2195,14.2073,-6.5854
1574147082837.0,0.132,0.0035,0.0394,12.3171,-7.2561,1.0366
1574147082837.0,0.1441,0.0068,0.0367,8.0488,-34.2073,13.7195
1574147082880.0,0.1476,0.015,0.0417,7.8049,-42.8049,20.4878
1574147082881.0,0.1469,0.0213,0.0493,8.7195,-34.0244,28.2317
1574147082881.0,0.1482,0.0197,0.0572,9.2683,-21.1585,43.1707
1574147082882.0,0.1529,0.0123,0.0642,9.8171,-10.1829,55.5488
1574147082925.0,0.156,0.0066,0.0677,8.7805,5.7927,62.7439
1574147082925.0,0.1542,0.0029,0.0695,7.0122,23.3537,70.7927
1574147082926.0,0.1487,0.0004,0.0657,4.7561,33.6585,79.7561
1574147082926.0,0.1403,-0.0012,0.057,1.4024,34.6951,87.7439
1574147082927.0,0.1295,-0.0042,0.0499,-1.5244,24.2073,92.1341
1574147082970.0,0.1199,-0.0085,0.0422,-6.2805,2.6829,93.4146
1574147082971.0,0.1136,-0.0103,0.0355,-10.7317,-20.9756,94.0854
1574147082971.0,0.1222,-0.0121,0.0339,-13.2317,-41.4634,93.9024
1574147082971.0,0.1296,-0.0121,0.0323,-14.939,-56.2195,92.439
1574147083015.0,0.1269,-0.0129,0.0289,-15.7317,-65.3659,92.1951
1574147083016.0,0.1242,-0.0168,0.0287,-12.9878,-66.4024,90.7317
1574147083017.0,0.1231,-0.0195,0.0272,-10.1829,-61.9512,90.0
1574147083018.0,0.1196,-0.022,0.0255,-7.622,-55.6707,92.8659
1574147083020.0,0.1126,-0.0269,0.0268,-2.1951,-46.6463,93.9634
1574147083060.0,0.1039,-0.0295,0.0293,2.1951,-35.4268,91.0976
1574147083060.0,0.0945,-0.0286,0.0314,4.2073,-29.5732,88.8415
1574147083061.0,0.0927,-0.0311,0.0314,6.6463,-32.1951,87.561
1574147083061.0,0.0931,-0.0356,0.0315,6.3415,-37.2561,84.0244
1574147083062.0,0.0919,-0.0391,0.032,4.5732,-41.9512,79.4512
1574147083105.0,0.091,-0.0402,0.0319,3.5366,-45.5488,75.6098
1574147083105.0,0.0886,-0.0391,0.0323,3.9634,-47.0732,70.9146
1574147083106.0,0.0874,-0.0369,0.0322,2.9878,-49.7561,66.7683
1574147083106.0,0.0911,-0.0377,0.0289,-0.4268,-52.622,63.5976
1574147083150.0,0.09,-0.0397,0.0254,-3.4146,-55.3659,57.7439
1574147083150.0,0.0883,-0.0439,0.0245,-6.6463,-61.2805,53.1098
1574147083151.0,0.089,-0.0482,0.0234,-11.1585,-68.5976,50.3049
1574147083152.0,0.086,-0.0518,0.0195,-15.7927,-79.3293,45.3049
1574147083152.0,0.0894,-0.0556,0.015,-21.1585,-82.0732,40.4268
1574147083195.0,0.0967,-0.0572,0.0189,-23.0488,-77.439,36.7683
1574147083196.0,0.1014,-0.0576,0.0208,-23.3537,-69.6951,29.878
1574147083197.0,0.0931,-0.0579,0.0241,-23.1098,-58.0488,24.0244
1574147083198.0,0.0826,-0.0582,0.0219,-24.5122,-52.3781,20.5488
1574147083240.0,0.0732,-0.058,0.0161,-25.3049,-55.061,16.5244
1574147083241.0,0.0714,-0.0625,0.0112,-25.9756,-69.3902,14.878
1574147083242.0,0.0796,-0.0694,0.0064,-28.3537,-92.5,13.7805
1574147083243.0,0.0898,-0.0734,0.0043,-31.8902,-116.0976,11.0976
1574147083243.0,0.0978,-0.0736,0.0087,-34.1463,-136.7073,6.2805
1574147083285.0,0.1006,-0.0718,0.0147,-36.0366,-154.2073,2.2561
1574147083286.0,0.0974,-0.0693,0.0178,-39.5732,-167.8049,1.1585
1574147083286.0,0.0972,-0.0692,0.0195,-43.3537,-176.0976,1.8293
1574147083287.0,0.097,-0.072,0.0076,-49.3293,-182.9268,1.2195
1574147083330.0,0.0992,-0.0727,-0.0115,-57.8049,-195.5488,-1.5244
1574147083331.0,0.1146,-0.0772,-0.0136,-67.5,-210.3659,-3.1707
1574147083375.0,0.1133,-0.0835,-0.0206,-74.4512,-220.3659,-5.8537
1574147083420.0,0.1161,-0.0865,-0.0289,-77.6829,-226.1585,-8.2317
1574147083421.0,0.1185,-0.0864,-0.0301,-77.1951,-214.939,-8.1098
1574147083423.0,0.1133,-0.0851,-0.0366,-73.7805,-193.0488,-9.0244
1574147083424.0,0.0989,-0.0844,-0.0444,-68.6585,-167.9268,-13.3537
1574147083424.0,0.0855,-0.082,-0.0555,-64.2073,-153.4756,-19.7561
1574147083425.0,0.0841,-0.0756,-0.0585,-60.8537,-155.2439,-22.439
1574147083425.0,0.0959,-0.0715,-0.0536,-59.2683,-172.0122,-24.939
1574147083426.0,0.1104,-0.068,-0.0517,-57.622,-189.2073,-29.3902
1574147083426.0,0.1136,-0.0675,-0.0462,-56.4634,-197.1342,-32.0122
1574147083427.0,0.1179,-0.0635,-0.0377,-55.9756,-193.7805,-35.4878
1574147083465.0,0.1089,-0.0618,-0.0465,-53.7195,-173.2317,-40.9756
1574147083466.0,0.0997,-0.0636,-0.0615,-55.4878,-149.0854,-41.1585
1574147083466.0,0.106,-0.066,-0.0744,-56.1585,-133.5366,-39.2073
1574147083467.0,0.11,-0.0669,-0.0855,-54.0244,-116.8293,-39.0244
1574147083510.0,0.1061,-0.0668,-0.0944,-49.5122,-94.5732,-37.378
1574147083510.0,0.1052,-0.0681,-0.095,-44.0244,-67.561,-36.7683
1574147083511.0,0.1095,-0.0648,-0.088,-37.1951,-35.7927,-35.7927
1574147083511.0,0.1157,-0.0648,-0.0901,-29.2073,-4.7561,-36.8902
1574147083512.0,0.1134,-0.062,-0.0865,-24.2073,22.9268,-37.378
1574147083513.0,0.1019,-0.0568,-0.0764,-17.2561,37.9878,-28.4756
1574147083555.0,0.0845,-0.0533,-0.0685,-11.8293,42.6829,-20.4878
1574147083556.0,0.0747,-0.0532,-0.0682,-10.4878,42.622,-20.3049
1574147083557.0,0.0861,-0.0581,-0.0721,-11.8293,38.0488,-21.2195
1574147083557.0,0.1028,-0.0594,-0.0766,-13.5366,28.1707,-17.6829
1574147083558.0,0.1125,-0.0597,-0.0831,-12.439,16.5244,-12.0122
1574147083600.0,0.113,-0.0607,-0.0847,-10.0,9.3902,-8.9024
1574147083601.0,0.1088,-0.0595,-0.0828,-6.2805,9.3293,-7.1951
1574147083602.0,0.105,-0.0587,-0.0801,-0.9756,15.4268,-5.9146
1574147083603.0,0.1035,-0.0579,-0.0758,3.7805,25.122,-5.6098
1574147083645.0,0.105,-0.0566,-0.072,8.4756,37.7439,-5.3049
1574147083646.0,0.1024,-0.056,-0.0669,14.1463,55.2439,-4.5122
1574147083646.0,0.0976,-0.0535,-0.0642,19.878,73.3537,-3.7195
1574147083647.0,0.0998,-0.0548,-0.0675,25.6707,88.3537,-3.8415
1574147083690.0,0.1019,-0.0573,-0.0717,29.5122,98.5976,-3.2317
1574147083691.0,0.105,-0.0595,-0.0713,33.7195,104.1463,-2.1341
1574147083692.0,0.104,-0.0575,-0.0682,37.2561,107.8049,-4.878
1574147083693.0,0.1011,-0.0559,-0.0651,40.6707,106.2195,-7.8659
1574147083693.0,0.1025,-0.0554,-0.0612,41.7683,98.5366,-10.3049
1574147083694.0,0.1057,-0.0541,-0.0576,42.622,88.2317,-12.6829
1574147083735.0,0.108,-0.0537,-0.0511,43.5976,79.8171,-14.6341
1574147083736.0,0.1052,-0.0508,-0.0499,43.3537,75.6707,-17.7439
1574147083737.0,0.1018,-0.048,-0.0541,42.9878,77.9268,-19.5732
1574147083738.0,0.1011,-0.0532,-0.048,43.7195,91.5854,-22.378
1574147083780.0,0.0917,-0.0571,-0.045,43.7805,113.2317,-25.9146
1574147083781.0,0.0905,-0.0526,-0.0391,45.3049,128.8415,-26.8293
1574147083782.0,0.0987,-0.0472,-0.0305,51.1585,135.9756,-27.8049
1574147083785.0,0.1136,-0.0457,-0.0311,51.5854,136.2805,-27.0122
1574147083786.0,0.1277,-0.0439,-0.0248,48.4756,132.6829,-28.6585
1574147083825.0,0.1377,-0.043,-0.0179,48.6585,128.3537,-29.2683
1574147083826.0,0.1302,-0.0446,-0.0075,48.9024,130.1829,-27.9878
1574147083827.0,0.1202,-0.0494,-0.0064,44.5122,134.6342,-26.5854
1574147083828.0,0.1175,-0.0486,-0.0101,40.7317,148.2927,-26.5244
1574147083870.0,0.1223,-0.0477,-0.0118,41.5244,159.3902,-25.4878
1574147083872.0,0.1314,-0.0513,-0.0151,41.1585,167.6829,-24.1463
1574147083873.0,0.1354,-0.053,-0.0176,41.0366,181.5244,-22.9268
1574147083874.0,0.1306,-0.0522,-0.0199,44.2073,195.6707,-18.9634
1574147083874.0,0.1212,-0.047,-0.0126,47.5,200.5488,-12.9878
1574147083915.0,0.116,-0.04,-0.0021,49.8781,190.061,-7.3171
1574147083916.0,0.1157,-0.0383,0.0044,50.9756,170.0,-4.6341
1574147083917.0,0.1158,-0.0416,0.012,49.4512,145.1829,-3.9634
1574147083918.0,0.1111,-0.0417,0.0148,47.8659,118.1098,-3.0488
1574147083960.0,0.1144,-0.0397,0.0175,47.8659,88.8415,-0.122
1574147083961.0,0.1241,-0.0407,0.0268,44.4512,60.6707,2.0732
1574147083962.0,0.1282,-0.0434,0.0344,37.622,43.1098,2.9878
1574147083963.0,0.1251,-0.0455,0.037,33.0488,43.5366,2.378
1574147083964.0,0.1193,-0.0448,0.0392,32.378,58.4146,-0.3049
1574147084005.0,0.1177,-0.0385,0.0361,34.4512,79.2073,-1.8902
1574147084006.0,0.1179,-0.0346,0.0335,35.9756,96.8902,-1.6463
1574147084007.0,0.1137,-0.037,0.0317,33.0488,109.3293,-2.378
1574147084008.0,0.1082,-0.0389,0.0311,32.0732,121.4634,-4.0244
1574147084050.0,0.1048,-0.0344,0.0346,34.6951,126.5854,-6.1585
1574147084095.0,0.1011,-0.0272,0.0397,35.9756,114.7561,-6.2195
1574147084140.0,0.1053,-0.0272,0.0445,33.1098,87.5,-5.2439
1574147084141.0,0.1102,-0.0313,0.0495,27.9878,59.3902,-7.7439
1574147084141.0,0.1128,-0.0349,0.0515,23.4756,39.1463,-9.939
1574147084142.0,0.1173,-0.0361,0.0497,22.5,29.7561,-11.3415
1574147084143.0,0.1221,-0.035,0.0477,21.6463,30.3049,-13.8415
1574147084143.0,0.1315,-0.0333,0.0472,18.4146,38.2317,-14.3293
1574147084144.0,0.1377,-0.0323,0.0463,15.9146,53.7805,-14.939
1574147084145.0,0.1336,-0.0309,0.0463,15.0,77.0732,-16.1585
1574147084146.0,0.1248,-0.0281,0.0475,17.3171,103.1707,-15.6098
1574147084147.0,0.1182,-0.026,0.0514,21.3415,121.4024,-14.0854
1574147084185.0,0.1117,-0.0273,0.0582,20.6707,129.5122,-11.4634
1574147084186.0,0.1025,-0.0282,0.0661,17.8049,133.9024,-6.3415
1574147084187.0,0.0986,-0.0292,0.0672,18.9024,135.1219,-4.5732
1574147084187.0,0.1041,-0.0299,0.0646,20.122,122.7439,-6.5854
1574147084188.0,0.1136,-0.032,0.0648,18.4146,98.4756,-4.2683
1574147084188.0,0.1212,-0.0352,0.0647,13.4756,72.1341,-1.8902
1574147084189.0,0.1172,-0.0348,0.0664,11.0976,55.2439,-2.3171
1574147084320.0,0.1049,-0.0352,0.0665,11.5854,45.9756,-2.8049
1574147084320.0,0.0999,-0.0349,0.0682,12.8049,35.6707,-4.3902
1574147084321.0,0.1026,-0.0341,0.073,11.8293,22.2561,-2.561
1574147084321.0,0.1106,-0.0376,0.0773,7.5,12.8049,-0.6098
1574147084322.0,0.114,-0.0385,0.0787,4.6341,14.2073,-1.4024
1574147084323.0,0.1089,-0.041,0.0745,2.7439,20.6098,-3.1707
1574147084323.0,0.0949,-0.0401,0.0687,2.622,33.7195,-3.8415
1574147084324.0,0.0854,-0.0375,0.0677,5.9756,44.4512,-4.0854
1574147084325.0,0.0842,-0.0399,0.0734,4.3902,44.7561,-3.4756
1574147084325.0,0.0934,-0.0435,0.0814,-0.061,37.7439,-2.7439
1574147084365.0,0.1053,-0.0463,0.0795,-2.0732,36.4024,-3.3537
1574147084366.0,0.0978,-0.0453,0.0701,0.061,44.6951,-1.4024
1574147084367.0,0.0886,-0.046,0.0618,4.0854,50.6707,-1.2195
1574147084368.0,0.0863,-0.0416,0.0552,7.9268,51.8902,-4.7561
1574147084369.0,0.0894,-0.037,0.0578,11.7073,44.6951,-3.5366
1574147084370.0,0.0912,-0.0383,0.0521,11.4024,34.939,-0.4268
1574147084370.0,0.0945,-0.0364,0.051,15.2439,27.378,0.9756
1574147084371.0,0.1077,-0.0379,0.0566,20.3049,21.9512,2.9878
1574147084410.0,0.1158,-0.0361,0.0656,22.0122,21.4024,5.4268
1574147084411.0,0.1123,-0.0296,0.0742,27.2561,30.3659,8.1707
1574147084412.0,0.0958,-0.0234,0.0764,32.0122,42.561,8.1707
1574147084412.0,0.087,-0.0209,0.0761,33.1098,45.3659,4.939
1574147084413.0,0.0856,-0.0195,0.0748,31.3415,38.9634,3.1098
1574147084455.0,0.0859,-0.0195,0.075,28.2927,26.4024,3.4756
1574147084456.0,0.0916,-0.0194,0.074,25.3049,12.0122,2.8659
1574147084457.0,0.1006,-0.0171,0.0747,24.6341,-0.9146,1.0976
1574147084458.0,0.1091,-0.0154,0.0803,22.7439,-7.0122,-0.7927
1574147084500.0,0.1068,-0.0156,0.089,18.5366,0.4268,-2.8049
1574147084501.0,0.1022,-0.017,0.0978,15.5488,21.7073,-3.6585
1574147084502.0,0.1072,-0.0148,0.1058,14.6341,47.622,-3.5366
1574147084502.0,0.1113,-0.0145,0.1049,12.8659,67.5,-2.1951
1574147084503.0,0.0986,-0.015,0.0942,11.8902,84.1463,-0.7927
1574147084545.0,0.0759,-0.0154,0.0812,14.2683,96.0366,-3.1098
1574147084546.0,0.0596,-0.0159,0.066,16.4634,94.3902,-8.2927
1574147084546.0,0.0703,-0.0181,0.0779,18.8415,73.4146,-10.7927
1574147084547.0,0.1096,-0.0167,0.1114,16.0976,39.8171,-8.6585
1574147084590.0,0.1265,-0.0145,0.1229,6.4024,7.1341,1.7683
1574147084590.0,0.12,-0.0298,0.113,-8.4146,-7.7439,4.3293
1574147084591.0,0.1009,-0.0314,0.0999,-5.9756,18.5366,-3.7195
1574147084592.0,0.0905,-0.0291,0.0929,0.5488,45.2439,-0.4268
1574147084592.0,0.087,-0.0252,0.0958,-2.1341,47.9268,2.9268
1574147084635.0,0.0889,-0.0219,0.1004,-7.1341,42.0732,0.9146
1574147084635.0,0.0899,-0.0231,0.101,-10.122,35.9756,0.0
1574147084636.0,0.0875,-0.0277,0.0972,-10.4878,32.7439,1.1585
1574147084637.0,0.0881,-0.03,0.0899,-7.5,37.3171,2.378
1574147084680.0,0.0856,-0.0297,0.0867,-4.2073,44.5732,3.2317
1574147084681.0,0.0787,-0.0273,0.0895,-1.6463,50.3049,2.1951
1574147084682.0,0.0703,-0.0264,0.0898,-1.5854,55.122,1.2805
1574147084682.0,0.0615,-0.0256,0.0912,-1.8293,61.0976,2.0732
1574147084683.0,0.0557,-0.0211,0.0958,0.9756,64.6951,3.7805
1574147084725.0,0.0657,-0.0223,0.0988,0.7927,57.2561,0.2439
1574147084726.0,0.0831,-0.021,0.1028,-1.7073,45.3659,-5.3049
1574147084727.0,0.0884,-0.021,0.1061,-2.9878,42.378,-5.7927
1574147084727.0,0.0826,-0.0192,0.1025,-3.1098,49.6951,-4.5122
1574147084728.0,0.0765,-0.0181,0.1001,-1.7073,55.5488,-3.9634
1574147084770.0,0.077,-0.0203,0.0991,-0.9146,49.8171,-4.6951
1574147084771.0,0.0809,-0.0187,0.0988,-0.9146,32.8659,-1.2805
1574147084772.0,0.0836,-0.0179,0.101,-1.7073,10.8537,2.8049
1574147084772.0,0.0859,-0.0204,0.1017,-3.4756,-10.122,5.7317
1574147084815.0,0.0986,-0.0229,0.0995,-2.9268,-22.6829,9.7561
1574147084816.0,0.1077,-0.0211,0.0934,-0.7927,-21.2195,15.061
1574147084816.0,0.0929,-0.0214,0.0901,4.7561,-3.9024,19.5122
1574147084817.0,0.0785,-0.0236,0.0844,13.0488,19.878,20.9756
1574147084818.0,0.0798,-0.0256,0.0812,20.4268,30.4878,22.8659
1574147084860.0,0.0714,-0.0283,0.0828,23.4756,23.0488,25.6707
1574147084861.0,0.0582,-0.0342,0.0836,27.0732,11.6463,26.8902
1574147084862.0,0.053,-0.0421,0.0828,29.0244,-3.1707,27.439
1574147084862.0,0.0616,-0.049,0.079,29.3293,-23.7195,27.8049
1574147084905.0,0.0803,-0.0487,0.0818,30.5488,-44.4512,28.4756
1574147084906.0,0.0854,-0.0463,0.0974,32.1341,-58.6585,28.5366
1574147084907.0,0.0745,-0.0482,0.113,30.4268,-52.9878,24.7561
1574147084908.0,0.0644,-0.0408,0.1195,30.122,-22.9268,21.7073
1574147084909.0,0.0607,-0.0291,0.121,27.9268,9.6341,19.8171
1574147084950.0,0.0566,-0.0225,0.1227,22.1951,28.9024,13.7805
1574147084951.0,0.0533,-0.0183,0.1216,14.939,37.2561,6.0976
1574147084952.0,0.0551,-0.0124,0.1146,8.7195,38.3537,-0.9146
1574147084953.0,0.0592,-0.0115,0.1104,3.1707,31.0976,-8.6585
1574147084995.0,0.0615,-0.0162,0.1099,-2.9878,24.0244,-14.7561
1574147084996.0,0.0653,-0.0177,0.1065,-7.7439,26.2805,-17.622
1574147084997.0,0.0723,-0.0154,0.1034,-11.6463,37.2561,-20.9756
1574147084998.0,0.0756,-0.0151,0.1035,-15.2439,53.2927,-25.3049
1574147084999.0,0.0778,-0.0037,0.1022,-14.6341,68.9024,-28.5366
1574147085040.0,0.0784,0.0005,0.1039,-13.9024,72.1341,-28.5366
1574147085041.0,0.071,-0.0032,0.1154,-16.0366,59.939,-32.1341
1574147085042.0,0.0682,-0.006,0.1098,-17.1951,47.7439,-28.9024
1574147085043.0,0.0724,-0.0106,0.0942,-19.3902,28.9634,-21.1585
1574147085085.0,0.0688,-0.0194,0.0857,-20.9756,1.4024,-20.6098
1574147085086.0,0.0679,-0.0237,0.0828,-17.1341,-25.122,-21.4024
1574147085087.0,0.0771,-0.0262,0.0829,-13.2317,-50.5488,-19.878
1574147085088.0,0.0848,-0.0303,0.0872,-11.7073,-72.7439,-17.5
1574147085089.0,0.0871,-0.0316,0.0922,-8.5976,-82.561,-12.9268
1574147085130.0,0.0897,-0.0315,0.0944,-3.2927,-78.1707,-8.7195
1574147085131.0,0.0889,-0.0294,0.0921,0.9756,-69.0854,-7.1341
1574147085133.0,0.0869,-0.0311,0.0994,2.1951,-65.3049,-6.8902
1574147085134.0,0.0854,-0.0344,0.1014,-0.061,-61.5854,-6.7683
1574147085134.0,0.08,-0.0349,0.1012,0.2439,-46.4634,-5.7927
1574147085175.0,0.0765,-0.0363,0.0977,2.0122,-20.9756,-5.2439
1574147085176.0,0.0715,-0.0355,0.0901,1.4634,2.2561,-4.5122
1574147085220.0,0.071,-0.0328,0.0859,0.061,11.7073,-4.1463
1574147085221.0,0.0821,-0.0234,0.0834,-2.2561,7.0122,-4.7561
1574147085222.0,0.0919,-0.0146,0.0894,-6.8293,-9.3902,-1.8902
1574147085223.0,0.1037,-0.0147,0.1006,-12.3171,-31.7073,-0.7927
1574147085224.0,0.1231,-0.0193,0.1093,-18.2317,-56.2195,3.4756
1574147085225.0,0.1344,-0.0249,0.1129,-25.1829,-78.3537,13.4756
1574147085226.0,0.1314,-0.0309,0.1083,-30.2439,-86.0366,21.7683
1574147085265.0,0.1199,-0.0339,0.0954,-29.3902,-73.4756,28.4146
1574147085266.0,0.1093,-0.0358,0.0831,-24.7561,-52.8659,36.7683
1574147085267.0,0.1027,-0.0361,0.0743,-19.2683,-37.561,44.2073
1574147085268.0,0.0994,-0.0316,0.0705,-12.1341,-28.0488,47.622
1574147085310.0,0.0881,-0.0281,0.0759,-4.2073,-21.8902,50.2439
1574147085311.0,0.0759,-0.0283,0.0846,5.061,-16.1585,50.9146
1574147085312.0,0.0706,-0.027,0.093,14.6951,-10.122,53.7195
1574147085313.0,0.0648,-0.0273,0.0945,21.8293,-7.8659,55.4878
1574147085313.0,0.0489,-0.0272,0.0908,30.2439,-0.7927,51.3415
1574147085355.0,0.0422,-0.0314,0.084,37.7439,12.0122,46.0366
1574147085356.0,0.0522,-0.0329,0.0732,42.0122,26.4024,40.4878
1574147085357.0,0.0542,-0.0292,0.0729,46.8293,41.5244,35.9756
1574147085358.0,0.0359,-0.0255,0.0751,51.8293,62.3171,25.061
1574147085400.0,0.019,-0.0224,0.0753,56.3415,84.7561,12.439
1574147085401.0,0.0296,-0.0224,0.0882,59.8171,87.8659,6.7683
1574147085402.0,0.0485,-0.0212,0.1119,59.1463,63.2317,4.0244
1574147085403.0,0.0583,-0.0242,0.1296,52.7439,29.6951,-0.9146
1574147085404.0,0.0655,-0.023,0.1429,47.3171,14.5732,-11.2805
1574147085445.0,0.0703,-0.0164,0.145,42.9878,17.378,-21.0976
1574147085447.0,0.0743,-0.0182,0.1346,33.8415,26.6463,-28.6585
1574147085447.0,0.0496,-0.0213,0.0967,26.7073,48.4756,-34.0854
1574147085448.0,0.049,-0.0392,0.1418,26.0976,76.3415,-40.122
1574147085449.0,0.0717,-0.012,0.1668,23.5976,78.1707,-39.5122
1574147085490.0,0.119,-0.0276,0.1592,-15.7927,17.1951,-20.3659
1574147085490.0,0.1054,-0.0314,0.1385,-44.5122,-0.9146,-31.5244
1574147085491.0,0.059,-0.0392,0.1077,-27.0732,63.3537,-32.378
1574147085492.0,0.0381,-0.0311,0.0854,-12.6829,97.1951,-27.5
1574147085535.0,0.0355,-0.0245,0.0848,-19.6951,66.5244,-31.2195
1574147085536.0,0.0467,-0.0263,0.0968,-30.8537,22.439,-42.6829
1574147085537.0,0.0642,-0.0243,0.105,-34.8171,0.9146,-46.2805
1574147085538.0,0.0778,-0.0203,0.1072,-33.4146,2.9878,-42.0732
1574147085538.0,0.0875,-0.0154,0.1097,-31.0976,11.5244,-40.1829
1574147085580.0,0.0975,-0.0135,0.1151,-31.2195,11.8902,-41.3415
1574147085581.0,0.0999,-0.0112,0.1139,-31.4634,7.0732,-39.6951
1574147085582.0,0.0973,-0.0114,0.1052,-30.2439,0.061,-32.378
1574147085583.0,0.1022,-0.013,0.0809,-28.0488,-9.4512,-26.0976
1574147085625.0,0.1102,-0.0075,0.0564,-22.9268,-18.7195,-18.8415
1574147085625.0,0.1188,-0.0109,0.0585,-16.0976,-26.5854,-8.9024
1574147085626.0,0.1108,-0.0161,0.0737,-9.5122,-21.9512,-1.5244
1574147085627.0,0.0955,-0.0087,0.0881,3.6585,4.0244,7.0122
1574147085627.0,0.0974,-0.0103,0.0985,10.8537,14.0244,18.6585
1574147085670.0,0.1141,-0.0195,0.1055,7.8049,-11.7683,22.3171
1574147085671.0,0.1179,-0.0268,0.1059,0.7317,-49.1463,30.3049
1574147085671.0,0.1062,-0.0315,0.1021,-5.2439,-72.622,37.3171
1574147085672.0,0.0961,-0.032,0.0936,-6.2805,-75.122,38.5366
1574147085715.0,0.0955,-0.0308,0.0831,-4.6951,-69.5122,42.622
1574147085716.0,0.0906,-0.0319,0.075,-1.8902,-63.4756,48.1707
1574147085716.0,0.0828,-0.0358,0.0693,2.439,-57.3171,50.6707
1574147085717.0,0.0801,-0.037,0.0696,9.5732,-49.5122,52.7439
1574147085718.0,0.0748,-0.0361,0.0781,17.5,-43.2317,55.9146
1574147085760.0,0.064,-0.033,0.0897,24.3902,-38.0488,55.0
1574147085761.0,0.0544,-0.032,0.093,30.4878,-28.5976,52.5
1574147085762.0,0.0447,-0.0305,0.0969,33.9634,-16.1585,50.3049
1574147085762.0,0.0359,-0.0288,0.104,38.5366,-0.8537,47.561
1574147085763.0,0.0312,-0.0306,0.1021,40.9146,15.8537,42.561
1574147085805.0,0.0394,-0.0337,0.094,42.5,33.8415,35.7317
1574147085806.0,0.043,-0.0316,0.0908,47.1951,54.2683,27.0732
1574147085807.0,0.0197,-0.0323,0.0905,50.3049,77.8049,15.3659
1574147085808.0,-0.0098,-0.0252,0.0931,55.6707,101.2195,-1.2195
1574147085850.0,-0.0184,-0.0145,0.106,58.1707,107.439,-15.4878
1574147085851.0,-0.0119,-0.0062,0.1196,50.4878,92.1341,-31.4024
1574147085852.0,-0.0125,-0.002,0.1204,38.0488,60.8537,-46.0366
1574147085853.0,0.0527,-0.0203,0.1894,24.2683,14.3902,-58.7805
1574147085854.0,0.1326,-0.0109,0.2136,2.378,-40.061,-61.5244
1574147085895.0,0.1974,-0.0319,0.1981,-47.0732,-107.8659,-42.0122
1574147085896.0,0.1733,-0.038,0.165,-67.3171,-79.2073,-51.1585
1574147085897.0,0.098,-0.0436,0.1213,-46.4024,40.4878,-43.0488
1574147085898.0,0.0405,-0.0319,0.0884,-33.1707,117.5,-26.2195
1574147085940.0,0.0158,-0.0225,0.0747,-35.6707,109.7561,-25.9146
1574147085941.0,0.0294,-0.0212,0.0682,-41.5854,56.5244,-35.1829
1574147085942.0,0.0616,-0.0197,0.0688,-44.6951,1.9512,-36.6463
1574147085942.0,0.0914,-0.0172,0.0744,-41.2805,-30.5488,-30.122
1574147085943.0,0.1069,-0.0156,0.0794,-32.1341,-39.878,-22.622
1574147085985.0,0.1115,-0.0117,0.0853,-20.4268,-36.9512,-15.9756
1574147085986.0,0.1182,-0.0127,0.0897,-8.7805,-33.8415,-6.5854
1574147085987.0,0.1373,-0.0161,0.0894,0.6098,-39.6951,4.6951
1574147085988.0,0.1524,-0.0179,0.0876,8.7195,-48.9024,19.8171
1574147086030.0,0.1457,-0.0191,0.0869,14.5732,-49.4512,33.5366
1574147086030.0,0.1253,-0.0218,0.0839,21.2195,-37.3171,44.3902
1574147086031.0,0.105,-0.0243,0.0822,27.439,-27.2561,53.4146
1574147086032.0,0.0912,-0.0252,0.0844,32.1951,-28.1098,60.122
1574147086032.0,0.0737,-0.0245,0.0935,34.0854,-38.5366,65.7927
1574147086075.0,0.0546,-0.0248,0.1039,33.8415,-49.2683,67.0732
1574147086075.0,0.0467,-0.0265,0.0995,34.3902,-48.5366,61.2805
1574147086076.0,0.0451,-0.0259,0.0927,39.8171,-35.8537,57.0732
1574147086077.0,0.0394,-0.0273,0.0984,47.0122,-18.9634,51.7073
1574147086120.0,0.028,-0.0245,0.1121,52.9268,2.561,40.8537
1574147086120.0,0.0168,-0.0208,0.1215,56.2805,30.7927,29.1463
1574147086121.0,-0.0165,-0.0151,0.1116,56.4024,65.122,12.378
1574147086122.0,-0.0901,-0.0114,0.0637,53.2317,98.4146,-8.7805
1574147086122.0,-0.0596,-0.0353,0.1623,50.122,113.4756,-35.3049
1574147086165.0,0.0465,-0.0035,0.2262,37.0122,86.2805,-52.1341
1574147086166.0,0.1578,-0.0042,0.2062,-26.4634,-33.8415,-25.4878
1574147086166.0,0.1779,-0.015,0.1689,-80.6707,-93.8415,-41.5244
1574147086167.0,0.1155,-0.035,0.123,-65.4268,-6.5244,-57.3781
1574147086167.0,0.0427,-0.023,0.0816,-47.2561,78.1707,-39.2073
1574147086210.0,0.0128,-0.0085,0.0627,-48.8415,85.4268,-30.4878
1574147086211.0,0.0378,-0.0059,0.0625,-51.7683,43.5976,-43.9024
1574147086211.0,0.0767,-0.0063,0.0817,-50.5488,-1.4024,-44.4512
1574147086212.0,0.1108,-0.0103,0.0936,-44.4512,-28.5366,-29.6951
1574147086255.0,0.1425,-0.0146,0.0909,-36.8293,-47.622,-15.3659
1574147086256.0,0.149,-0.0197,0.0864,-28.4756,-54.3902,-8.2317
1574147086257.0,0.128,-0.0204,0.075,-13.0488,-32.9268,-2.622
1574147086258.0,0.1072,-0.0169,0.067,3.4146,-6.9512,7.378
1574147086300.0,0.1013,-0.0103,0.0642,15.122,-7.3171,17.1341
1574147086301.0,0.1027,-0.0084,0.063,22.8659,-30.6707,25.9146
1574147086302.0,0.1015,-0.0125,0.0645,28.5976,-58.4146,35.122
1574147086303.0,0.0959,-0.0157,0.0678,37.0732,-72.8049,42.0122
1574147086304.0,0.0953,-0.0207,0.0664,48.0488,-70.122,44.5732
1574147086345.0,0.1,-0.0244,0.0689,59.8781,-54.0244,44.5732
1574147086346.0,0.08,-0.0194,0.0917,72.3171,-22.7439,42.8049
1574147086347.0,0.0328,-0.0134,0.106,81.0976,22.5,36.4024
1574147086348.0,-0.0031,-0.0112,0.1086,85.0,65.6098,23.2317
1574147086349.0,-0.0358,-0.003,0.0999,83.1098,80.4878,8.5366
1574147086390.0,-0.0158,-0.0318,0.1937,70.061,70.4878,-9.6951
1574147086392.0,0.0186,-0.0238,0.2391,46.8902,59.3902,-27.0732
1574147086392.0,0.0689,-0.0287,0.1971,-7.3171,14.878,-17.0732
1574147086393.0,0.0801,-0.0368,0.1421,-49.4512,-4.1463,-36.5854
1574147086435.0,0.0524,-0.049,0.1158,-49.7561,27.9268,-63.0488
1574147086436.0,0.0142,-0.0381,0.1039,-55.4878,47.1341,-63.2927
1574147086436.0,0.0113,-0.0236,0.0903,-69.8781,40.9146,-64.939
1574147086437.0,0.05,-0.015,0.0812,-75.8537,25.122,-76.5854
1574147086437.0,0.0873,-0.0082,0.0809,-74.939,8.4756,-76.7683
1574147086525.0,0.1121,-0.0012,0.0801,-67.7439,-1.3415,-66.7683
1574147086526.0,0.1266,-0.0011,0.0712,-59.6341,-8.1098,-56.0976
1574147086527.0,0.1436,0.0021,0.0863,-44.0244,-14.0854,-47.1341
1574147086528.0,0.1595,-0.0014,0.1017,-27.6829,-26.0366,-28.7805
1574147086570.0,0.1706,-0.0124,0.1,-25.9146,-50.4878,-5.5488
1574147086571.0,0.162,-0.0141,0.0839,-17.2561,-52.9268,13.3537
1574147086572.0,0.1433,-0.0207,0.065,-2.9268,-49.6341,28.4756
1574147086573.0,0.1299,-0.0292,0.0515,8.6585,-54.0854,40.2439
1574147086574.0,0.1178,-0.028,0.051,20.0,-52.3171,51.3415
1574147086575.0,0.0989,-0.0255,0.0554,32.622,-39.8171,60.6098
1574147086576.0,0.0819,-0.0254,0.063,44.5122,-25.3659,66.7683
1574147086577.0,0.0655,-0.0211,0.0773,53.5976,-20.4878,69.8171
1574147086578.0,0.043,-0.0173,0.1,57.6829,-24.2073,68.6585
1574147086579.0,0.015,-0.0125,0.1152,60.6098,-15.1829,57.8659
1574147086615.0,0.0037,-0.0122,0.1163,62.6829,2.6829,43.2927
1574147086616.0,-0.0021,-0.0128,0.1234,60.6098,14.7561,29.2683
1574147086617.0,-0.0293,-0.0147,0.1259,56.9512,27.5,14.7561
1574147086618.0,-0.0549,-0.0142,0.101,54.4512,46.3415,-7.7439
1574147086660.0,-0.0528,-0.0262,0.1216,49.0854,59.3293,-32.5
1574147086661.0,0.0213,-0.0418,0.2263,39.0854,50.7317,-54.6341
1574147086662.0,0.0967,-0.0217,0.2286,3.9634,0.4878,-51.7683
1574147086663.0,0.1767,-0.0258,0.1702,-66.5854,-68.5366,-42.9878
1574147086664.0,0.1593,-0.0388,0.1226,-90.3659,-43.8415,-65.7927
1574147086705.0,0.0744,-0.0442,0.0979,-70.6707,52.0732,-67.0732
1574147086706.0,0.0043,-0.0182,0.0789,-55.3049,116.0976,-48.5976
1574147086706.0,0.012,-0.0078,0.0616,-52.439,97.3781,-48.9634
1574147086707.0,0.0686,-0.0071,0.0598,-54.6951,31.3415,-61.7073
1574147086750.0,0.1193,-0.0084,0.0767,-55.0,-27.8659,-56.8293
1574147086751.0,0.1447,-0.0051,0.0892,-47.7439,-48.7195,-40.3659
1574147086751.0,0.1484,0.0026,0.087,-35.3659,-39.2073,-28.3537
1574147086752.0,0.1415,0.0057,0.0737,-22.378,-23.7805,-21.2805
1574147086752.0,0.1409,-0.0001,0.0662,-10.7317,-19.2683,-10.122
1574147086795.0,0.1479,-0.0062,0.0725,-1.6463,-32.378,7.9878
1574147086796.0,0.1449,-0.0079,0.0756,5.2439,-52.8049,28.0488
1574147086797.0,0.1314,-0.0159,0.075,7.439,-71.3415,43.1707
1574147086798.0,0.1188,-0.024,0.0792,11.4634,-75.5488,51.1585
1574147086799.0,0.1096,-0.0276,0.0814,18.5976,-66.0976,57.3781
1574147086840.0,0.0956,-0.0276,0.077,25.7317,-50.122,62.2561
1574147086841.0,0.0794,-0.0291,0.0705,34.1463,-29.6341,62.561
1574147086842.0,0.0579,-0.0235,0.0821,46.5244,-14.2073,57.7439
1574147086843.0,0.0164,-0.0192,0.0975,58.4146,-2.1951,51.1585
1574147086885.0,-0.0148,-0.0151,0.1007,66.2805,16.3415,37.1951
1574147086886.0,-0.0285,-0.0145,0.0934,69.4512,34.2073,21.6463
1574147086887.0,-0.0436,-0.0236,0.1042,62.439,52.0732,5.8537
1574147086888.0,-0.0582,-0.0256,0.1138,60.061,78.3537,-14.5122
1574147086888.0,-0.0154,-0.0369,0.2046,55.3049,89.6341,-39.5732
1574147086930.0,0.0652,-0.013,0.2636,36.2195,59.939,-53.7805
1574147086932.0,0.1605,-0.0097,0.257,-27.622,-13.7805,-41.9512
1574147086932.0,0.1664,-0.0172,0.2117,-78.9634,-40.5488,-55.4878
1574147086933.0,0.0997,-0.0375,0.1523,-85.1829,8.2317,-68.4146
1574147086975.0,0.0351,-0.0295,0.105,-84.0244,57.0732,-55.7317
1574147086977.0,0.0168,-0.0061,0.0707,-85.3659,61.7073,-43.2927
1574147086978.0,0.0449,0.0013,0.0479,-90.4268,22.622,-48.2927
1574147086979.0,0.0652,0.0076,0.0596,-91.8902,-23.9634,-54.5732
1574147086979.0,0.0811,0.0118,0.0799,-80.3659,-47.6829,-47.622
1574147087020.0,0.1205,0.0049,0.0903,-74.8171,-71.9512,-35.7927
1574147087065.0,0.1458,0.0045,0.0922,-72.8659,-101.0976,-25.4878
1574147087110.0,0.1351,-0.0005,0.087,-66.7073,-124.8171,-14.5732
1574147087112.0,0.1185,-0.0082,0.0762,-65.7317,-149.939,-6.7073
1574147087112.0,0.1168,-0.0101,0.0627,-68.4756,-180.8537,1.9512
1574147087113.0,0.1243,-0.0118,0.052,-73.2317,-214.6951,14.939
1574147087114.0,0.1316,-0.0197,0.048,-77.0732,-242.622,28.8415
1574147087115.0,0.1263,-0.0308,0.0452,-77.3781,-256.0366,37.622
1574147087116.0,0.1144,-0.0413,0.042,-76.5854,-253.1707,41.5854
1574147087116.0,0.1024,-0.0447,0.0374,-72.2561,-239.3902,43.4756
1574147087117.0,0.1122,-0.0446,0.0246,-68.2317,-233.2927,45.122
1574147087155.0,0.1295,-0.0424,0.0215,-66.1585,-237.9268,47.2561
1574147087156.0,0.1078,-0.0418,0.0322,-65.6707,-237.8659,46.0976
1574147087157.0,0.0681,-0.0428,0.0443,-62.2561,-231.9512,38.1098
1574147087158.0,0.0803,-0.0447,0.0681,-63.7195,-230.5488,35.9756
1574147087159.0,0.0966,-0.0502,0.074,-75.1829,-230.8537,38.9024
1574147087159.0,0.087,-0.057,0.0639,-83.4756,-228.3537,37.7439
1574147087160.0,0.0956,-0.0626,0.0569,-89.2683,-220.0,29.3293
1574147087200.0,0.0994,-0.0563,0.0518,-92.7439,-207.3781,23.9634
1574147087201.0,0.0955,-0.0552,0.0464,-92.7439,-197.1951,20.9146
1574147087202.0,0.0895,-0.0618,0.0353,-95.122,-186.5854,11.7683
1574147087203.0,0.0865,-0.0626,0.0283,-97.1951,-172.6219,7.8659
1574147087204.0,0.0953,-0.059,0.027,-93.7805,-153.1707,6.5854
1574147087245.0,0.1111,-0.0579,0.0265,-89.0854,-125.4878,2.7439
1574147087246.0,0.1115,-0.0582,0.029,-85.0,-89.5732,-1.3415
1574147087247.0,0.1174,-0.054,0.0233,-76.5244,-45.4878,-6.7073
1574147087248.0,0.1296,-0.0515,0.0107,-64.2683,-2.5,-14.4512
1574147087290.0,0.1318,-0.0557,-0.0046,-50.9146,26.0976,-20.7927
1574147087291.0,0.131,-0.062,-0.0096,-37.8049,41.5244,-25.3049
1574147087292.0,0.132,-0.0663,-0.0086,-26.4024,43.4146,-26.7683
1574147087293.0,0.133,-0.0663,-0.0081,-13.5366,41.7073,-27.2561
1574147087294.0,0.1371,-0.0635,-0.007,-3.2317,43.3537,-29.0244
1574147087335.0,0.1345,-0.0605,0.0015,2.8049,51.7683,-30.8537
1574147087336.0,0.1281,-0.0555,0.0054,6.8293,59.0244,-34.7561
1574147087337.0,0.1269,-0.0504,0.004,9.939,63.7195,-38.0488
1574147087338.0,0.1286,-0.0494,-0.0077,12.622,69.939,-37.9878
1574147087380.0,0.1309,-0.0499,-0.0221,19.6951,78.4756,-36.3415
1574147087381.0,0.129,-0.0471,-0.0187,27.8049,80.8537,-31.8293
1574147087425.0,0.1284,-0.0441,-0.0057,33.6585,72.9268,-25.8537
1574147087426.0,0.1257,-0.0441,-0.0034,35.4268,60.1829,-24.939
1574147087427.0,0.1185,-0.0392,0.0004,35.3049,44.878,-27.1341
1574147087428.0,0.1066,-0.0354,0.0064,37.8049,29.3293,-25.6707
1574147087429.0,0.1078,-0.0361,0.0026,35.5488,13.9024,-22.622
1574147087430.0,0.1232,-0.0304,-0.0037,33.7195,-5.7927,-22.561
1574147087430.0,0.1317,-0.0262,-0.0021,35.2439,-30.3659,-14.5732
1574147087431.0,0.1289,-0.0322,-0.0035,34.878,-45.3049,-2.2561
1574147087470.0,0.1273,-0.0351,-0.0013,34.0244,-46.0976,-1.3415
1574147087471.0,0.1322,-0.0314,0.0079,36.3415,-41.0976,-5.0
1574147087472.0,0.1409,-0.0297,0.0165,37.2561,-27.9878,-5.4878
1574147087473.0,0.1357,-0.0275,0.0226,36.3415,-11.8902,-4.1463
1574147087515.0,0.1235,-0.0267,0.0189,34.939,-6.3415,-3.2927
1574147087516.0,0.105,-0.0267,0.013,32.622,-8.4146,-4.6341
1574147087517.0,0.0918,-0.0255,0.0158,28.1707,-23.9024,-7.439
1574147087518.0,0.0967,-0.0262,0.0098,21.1585,-46.0366,-11.4634
1574147087518.0,0.1084,-0.0226,-0.0026,15.4268,-58.9634,-16.1585
1574147087560.0,0.1119,-0.0193,-0.0114,13.7195,-66.1585,-20.7927
1574147087561.0,0.111,-0.0199,-0.0165,15.0,-61.7073,-25.9756
1574147087563.0,0.125,-0.0171,-0.0121,19.6341,-41.6463,-29.6341
1574147087564.0,0.1468,-0.0103,0.0046,27.9268,-17.3171,-26.0976
1574147087605.0,0.1558,-0.0115,0.013,34.4512,13.4146,-23.2927
1574147087606.0,0.1414,-0.0139,0.012,37.622,51.1585,-22.7439
1574147087607.0,0.131,-0.0135,0.0123,43.0488,74.2683,-18.3537
1574147087608.0,0.1228,-0.0193,0.0258,44.939,64.0854,-11.5854
1574147087609.0,0.1228,-0.0311,0.0188,36.4024,28.0488,-7.8659
1574147087650.0,0.1282,-0.032,0.0125,29.7561,4.3902,-11.7073
1574147087652.0,0.1306,-0.0263,0.0158,30.6707,-8.2927,-10.3659
1574147087652.0,0.1339,-0.0278,0.0076,32.0122,-14.4512,-6.2805
1574147087653.0,0.1455,-0.0303,0.0225,31.6463,-15.8537,-2.2561
1574147087695.0,0.1583,-0.032,0.0477,29.6341,-6.8902,0.7927
1574147087696.0,0.1658,-0.0312,0.0615,30.6098,26.5854,5.8537
1574147087697.0,0.1685,-0.0319,0.0563,29.5732,67.561,14.5732
1574147087698.0,0.132,-0.0349,0.0481,27.1341,107.622,22.1951
1574147087699.0,0.0891,-0.0365,0.0474,26.5244,134.939,20.5488
1574147087740.0,0.0833,-0.0315,0.0472,27.8659,133.1098,16.5854
1574147087740.0,0.0972,-0.0319,0.0408,24.939,98.9634,14.6951
1574147087741.0,0.0976,-0.037,0.0394,18.5976,65.7317,11.7683
1574147087742.0,0.1054,-0.0358,0.0349,16.5854,48.1098,7.2561
1574147087785.0,0.1175,-0.0323,0.025,15.5488,47.8049,1.2195
1574147087786.0,0.1262,-0.0327,0.0217,14.5732,71.2805,-5.122
1574147087786.0,0.1304,-0.0283,0.0271,17.8049,117.0122,-10.4878
1574147087787.0,0.1185,-0.0237,0.0352,25.9146,167.3171,-10.9146
1574147087787.0,0.1037,-0.0206,0.0444,34.4512,199.2073,-10.122
1574147087830.0,0.0972,-0.0174,0.0511,41.7073,195.6707,-11.4024
1574147087831.0,0.1016,-0.019,0.0607,42.1951,161.9512,-10.6098
1574147087832.0,0.111,-0.0235,0.072,36.6463,119.0244,-8.9634
1574147087833.0,0.1201,-0.0275,0.0727,29.878,78.8415,-6.2195
1574147087834.0,0.1294,-0.0307,0.0596,22.561,49.0244,-4.0244
1574147087875.0,0.1384,-0.0355,0.049,18.5976,42.2561,-3.4756
1574147087876.0,0.1321,-0.0383,0.0464,16.8293,52.2561,-3.4756
1574147087877.0,0.1165,-0.034,0.0449,17.7439,66.7073,-2.6829
1574147087878.0,0.1019,-0.03,0.0538,19.878,80.8537,-0.6707
1574147087920.0,0.0925,-0.0243,0.0634,24.3293,91.2805,1.6463
1574147087921.0,0.0942,-0.022,0.0676,26.2805,86.4634,2.8659
1574147087922.0,0.0952,-0.022,0.0699,23.7195,67.8049,3.0488
1574147087923.0,0.0952,-0.0228,0.0709,20.4878,47.1951,1.2805
1574147087924.0,0.1011,-0.0204,0.0753,16.4634,29.5732,-0.7317
1574147087965.0,0.1135,-0.0182,0.0776,12.622,20.4878,-1.0366
1574147087966.0,0.1222,-0.0198,0.0767,10.0,21.4024,-0.3659
1574147087967.0,0.1158,-0.0221,0.0763,8.9634,31.7683,0.9146
1574147087968.0,0.1055,-0.0219,0.0763,9.0244,45.4878,-0.3049
1574147088010.0,0.1068,-0.0223,0.0746,7.9878,55.2439,-3.5366
1574147088011.0,0.1094,-0.0228,0.067,7.2561,55.2439,-2.561
1574147088012.0,0.103,-0.0247,0.0648,7.0732,49.0244,-0.122
1574147088013.0,0.0971,-0.0275,0.0734,10.7927,43.4146,-1.2195
1574147088014.0,0.0993,-0.0262,0.0799,10.4268,27.561,-0.061
1574147088055.0,0.1072,-0.0263,0.083,5.2439,8.5366,1.2195
1574147088056.0,0.1113,-0.0259,0.0804,3.1098,5.4878,1.7073
1574147088056.0,0.1061,-0.0266,0.0813,2.8049,15.8537,2.8049
1574147088057.0,0.1035,-0.0244,0.0865,0.3049,27.2561,2.0732
1574147088100.0,0.1012,-0.0186,0.085,-1.2805,37.0732,1.5244
1574147088101.0,0.0948,-0.0176,0.0795,-0.061,42.8659,4.6951
1574147088102.0,0.0914,-0.0223,0.0755,-1.2805,38.7805,5.8537
1574147088103.0,0.0956,-0.0242,0.0736,-3.1098,28.4756,3.4756
1574147088104.0,0.1027,-0.0242,0.0739,-3.1098,19.939,2.561
1574147088145.0,0.1018,-0.0238,0.0777,-1.5854,17.8659,2.0122
1574147088146.0,0.0927,-0.0227,0.0782,1.0976,22.622,1.2195
1574147088147.0,0.0911,-0.025,0.0768,2.622,28.1098,0.3659
1574147088148.0,0.0946,-0.0264,0.0774,2.1341,30.4878,0.0
1574147088190.0,0.0973,-0.027,0.0743,2.0732,34.0854,0.9756
1574147088191.0,0.0981,-0.0284,0.074,4.4512,36.9512,2.7439
1574147088192.0,0.0949,-0.0283,0.0757,7.0122,33.5976,1.6463
1574147088193.0,0.092,-0.0273,0.0795,7.1951,24.8171,0.4268
1574147088194.0,0.0934,-0.0264,0.0815,6.8293,15.1829,0.1829
1574147088235.0,0.0909,-0.0242,0.0782,8.7805,10.061,0.7927
1574147088236.0,0.0873,-0.0237,0.0812,10.9146,8.4756,0.4878
1574147088237.0,0.0936,-0.0233,0.0883,11.5244,5.7927,-1.0976
1574147088238.0,0.1006,-0.0213,0.0941,10.2439,0.7927,-1.5244
1574147088238.0,0.0983,-0.021,0.0942,8.2317,-1.7073,-0.9756
1574147088280.0,0.0884,-0.0228,0.0916,7.561,-1.4024,-1.4634
1574147088281.0,0.0875,-0.0267,0.0936,7.439,-8.8415,-2.9268
1574147088282.0,0.0948,-0.0322,0.0997,3.2317,-24.6341,-3.4756
1574147088283.0,0.0985,-0.0348,0.1088,-1.4634,-37.2561,-2.9268
1574147088325.0,0.1019,-0.0368,0.1164,-3.5366,-43.4756,-2.3171
1574147088326.0,0.1027,-0.0391,0.1179,-6.5854,-48.4146,-1.7683
1574147088327.0,0.0933,-0.0439,0.11,-9.939,-55.7317,0.7317
1574147088328.0,0.0876,-0.0516,0.1041,-14.3293,-64.8171,0.8537
1574147088329.0,0.0969,-0.0477,0.09,-15.3049,-70.1829,-1.8902
1574147088370.0,0.1105,-0.0383,0.071,-10.3659,-65.7317,-0.122
1574147088371.0,0.1013,-0.0422,0.073,-15.7317,-43.4146,-0.6707
1574147088372.0,0.0944,-0.0475,0.0787,-18.3537,-8.2317,-0.6707
1574147088373.0,0.091,-0.0499,0.0825,-13.7805,30.6098,0.122
1574147088415.0,0.0886,-0.0436,0.0855,-11.4634,61.5244,0.061
1574147088416.0,0.1094,-0.0415,0.0757,-10.1829,88.7805,-1.0976
1574147088417.0,0.1285,-0.0511,0.0657,-10.1829,121.2805,0.3049
1574147088418.0,0.1154,-0.0496,0.0679,-9.3293,159.4512,-0.061
1574147088419.0,0.0861,-0.0427,0.0686,-3.2927,202.561,-1.5244
1574147088460.0,0.0474,-0.0336,0.0876,-0.6098,212.3171,-0.7317
1574147088461.0,0.017,-0.0087,0.1106,-0.122,167.439,-5.5488
1574147088462.0,0.0542,-0.0134,0.0851,-4.6341,67.8049,-8.6585
1574147088463.0,0.1325,-0.0305,0.0635,-30.9756,-57.8049,-11.5854
1574147088505.0,0.1341,-0.0224,0.0736,-32.8049,-73.1098,-12.7439
1574147088506.0,0.0867,-0.025,0.0788,-12.561,3.9024,5.061
1574147088507.0,0.0639,-0.022,0.071,-4.1463,44.0244,5.6707
1574147088508.0,0.0838,-0.0237,0.0705,-5.3659,19.5732,-2.5
1574147088509.0,0.1075,-0.0221,0.0792,-8.7195,-22.9878,-7.439
1574147088550.0,0.1119,-0.0193,0.0824,-7.378,-37.378,-5.8537
1574147088551.0,0.103,-0.0182,0.0845,-3.7195,-30.122,-2.0732
1574147088552.0,0.0894,-0.0193,0.0801,-0.2439,-17.561,-1.2805
1574147088553.0,0.0828,-0.0249,0.0732,1.0366,-9.7561,-0.061
1574147088553.0,0.0752,-0.0252,0.0693,1.0366,-3.7805,-0.8537
1574147088595.0,0.068,-0.024,0.0706,1.6463,4.3902,-3.3537
1574147088596.0,0.0671,-0.0248,0.0778,1.7073,10.9146,-6.4634
1574147088597.0,0.0653,-0.0208,0.0863,1.3415,14.0244,-9.5122
1574147088598.0,0.0737,-0.0167,0.0948,2.7439,12.3171,-12.9878
1574147088640.0,0.0878,-0.0145,0.0962,2.3171,3.9634,-17.439
1574147088641.0,0.0972,-0.0087,0.1053,0.6707,-4.2073,-21.8902
1574147088642.0,0.1135,-0.0024,0.1113,-0.9756,-5.1829,-23.9634
1574147088643.0,0.1356,0.0025,0.1077,-6.5244,-5.7317,-21.0366
1574147088644.0,0.1367,0.0068,0.1006,-11.2805,-3.4146,-14.0854
1574147088685.0,0.1272,0.006,0.0984,-10.7927,5.6707,-7.8659
1574147088686.0,0.1179,0.0081,0.0999,-8.7805,21.3415,-4.3293
1574147088687.0,0.1111,0.0073,0.0696,-7.378,32.378,1.6463
1574147088688.0,0.1091,-0.0058,0.0528,-5.5488,26.0976,4.3293
1574147088730.0,0.0883,-0.0079,0.0519,1.2805,22.8659,4.5732
1574147088731.0,0.0742,-0.0049,0.0521,12.439,28.0488,6.3415
1574147088731.0,0.0776,-0.0034,0.0558,23.3537,25.8537,7.622
1574147088732.0,0.0825,0.0016,0.067,31.0366,13.3537,9.7561
1574147088732.0,0.082,0.0031,0.0733,37.5,3.4146,8.9024
1574147088775.0,0.0879,-0.0001,0.0779,42.1951,0.3659,4.6341
1574147088776.0,0.099,0.002,0.1008,43.2317,1.8902,5.9756
1574147088777.0,0.0989,0.0067,0.1102,43.6585,7.622,7.9878
1574147088778.0,0.0852,0.0014,0.104,42.378,11.0976,9.3293
1574147088820.0,0.0723,-0.0109,0.1053,37.439,8.5976,9.8171
1574147088821.0,0.0613,-0.014,0.1048,29.6951,5.122,8.2927
1574147088821.0,0.0502,-0.0117,0.1011,21.9512,-3.9024,7.9878
1574147088822.0,0.0433,-0.0129,0.0983,14.8171,-22.2561,3.2927
1574147088822.0,0.0436,-0.012,0.098,7.9878,-47.0732,-2.1341
1574147088865.0,0.0511,-0.0073,0.0876,1.2805,-74.2683,-6.5244
1574147088866.0,0.0574,-0.0055,0.0774,-5.3049,-98.4756,-10.5488
1574147088867.0,0.0565,-0.0058,0.0729,-10.6707,-113.6585,-14.6341
1574147088868.0,0.0619,-0.0034,0.0767,-15.061,-121.5854,-17.9268
1574147088910.0,0.0927,-0.0048,0.0927,-19.7561,-127.0122,-21.2805
1574147088911.0,0.1237,-0.0027,0.1024,-24.5732,-128.9024,-26.4024
1574147088912.0,0.1435,-0.0063,0.0992,-39.8171,-146.5244,-7.5
1574147088913.0,0.1495,-0.015,0.0903,-53.2927,-164.5122,3.5366
1574147088914.0,0.1431,-0.0259,0.0738,-57.8049,-167.439,4.6951
1574147088955.0,0.152,-0.0355,0.0651,-59.6951,-154.6342,8.7805
1574147088956.0,0.1738,-0.0428,0.0758,-63.7805,-141.8902,16.2195
1574147088957.0,0.1828,-0.0528,0.0901,-59.1463,-116.0976,10.3049
1574147088958.0,0.1735,-0.0568,0.0856,-53.4146,-72.6829,8.1098
1574147088958.0,0.1545,-0.0537,0.0707,-45.9146,-21.0366,15.4878
1574147089000.0,0.1195,-0.0449,0.0567,-35.6707,22.3171,26.3415
1574147089001.0,0.0905,-0.0479,0.0583,-26.7073,36.2805,29.3293
1574147089002.0,0.1039,-0.0499,0.0583,-26.1585,22.0122,23.7805
1574147089003.0,0.1356,-0.0405,0.0588,-35.8537,5.4878,41.7073
1574147089045.0,0.1428,-0.0351,0.056,-32.7439,0.4268,55.4268
1574147089090.0,0.1257,-0.0355,0.0501,-22.6829,4.5122,58.1707
1574147089091.0,0.1213,-0.039,0.0469,-20.1829,0.3049,59.5732
1574147089091.0,0.1273,-0.0375,0.0486,-20.4268,-8.8415,62.3171
1574147089092.0,0.1132,-0.033,0.0485,-14.939,-23.2927,67.3171
1574147089092.0,0.0985,-0.0357,0.04,-16.8902,-42.1951,67.8049
1574147089093.0,0.0873,-0.0359,0.0302,-17.561,-49.8171,61.3415
1574147089094.0,0.076,-0.0303,0.0272,-11.4634,-60.9756,56.7073
1574147089095.0,0.0753,-0.0269,0.0397,-9.4512,-88.2317,55.9146
1574147089095.0,0.084,-0.027,0.051,-12.0122,-122.1951,53.0488
1574147089135.0,0.0928,-0.0297,0.0533,-14.5732,-149.0244,48.1707
1574147089136.0,0.095,-0.0303,0.0551,-12.1341,-157.0732,40.7927
1574147089137.0,0.0999,-0.0267,0.0526,-10.6098,-158.5366,32.561
1574147089137.0,0.1055,-0.024,0.049,-12.622,-159.1463,27.5
1574147089180.0,0.1024,-0.0244,0.0397,-16.5854,-155.9756,27.1341
1574147089181.0,0.0993,-0.0297,0.0276,-20.0,-144.6951,26.5244
1574147089182.0,0.1016,-0.0327,0.026,-18.6585,-117.1951,21.3415
1574147089183.0,0.1022,-0.0319,0.0291,-14.878,-84.6341,14.0854
1574147089225.0,0.0986,-0.0333,0.0329,-13.6585,-59.1463,8.6585
1574147089226.0,0.0928,-0.0399,0.0361,-15.7927,-40.4878,4.3902
1574147089227.0,0.0933,-0.045,0.0383,-17.7439,-25.5488,-0.2439
1574147089228.0,0.0991,-0.0432,0.0373,-16.2195,-19.6951,-4.3902
1574147089229.0,0.1038,-0.041,0.035,-15.6707,-34.4512,-9.3902
1574147089270.0,0.1038,-0.0435,0.0356,-19.878,-61.0366,-13.6585
1574147089271.0,0.1046,-0.0488,0.0326,-25.1829,-83.1098,-15.6707
1574147089272.0,0.1113,-0.0541,0.031,-28.4756,-95.9756,-16.2195
1574147089273.0,0.1191,-0.0573,0.0228,-30.2439,-96.2195,-16.9512
1574147089274.0,0.1209,-0.0567,0.0121,-29.1463,-84.3293,-19.2073
1574147089315.0,0.1231,-0.0551,0.0117,-27.5,-65.1829,-21.9512
1574147089316.0,0.1258,-0.0545,0.022,-25.8537,-43.2317,-21.2195
1574147089317.0,0.1148,-0.0532,0.0244,-21.7683,-26.7073,-17.622
1574147089318.0,0.1067,-0.0486,0.0218,-19.878,-22.9268,-14.939
1574147089360.0,0.1089,-0.0452,0.0198,-18.2317,-33.1098,-19.1463
1574147089361.0,0.1151,-0.0433,0.0187,-17.8659,-54.7561,-24.2683
1574147089362.0,0.1296,-0.0471,0.0167,-21.5244,-77.7439,-23.5976
1574147089363.0,0.1527,-0.0562,0.0115,-24.4512,-88.5976,-21.6463
1574147089364.0,0.1699,-0.063,0.0114,-22.1341,-76.3415,-21.7683
1574147089405.0,0.1672,-0.063,0.0115,-15.0,-43.6585,-23.1707
1574147089406.0,0.1562,-0.0632,0.0028,-9.0854,8.1707,-25.4268
1574147089407.0,0.1458,-0.066,-0.0062,-2.3171,72.0732,-25.5488
1574147089408.0,0.137,-0.066,-0.0034,6.2195,123.9024,-21.4634
1574147089450.0,0.1298,-0.0614,0.0054,17.3171,158.1707,-16.9512
1574147089451.0,0.1266,-0.0574,0.0143,26.7683,182.561,-13.9024
1574147089452.0,0.1295,-0.051,0.0258,32.439,194.8171,-12.378
1574147089453.0,0.1382,-0.0461,0.0353,34.5732,193.6585,-8.6585
1574147089454.0,0.1472,-0.0488,0.031,32.1951,182.2561,-3.2927
1574147089495.0,0.1422,-0.0557,0.0261,29.7561,173.2317,2.0122
1574147089496.0,0.1258,-0.0636,0.0229,29.2073,168.4756,6.5854
1574147089497.0,0.1083,-0.0673,0.0239,30.6707,164.4512,7.8049
1574147089498.0,0.0933,-0.0648,0.0309,34.5122,151.7073,6.8293
1574147089540.0,0.0877,-0.0629,0.0386,35.3659,125.7317,5.6707
1574147089541.0,0.0816,-0.0606,0.0397,34.878,98.2317,6.5244
1574147089542.0,0.0684,-0.0601,0.0345,36.5854,71.3415,7.9268
1574147089543.0,0.0616,-0.0613,0.0312,38.4146,44.2073,7.439
1574147089544.0,0.0831,-0.0582,0.0408,40.5488,18.4756,6.4634
1574147089585.0,0.1266,-0.0569,0.0555,41.4024,3.7805,6.3415
1574147089586.0,0.1694,-0.0544,0.0681,41.4024,9.6341,8.1098
1574147089630.0,0.1815,-0.0477,0.0764,44.6951,38.5976,12.3171
1574147089631.0,0.1493,-0.0459,0.0714,47.2561,85.4268,16.5244
1574147089631.0,0.0944,-0.0467,0.0573,52.0732,134.1463,18.2317
1574147089632.0,0.053,-0.0458,0.0438,56.4634,152.1342,15.3049
1574147089632.0,0.0359,-0.0407,0.0415,56.8902,125.1829,12.9268
1574147089633.0,0.0518,-0.0344,0.0541,52.561,70.8537,14.2683
1574147089634.0,0.0864,-0.0314,0.0667,45.9756,18.0488,16.7683
1574147089675.0,0.1228,-0.0349,0.0746,40.122,-16.6463,19.4512
1574147089676.0,0.1506,-0.0399,0.0824,38.5976,-21.6463,18.5366
1574147089676.0,0.1593,-0.037,0.0839,42.8659,3.6585,14.6341
1574147089677.0,0.1544,-0.0318,0.0795,49.6341,51.4634,11.8902
1574147089678.0,0.1252,-0.0231,0.0808,48.4756,108.2317,15.3659
1574147089720.0,0.1045,-0.0193,0.0825,46.7073,150.9756,17.3171
1574147089722.0,0.0834,-0.0172,0.0649,44.2683,169.6951,13.1098
1574147089722.0,0.0502,-0.0095,0.0477,44.7561,163.0488,15.9146
1574147089723.0,0.0339,-0.0071,0.0561,50.7317,145.3659,16.0976
1574147089765.0,0.0499,-0.0121,0.0751,52.439,113.7805,10.122
1574147089766.0,0.0748,-0.0164,0.0844,47.5,73.0488,7.622
1574147089766.0,0.0797,-0.0184,0.0849,44.5122,45.7317,11.2805
1574147089767.0,0.072,-0.0202,0.0837,44.6341,41.4634,11.9512
1574147089768.0,0.079,-0.0197,0.086,45.3049,42.561,4.0854
1574147089810.0,0.0969,-0.0124,0.0922,43.8415,30.5488,-2.8659
1574147089811.0,0.1088,-0.0129,0.0876,40.3049,23.5366,-5.6707
1574147089811.0,0.1098,-0.0103,0.114,39.2683,41.0976,-9.7561
1574147089812.0,0.1042,-0.0118,0.1209,38.2317,56.4634,-6.8293
1574147089855.0,0.1197,-0.0185,0.1157,22.9878,43.7805,-2.7439
1574147089856.0,0.0984,-0.0133,0.1091,10.3049,39.3902,5.0
1574147089857.0,0.0717,-0.0226,0.1002,8.2317,44.878,6.4634
1574147089857.0,0.0603,-0.0248,0.092,6.7683,49.4512,-2.3171
1574147089858.0,0.0562,-0.0185,0.0867,5.9146,40.1829,-1.2195
1574147089900.0,0.0586,-0.0168,0.0815,6.1585,22.1951,-2.378
1574147089901.0,0.0605,-0.0146,0.0796,7.1951,10.061,-8.9024
1574147089901.0,0.0696,-0.0132,0.0868,9.2073,5.5488,-11.7683
1574147089902.0,0.091,-0.0128,0.0975,10.4878,7.9268,-15.6707
1574147089945.0,0.0992,-0.0087,0.1103,10.5488,13.1707,-17.439
1574147089946.0,0.0957,-0.0052,0.1138,10.3049,16.6463,-17.6829
1574147089947.0,0.1043,-0.0035,0.1082,7.561,11.7683,-21.0976
1574147089947.0,0.1122,-0.0015,0.1016,1.4634,-1.8293,-19.7561
1574147089948.0,0.1091,-0.0041,0.0927,-2.2561,-6.3415,-14.1463
1574147089991.0,0.1011,-0.0079,0.0876,-2.5,1.5244,-10.6707
1574147089992.0,0.0905,-0.0099,0.0872,-0.8537,12.7439,-7.439
1574147089993.0,0.083,-0.0081,0.0872,2.561,18.8415,-4.878
1574147089994.0,0.0851,-0.0046,0.0901,4.2073,9.2683,-3.4756
1574147089995.0,0.0975,-0.0029,0.0938,2.0122,-11.4634,-2.9878
1574147090035.0,0.1071,-0.0026,0.0941,-1.0976,-25.6098,-0.9146
1574147090036.0,0.1123,-0.0056,0.0797,-2.2561,-27.1341,4.3293
1574147090036.0,0.1195,-0.0143,0.054,0.6707,-17.9878,10.7927
1574147090037.0,0.1262,-0.0209,0.0494,9.939,-5.7927,18.1098
1574147090080.0,0.1115,-0.0262,0.0748,23.3537,0.0,27.0732
1574147090081.0,0.0833,-0.0407,0.0906,34.939,6.8293,27.439
1574147090081.0,0.072,-0.0496,0.0945,43.4146,18.7805,24.6341
1574147090082.0,0.0735,-0.0542,0.105,44.939,15.4268,32.1951
1574147090082.0,0.0618,-0.0619,0.1163,40.4268,6.7073,36.8902
1574147090125.0,0.0417,-0.0673,0.121,34.3902,12.1341,31.7683
1574147090126.0,0.0297,-0.0684,0.1136,27.6829,24.0854,24.2683
1574147090126.0,0.0323,-0.0647,0.1069,21.5854,27.8049,16.6463
1574147090127.0,0.0414,-0.0593,0.1023,16.1585,20.5488,8.2927
1574147090170.0,0.054,-0.0532,0.0939,11.5854,13.3537,-1.0976
1574147090172.0,0.0711,-0.0463,0.0961,8.9024,14.3293,-8.9024
1574147090173.0,0.08,-0.0427,0.1105,7.2561,24.7561,-12.9878
1574147090173.0,0.0667,-0.0372,0.1227,7.1951,44.878,-16.4634
1574147090174.0,0.0552,-0.0291,0.123,5.061,59.8781,-20.7927
1574147090215.0,0.062,-0.0193,0.1185,-1.8293,57.0122,-25.122
1574147090216.0,0.0724,-0.0094,0.1172,-10.4878,42.2561,-26.4634
1574147090217.0,0.0797,0.0008,0.1088,-15.1829,30.6707,-27.378
1574147090219.0,0.0967,0.0096,0.1018,-19.0854,19.7561,-29.0854
1574147090260.0,0.113,0.0172,0.0952,-23.1707,9.5732,-28.2317
1574147090261.0,0.1161,0.0202,0.0912,-21.4634,11.5854,-23.4146
1574147090262.0,0.1046,0.0228,0.0871,-13.2927,24.3293,-15.5488
1574147090263.0,0.0897,0.0231,0.0864,-3.5976,33.7195,-8.0488
1574147090264.0,0.0792,0.0236,0.082,4.5732,32.1341,-3.5366
1574147090305.0,0.0813,0.0239,0.0789,10.8537,19.3293,1.4634
1574147090307.0,0.0906,0.0221,0.0865,13.8415,2.0732,7.439
1574147090307.0,0.0928,0.0228,0.0891,15.5488,-7.622,9.8171
1574147090308.0,0.0969,0.0262,0.0845,17.1951,-10.122,8.3537
1574147090309.0,0.1027,0.0258,0.0864,17.7439,-12.8049,8.5366
1574147090350.0,0.0961,0.0182,0.0952,19.3293,-12.3171,10.9756
1574147090351.0,0.0868,0.0076,0.1003,22.1341,-5.9756,14.0244
1574147090353.0,0.0804,0.0004,0.1016,23.2927,-3.9024,18.1098
1574147090353.0,0.0749,-0.0066,0.104,22.9878,-10.1829,21.1585
1574147090395.0,0.0739,-0.0141,0.1081,22.8049,-16.2195,20.2439
1574147090397.0,0.0764,-0.0195,0.1124,20.4878,-20.1829,19.3293
1574147090397.0,0.0736,-0.0252,0.1143,17.1951,-21.2805,19.939
1574147090398.0,0.066,-0.0347,0.1122,14.0854,-18.6585,17.5
1574147090399.0,0.0596,-0.0473,0.11,10.5488,-13.4756,13.8415
1574147090440.0,0.0523,-0.0579,0.1109,6.5854,-7.9878,11.7683
1574147090441.0,0.0447,-0.0635,0.1081,3.2317,-3.5366,10.4268
1574147090442.0,0.0419,-0.0646,0.103,0.6098,-1.5854,6.9512
1574147090443.0,0.0478,-0.0645,0.0985,-2.9878,-3.0488,1.4024
1574147090485.0,0.0549,-0.0637,0.0926,-5.1829,-1.3415,-3.8415
1574147090486.0,0.0577,-0.0628,0.087,-5.122,5.8537,-7.7439
1574147090487.0,0.0623,-0.0611,0.0897,-4.2683,12.5,-10.4878
1574147090488.0,0.0671,-0.0582,0.0961,-3.3537,13.7195,-13.4146
1574147090488.0,0.0671,-0.0522,0.1022,-3.7805,11.5854,-16.7683
1574147090530.0,0.0692,-0.0461,0.1043,-5.1829,10.061,-18.6585
1574147090532.0,0.0824,-0.0403,0.1011,-8.8415,8.4146,-19.0854
1574147090532.0,0.0948,-0.033,0.1013,-13.5976,5.5488,-17.8049
1574147090533.0,0.0939,-0.0267,0.0984,-16.9512,7.622,-16.7683
1574147090575.0,0.0905,-0.0214,0.0926,-17.5,15.3049,-17.8049
1574147090577.0,0.0913,-0.016,0.0903,-16.5244,18.5366,-16.0976
1574147090577.0,0.09,-0.0108,0.0861,-14.1463,15.9146,-11.7073
1574147090578.0,0.0822,-0.0079,0.0818,-9.878,11.7683,-7.378
1574147090579.0,0.0809,-0.0072,0.0822,-4.6341,4.2073,-4.2683
1574147090620.0,0.0931,0.0012,0.0845,0.3049,-7.9878,-1.8902
1574147090621.0,0.1153,0.0132,0.0883,3.2317,-23.1707,-0.4878
1574147090622.0,0.1295,0.0237,0.0936,3.3537,-31.0366,0.4878
1574147090623.0,0.1262,0.0321,0.1035,5.7927,-21.5244,4.4512
1574147090624.0,0.1138,0.0383,0.1089,12.1341,-1.2805,10.5488
1574147090665.0,0.0974,0.0413,0.1099,19.939,12.622,17.561
1574147090666.0,0.0862,0.0382,0.1078,27.0122,13.1098,23.3537
1574147090667.0,0.0844,0.0342,0.1023,31.7683,1.5854,29.3293
1574147090668.0,0.0873,0.0325,0.1035,34.6951,-15.7927,35.6707
1574147090710.0,0.0816,0.0312,0.1108,37.439,-26.2805,37.6829
1574147090711.0,0.0742,0.0255,0.1106,36.7073,-21.7073,32.7439
1574147090712.0,0.0687,0.0223,0.1151,33.5366,-7.439,27.8659
1574147090713.0,0.0631,0.0174,0.1226,29.878,4.8171,27.1951
1574147090714.0,0.0523,0.006,0.1257,24.939,11.7683,23.7195
1574147090756.0,0.0383,-0.0071,0.127,17.8049,14.5122,15.7927
1574147090757.0,0.0336,-0.0209,0.1219,12.0122,10.9146,9.0854
1574147090757.0,0.0432,-0.0367,0.113,4.6951,-1.0976,6.2805
1574147090758.0,0.0542,-0.0541,0.1058,-3.5366,-5.3049,4.939
1574147090800.0,0.0499,-0.0681,0.0994,-6.8293,9.2073,2.2561
1574147090801.0,0.0308,-0.0757,0.0952,-5.122,27.9268,-3.2317
1574147090802.0,0.0197,-0.0781,0.0938,-4.2073,35.3049,-12.6829
1574147090803.0,0.0266,-0.0773,0.0934,-7.0732,25.9146,-24.2073
1574147090804.0,0.0461,-0.0789,0.0946,-12.0122,6.0366,-30.6707
1574147090845.0,0.0703,-0.0787,0.0993,-16.2195,-13.4756,-31.5854
1574147090846.0,0.0945,-0.0762,0.1037,-20.0,-25.4878,-30.3659
1574147090847.0,0.1052,-0.0706,0.1025,-22.9268,-23.3537,-28.3537
1574147090848.0,0.1057,-0.0633,0.097,-22.6829,-8.2927,-26.0976
1574147090890.0,0.1001,-0.0549,0.096,-22.5,7.0732,-23.4756
1574147090891.0,0.0865,-0.0463,0.092,-24.0244,19.3293,-20.3659
1574147090892.0,0.0718,-0.0382,0.081,-23.8415,29.3902,-19.5732
1574147090893.0,0.0582,-0.0294,0.0808,-22.378,32.378,-18.2927
1574147090893.0,0.049,-0.0207,0.0872,-19.5122,28.0488,-16.8293
1574147090935.0,0.0504,-0.0135,0.0919,-17.9878,18.4756,-18.6585
1574147090936.0,0.0571,-0.0054,0.0941,-18.2927,4.0854,-22.561
1574147090937.0,0.0598,0.0057,0.0971,-18.7195,-16.4634,-25.4268
1574147090937.0,0.0754,0.0163,0.0986,-18.5366,-40.4268,-28.6585
1574147090980.0,0.0995,0.0302,0.1061,-21.0976,-62.5,-32.1951
1574147090981.0,0.1177,0.046,0.1165,-23.1098,-76.3415,-32.5
1574147090982.0,0.1276,0.0565,0.1218,-19.6341,-78.1098,-30.6098
1574147090982.0,0.1234,0.0604,0.1251,-13.2317,-68.9024,-25.3049
1574147090983.0,0.1033,0.0596,0.1241,-6.4634,-55.5488,-14.878
1574147091025.0,0.0864,0.0555,0.1208,-1.4634,-49.1463,-5.5488
1574147091027.0,0.0682,0.0515,0.1171,-3.9024,-54.939,0.9146
1574147091027.0,0.0476,0.0482,0.1119,-11.4634,-70.9146,5.061
1574147091028.0,0.037,0.0463,0.1004,-21.8293,-100.1829,0.7317
1574147091029.0,0.0446,0.0411,0.0945,-35.6098,-139.8171,-6.7683
1574147091070.0,0.0687,0.0275,0.1017,-51.4634,-178.5976,-11.8293
1574147091071.0,0.0984,0.0067,0.1038,-71.0976,-220.2439,-10.5488
1574147091072.0,0.1315,-0.0193,0.103,-97.1341,-267.1951,-4.7561
1574147091073.0,0.1595,-0.0452,0.1039,-121.5244,-296.6464,-1.0366
1574147091115.0,0.1679,-0.063,0.1038,-134.5732,-283.5976,1.3415
1574147091116.0,0.158,-0.0672,0.1028,-137.6219,-233.1707,6.4024
1574147091117.0,0.1297,-0.0604,0.0901,-141.2805,-185.3659,11.4634
1574147091118.0,0.1213,-0.0552,0.0659,-149.939,-161.2195,12.1951
1574147091119.0,0.136,-0.0541,0.0541,-154.1463,-156.2195,12.1951
1574147091160.0,0.1464,-0.0582,0.052,-151.9512,-148.4146,20.6098
1574147091161.0,0.1364,-0.0601,0.0536,-143.2317,-120.3659,32.378
1574147091162.0,0.1146,-0.0504,0.0529,-128.9634,-77.622,38.5366
1574147091163.0,0.0963,-0.038,0.0506,-113.7805,-39.939,35.061
1574147091205.0,0.0881,-0.0331,0.0363,-105.9756,-19.5122,27.2561
1574147091207.0,0.0782,-0.0347,0.01,-100.5488,-16.2805,19.6341
1574147091208.0,0.0756,-0.0409,-0.0202,-92.2561,-22.0122,14.5732
1574147091209.0,0.0975,-0.0484,-0.0293,-80.9756,-24.3902,11.6463
1574147091210.0,0.1237,-0.0518,-0.014,-67.6829,-16.7073,9.939
1574147091250.0,0.1367,-0.0529,0.0104,-53.5976,9.3902,6.9512
1574147091252.0,0.1383,-0.0499,0.0277,-37.3171,62.8659,0.061
1574147091252.0,0.1276,-0.0471,0.0291,-21.5244,127.3781,-8.4756
1574147091253.0,0.1041,-0.0532,0.0242,-14.4512,182.2561,-15.7927
1574147091296.0,0.0803,-0.0646,0.0257,-12.7439,222.0732,-19.4512
1574147091297.0,0.0641,-0.0685,0.0291,-6.1585,238.8415,-19.8171
1574147091298.0,0.0576,-0.0607,0.0359,0.9756,221.5244,-20.6098
1574147091298.0,0.0523,-0.0551,0.0444,4.5122,174.2683,-23.8415
1574147091299.0,0.0471,-0.0563,0.0451,2.9268,114.8171,-28.2927
1574147091341.0,0.054,-0.0607,0.0477,-0.6098,58.7805,-34.3902
1574147091342.0,0.0821,-0.0607,0.0478,-3.9634,15.9756,-40.9756
1574147091342.0,0.1204,-0.0577,0.0354,-2.1951,-5.6707,-42.622
1574147091343.0,0.1594,-0.0641,0.0377,-0.5488,-1.9512,-43.2927
1574147091344.0,0.1689,-0.0645,0.0471,-1.9512,18.2927,-42.5
1574147091386.0,0.1288,-0.0566,0.0557,0.7927,54.6951,-35.122
1574147091387.0,0.0716,-0.0493,0.0589,10.1829,102.1341,-31.8293
1574147091388.0,0.0431,-0.0417,0.0536,18.2317,129.7561,-36.1585
1574147091388.0,0.0585,-0.036,0.0549,19.8171,107.9268,-38.6585
1574147091431.0,0.1029,-0.0377,0.0627,13.9024,50.6098,-35.0
1574147091432.0,0.1381,-0.0469,0.067,7.7439,-0.1829,-30.5488
1574147091433.0,0.1411,-0.0546,0.0693,6.6463,-17.1951,-28.8415
1574147091434.0,0.1044,-0.0479,0.0657,8.3537,-5.4268,-28.7805
1574147091435.0,0.0588,-0.0276,0.0637,12.0732,3.3537,-31.9512
1574147091476.0,0.0573,-0.0128,0.0637,10.122,-17.1341,-38.2317
1574147091477.0,0.0834,-0.0048,0.0732,2.378,-54.2073,-39.3293
1574147091478.0,0.1082,-0.0045,0.0889,-7.0122,-81.1585,-32.8659
1574147091478.0,0.1258,-0.0107,0.0854,-18.5976,-83.5366,-31.8293
1574147091520.0,0.1231,-0.0077,0.0779,-22.8049,-72.561,-32.0122
1574147091521.0,0.1243,-0.0099,0.0599,-21.7073,-70.2439,-27.5
1574147091522.0,0.1298,-0.0127,0.0333,-24.0854,-83.9024,-26.7683
1574147091565.0,0.1265,-0.0135,0.0368,-21.4634,-99.2073,-22.5
1574147091567.0,0.1283,-0.0153,0.0406,-18.2317,-105.4268,-23.4146
1574147091567.0,0.152,-0.0173,0.0394,-14.6951,-94.2073,-26.2195
1574147091568.0,0.1566,-0.0128,0.0403,-5.3659,-58.7195,-21.0976
1574147091569.0,0.1447,-0.0136,0.0543,6.4634,-6.4634,-15.7927
1574147091570.0,0.1229,-0.0145,0.066,12.1341,47.0732,-15.7317
1574147091571.0,0.0971,-0.0106,0.0696,16.3415,88.7805,-15.3659
1574147091610.0,0.0873,-0.007,0.0714,22.0122,108.5366,-16.7683
1574147091611.0,0.0858,-0.0066,0.0652,22.9878,100.6707,-17.0122
1574147091612.0,0.0795,-0.0082,0.0612,18.6585,77.5,-15.4878
1574147091613.0,0.0895,-0.01,0.0627,15.7927,55.9146,-17.0732
1574147091655.0,0.1064,-0.0092,0.0533,15.4268,41.3415,-19.2073
1574147091746.0,0.1097,-0.0074,0.0516,16.3415,26.0976,-16.9512
1574147091747.0,0.1154,-0.014,0.056,16.9512,12.1951,-17.561
1574147091748.0,0.133,-0.0197,0.0635,19.2683,5.6098,-19.6951
1574147091748.0,0.1523,-0.0125,0.0906,21.9512,9.0854,-16.5854
1574147091749.0,0.1759,-0.0176,0.1027,25.4878,23.4756,-7.5
1574147091750.0,0.1801,-0.0204,0.1099,13.9024,32.1341,3.6585
1574147091751.0,0.1492,-0.017,0.1047,6.5244,62.1951,8.2927
1574147091751.0,0.1115,-0.018,0.09,3.0488,91.8902,14.4512
1574147091752.0,0.0839,-0.0252,0.0829,-2.2561,94.3293,22.378
1574147091753.0,0.0718,-0.026,0.0784,-8.3537,70.9756,20.9146
1574147091791.0,0.0732,-0.0206,0.0695,-12.0732,38.4756,16.7073
1574147091792.0,0.091,-0.0194,0.0625,-12.0732,14.3902,14.0854
1574147091792.0,0.1074,-0.0203,0.0559,-8.7805,7.439,13.1098
1574147091793.0,0.1089,-0.0212,0.063,-6.0366,15.4268,12.2561
1574147091794.0,0.0991,-0.0178,0.0739,-2.3171,32.8049,7.6829
1574147091795.0,0.1021,-0.0121,0.079,2.9878,50.9146,2.8049
1574147091795.0,0.1079,-0.0065,0.0833,4.7561,58.8415,1.4634
1574147091836.0,0.1056,-0.0029,0.0941,4.8171,54.3902,4.3293
1574147091837.0,0.0936,-0.0037,0.1016,2.5,41.9512,5.9756
1574147091837.0,0.0791,0.0056,0.0866,-2.0732,27.7439,4.7561
1574147091838.0,0.0792,0.0167,0.0907,3.7195,20.8537,1.8902
1574147091839.0,0.1141,0.0104,0.095,-2.3171,-17.9878,11.8293
1574147091881.0,0.1711,0.0059,0.0844,-24.0244,-63.3537,17.5
1574147091882.0,0.1935,0.0148,0.0801,-34.7561,-70.7317,28.1707
1574147091882.0,0.1687,0.0201,0.085,-38.1098,-51.4634,38.6585
1574147091883.0,0.1343,0.0145,0.0834,-45.9146,-21.2195,40.2439
1574147091925.0,0.1342,0.0123,0.0715,-57.439,2.561,43.2927
1574147091927.0,0.139,0.0137,0.067,-69.8171,13.2927,52.2561
1574147091927.0,0.1266,0.0109,0.0475,-83.7805,24.6951,61.5244
1574147091928.0,0.1058,0.006,0.0257,-89.5122,43.5366,66.4634
1574147091929.0,0.0807,-0.0056,0.0136,-90.0,54.8781,65.9756
1574147091970.0,0.0656,-0.0227,0.0038,-87.5,47.439,64.0854
1574147091971.0,0.0656,-0.0404,0.0003,-82.8049,23.7805,63.0488
1574147091972.0,0.0707,-0.0546,0.0006,-74.0854,-3.9024,62.6829
1574147091973.0,0.0694,-0.066,0.0051,-57.3171,-21.6463,64.2683
1574147091973.0,0.0702,-0.0746,0.0308,-33.6585,-38.1098,64.2073
1574147092015.0,0.0919,-0.0809,0.0618,-8.9634,-54.8171,63.7805
1574147092016.0,0.1141,-0.0868,0.0729,12.622,-65.2439,68.9634
1574147092017.0,0.102,-0.0974,0.0634,32.622,-57.0122,78.5366
1574147092017.0,0.069,-0.1083,0.0552,56.4634,-36.4634,83.5976
1574147092060.0,0.035,-0.1164,0.0556,81.4634,-23.5366,85.2439
1574147092105.0,0.0272,-0.1208,0.0629,96.9512,-32.9878,79.8171
1574147092106.0,0.0272,-0.1124,0.0721,102.622,-47.7439,64.6341
1574147092106.0,0.0216,-0.1072,0.0689,106.5244,-66.0976,54.2073
1574147092107.0,0.0236,-0.1037,0.0645,106.5854,-87.439,42.378
1574147092108.0,0.0408,-0.0975,0.0653,107.8049,-104.5732,25.4878
1574147092108.0,0.0679,-0.0856,0.0831,107.3171,-107.2561,8.5976
1574147092109.0,0.0959,-0.0746,0.1024,107.6829,-94.0854,-2.561
1574147092110.0,0.1151,-0.0671,0.1096,106.2805,-64.6951,-10.6707
1574147092150.0,0.1201,-0.0579,0.1089,105.5488,-22.439,-17.378
1574147092152.0,0.1119,-0.051,0.099,104.6341,22.9268,-18.6585
1574147092152.0,0.0922,-0.0424,0.0829,104.1463,62.3781,-16.3415
1574147092153.0,0.0757,-0.0324,0.0719,103.5366,84.2073,-12.8049
1574147092154.0,0.0791,-0.0239,0.0713,100.9146,84.3293,-13.1707
1574147092196.0,0.0974,-0.012,0.0801,99.6951,68.5976,-10.7927
1574147092197.0,0.1166,-0.0038,0.1044,97.622,43.5976,-6.7683
1574147092197.0,0.1234,-0.0088,0.1251,85.3049,25.9756,-8.4756
1574147092240.0,0.1218,-0.0139,0.1328,72.622,24.5732,-12.0122
1574147092241.0,0.1164,-0.0132,0.1274,65.4878,32.9268,-8.7195
1574147092242.0,0.1093,-0.0133,0.1113,59.5122,43.7195,-0.122
1574147092243.0,0.1,-0.0161,0.0955,55.4268,54.3293,5.4268
1574147092244.0,0.0893,-0.0167,0.0844,53.4756,57.561,6.7073
1574147092245.0,0.0895,-0.0132,0.0818,51.8293,51.2195,2.9878
1574147092285.0,0.0861,-0.0073,0.0789,49.1463,41.5854,-1.2195
1574147092287.0,0.0726,-0.0041,0.0755,47.8659,31.9512,-0.8537
1574147092287.0,0.0665,-0.0049,0.0753,48.1707,20.7317,-2.2561
1574147092288.0,0.08,-0.0098,0.0767,45.122,-0.122,-5.122
1574147092331.0,0.0925,-0.019,0.0826,39.1463,-29.2683,-3.0488
1574147092332.0,0.1066,-0.0225,0.0898,32.7439,-49.1463,-3.5976
1574147092332.0,0.1189,-0.0186,0.1073,32.1951,-44.7561,-8.7805
1574147092333.0,0.1282,-0.0168,0.1201,30.9146,-20.9146,-9.3902
1574147092334.0,0.1271,-0.0125,0.1136,30.6098,11.4634,-10.3659
1574147092376.0,0.1257,-0.0046,0.1091,34.5122,37.0122,-7.1951
1574147092377.0,0.1206,-0.0036,0.0999,29.8171,54.8781,2.622
1574147092377.0,0.1169,-0.0081,0.1005,17.8659,64.3902,12.8049
1574147092378.0,0.098,-0.0187,0.0993,8.8415,64.1463,18.5366
1574147092379.0,0.0821,-0.0219,0.0899,2.6829,50.4878,10.5488
1574147092420.0,0.0711,-0.0167,0.0795,2.7439,40.7317,4.5122
1574147092421.0,0.0687,-0.0179,0.0718,2.8659,27.378,8.2317
1574147092423.0,0.075,-0.0231,0.0726,1.4024,10.9756,9.1463
1574147092424.0,0.0828,-0.023,0.0762,0.9756,4.939,8.1707
1574147092466.0,0.0897,-0.0177,0.0799,5.7927,11.8902,7.378
1574147092467.0,0.0931,-0.017,0.0812,10.6707,23.4146,6.8293
1574147092469.0,0.0886,-0.0202,0.0763,10.7927,33.5366,6.9512
1574147092470.0,0.0948,-0.0215,0.0735,10.3659,38.2317,6.7073
1574147092472.0,0.1061,-0.0199,0.0852,11.7683,38.6585,4.939
1574147092510.0,0.0917,-0.0171,0.089,10.9756,44.6341,6.3415
1574147092511.0,0.0749,-0.0188,0.0883,11.1585,56.7073,7.7439
1574147092511.0,0.0751,-0.0192,0.0888,12.378,54.6341,8.7195
1574147092512.0,0.0749,-0.0168,0.0945,13.5976,34.939,8.2927
1574147092555.0,0.0733,-0.0165,0.1041,12.0732,17.5,6.4024
1574147092556.0,0.0873,-0.0171,0.1078,9.6341,5.4268,5.061
1574147092556.0,0.1186,-0.0204,0.1038,7.9268,3.8415,6.4024
1574147092557.0,0.1183,-0.0197,0.1041,8.5366,20.0,10.9756
1574147092558.0,0.0988,-0.0278,0.1047,8.4756,41.7683,11.8902
1574147092600.0,0.0971,-0.0388,0.1067,4.878,52.9268,9.3293
1574147092601.0,0.0914,-0.0374,0.1069,3.2927,52.6829,14.7561
1574147092602.0,0.0705,-0.032,0.1057,7.378,53.5366,17.6829
1574147092602.0,0.0596,-0.0322,0.0998,11.7683,54.0854,15.3049
1574147092646.0,0.0594,-0.0298,0.0958,12.439,42.3171,16.5854
1574147092647.0,0.0551,-0.0268,0.0991,13.9634,27.6829,17.9878
1574147092648.0,0.0546,-0.0274,0.1044,15.7317,21.4024,13.2927
1574147092648.0,0.075,-0.0302,0.1038,16.0976,16.5244,8.4756
1574147092649.0,0.0926,-0.0299,0.1019,18.4146,15.9146,6.4634
1574147092690.0,0.0883,-0.0358,0.1072,19.0244,26.2805,5.4878
1574147092691.0,0.0743,-0.0363,0.1099,15.9146,40.4268,4.7561
1574147092692.0,0.0711,-0.0331,0.1033,15.2439,45.7927,3.7195
1574147092693.0,0.0712,-0.0331,0.0997,15.4268,38.8415,5.4268
1574147092694.0,0.0695,-0.0334,0.1007,15.4878,30.0,6.6463
1574147092736.0,0.0587,-0.0305,0.1038,14.6341,22.622,6.9512
1574147092737.0,0.0517,-0.0275,0.103,14.6951,12.0732,5.0
1574147092737.0,0.0462,-0.0231,0.0983,11.9512,-5.6098,4.7561
1574147092738.0,0.0347,-0.0186,0.0923,9.0244,-26.4634,4.1463
1574147092781.0,0.0191,-0.0096,0.0867,9.6951,-44.8171,1.9512
1574147092782.0,0.0129,-0.0092,0.0863,13.5366,-69.0244,-2.5
1574147092783.0,0.017,0.0023,0.074,14.2683,-98.0488,-9.2073
1574147092783.0,0.0276,0.0182,0.0618,15.8537,-123.2927,-16.3415
1574147092784.0,0.069,0.0292,0.061,14.5122,-141.4634,-28.7195
1574147092825.0,0.1555,0.0106,0.071,6.7683,-147.3171,-36.2805
1574147092827.0,0.1998,0.0026,0.0791,-1.5854,-111.8902,-34.5122
1574147092827.0,0.16,0.0115,0.0742,1.4634,-27.8659,-22.9878
1574147092828.0,0.0797,0.0097,0.0774,9.0244,64.2683,-8.9024
1574147092870.0,0.0512,0.0193,0.0894,12.0122,105.3049,-13.1098
1574147092871.0,0.1014,0.0331,0.1214,16.7073,73.3537,-16.0366
1574147092872.0,0.1799,0.0222,0.1361,10.5488,16.1585,-6.8293
1574147092873.0,0.1721,0.0229,0.1303,-2.561,15.6707,8.3537
1574147092874.0,0.1006,0.0054,0.0934,-2.9268,85.061,18.1707
1574147092915.0,0.0285,0.0208,0.1197,-2.0732,155.2439,9.878
1574147092916.0,-0.0553,0.0393,0.1409,4.5122,204.939,1.5854
1574147092917.0,0.0081,0.0017,0.1104,2.3171,184.3293,-11.9512
1574147092918.0,0.0611,-0.0095,0.1083,-4.6341,107.439,2.8049
1574147092960.0,0.0502,-0.0146,0.0949,5.0,65.6707,11.2195
1574147092961.0,0.0585,-0.0148,0.076,13.1707,51.5244,-2.9878
1574147092962.0,0.0765,-0.0172,0.0808,22.622,33.5976,-11.8902
1574147092963.0,0.0767,-0.0133,0.0886,31.1585,21.7073,-8.9634
1574147092964.0,0.105,-0.0112,0.0999,39.0244,16.3415,3.0488
1574147093005.0,0.1443,-0.0168,0.1169,39.6951,3.0488,12.439
1574147093006.0,0.1345,-0.0253,0.1351,33.9634,6.7073,21.8293
1574147093006.0,0.0834,-0.0303,0.1106,27.3171,41.3415,26.2805
1574147093007.0,0.0474,-0.0347,0.0864,22.7439,72.7439,24.6951
1574147093050.0,0.0421,-0.0445,0.0956,21.5244,77.8049,24.2073
1574147093051.0,0.0463,-0.0452,0.1089,19.878,68.2927,27.622
1574147093052.0,0.0393,-0.0333,0.1111,19.2073,59.8781,30.7927
1574147093052.0,0.0289,-0.0182,0.1125,20.061,55.061,24.8171
1574147093053.0,0.0225,-0.0057,0.1087,18.4146,49.4512,16.7683
1574147093095.0,0.0106,0.0009,0.0988,14.5122,40.3659,13.7805
1574147093096.0,0.0091,0.0005,0.0943,11.5854,25.3659,12.9878
1574147093097.0,0.0261,-0.0026,0.0961,7.9268,-1.2805,13.7805
1574147093097.0,0.0385,0.0018,0.0972,3.7805,-30.4268,17.1951
1574147093098.0,0.043,0.0101,0.0999,2.3171,-51.4024,18.2927
1574147093140.0,0.05,0.0209,0.1214,4.2683,-70.2439,15.5488
1574147093141.0,0.0748,0.0222,0.144,6.5244,-96.8902,11.2195
1574147093142.0,0.0973,0.0226,0.158,-1.6463,-120.6098,7.5
1574147093142.0,0.0879,0.0253,0.1711,-8.9634,-117.9878,13.6585
1574147093185.0,0.0853,0.0172,0.1512,-19.4512,-98.7195,17.0122
1574147093187.0,0.0937,0.0079,0.1363,-32.622,-77.3171,14.0244
1574147093187.0,0.0969,-0.0078,0.1263,-46.8293,-69.8781,14.939
1574147093188.0,0.0917,-0.0248,0.1188,-55.4878,-68.2927,12.1341
1574147093189.0,0.0925,-0.0293,0.11,-55.5488,-55.4268,8.1098
1574147093230.0,0.0861,-0.03,0.116,-54.5122,-35.7927,10.122
1574147093231.0,0.0765,-0.0363,0.1201,-51.4024,-8.7805,11.8902
1574147093232.0,0.0757,-0.0383,0.0994,-48.5976,22.3171,10.4268
1574147093233.0,0.0734,-0.0352,0.0875,-42.439,41.7073,10.3049
1574147093276.0,0.0463,-0.0344,0.0848,-30.7927,50.122,10.6098
1574147093277.0,0.0298,-0.0376,0.089,-22.561,46.5854,4.3902
1574147093277.0,0.0337,-0.0401,0.0947,-19.3902,32.378,-2.5
1574147093278.0,0.043,-0.041,0.0981,-20.122,11.4024,-0.5488
1574147093279.0,0.0539,-0.0407,0.1014,-19.2683,-2.7439,-0.122
1574147093321.0,0.0667,-0.0408,0.1038,-16.8902,-5.9756,-6.8293
1574147093322.0,0.0677,-0.0401,0.1097,-15.6098,0.9146,-12.8659
1574147093322.0,0.0648,-0.0355,0.1143,-15.4268,12.9878,-12.0122
1574147093323.0,0.069,-0.0324,0.1062,-15.0,23.2927,-9.0854
1574147093366.0,0.0679,-0.0305,0.0967,-14.939,21.0366,-4.5122
1574147093367.0,0.069,-0.0255,0.0931,-13.5366,4.6951,-2.5
1574147093367.0,0.0717,-0.0242,0.096,-11.3415,-15.1829,-6.5244
1574147093368.0,0.0732,-0.0283,0.092,-12.3171,-32.9878,-8.1098
1574147093369.0,0.0824,-0.0309,0.0917,-12.561,-45.061,-7.7439
1574147093410.0,0.0977,-0.0272,0.0909,-9.6951,-51.8293,-7.2561
1574147093411.0,0.1,-0.0248,0.095,-7.3171,-46.1585,-5.3049
1574147093412.0,0.0856,-0.0257,0.0977,-5.7927,-26.3415,-3.7195
1574147093413.0,0.0645,-0.0273,0.0974,-2.561,-3.3537,-2.0732
1574147093414.0,0.0513,-0.0251,0.0976,1.1585,7.1341,-0.4878
1574147093456.0,0.0531,-0.0186,0.0959,4.5122,-4.1463,0.061
1574147093457.0,0.058,-0.0161,0.0916,3.6585,-26.7073,-0.3049
1574147093457.0,0.0619,-0.0164,0.0988,1.3415,-45.7927,-3.7195
1574147093458.0,0.0728,-0.0148,0.1069,-0.061,-51.8293,-3.9024
1574147093501.0,0.0839,-0.0165,0.1143,-4.1463,-48.5366,-0.2439
1574147093502.0,0.0818,-0.0197,0.1174,-10.6707,-43.7195,-0.4878
1574147093502.0,0.0694,-0.0251,0.118,-14.5732,-31.5244,-4.7561
1574147093503.0,0.0679,-0.0257,0.1025,-14.878,-24.6951,-7.5
1574147093504.0,0.083,-0.0152,0.0914,-12.2561,-30.122,-9.2683
1574147093546.0,0.0866,-0.01,0.0966,-8.1707,-32.7439,-6.0976
1574147093547.0,0.0851,-0.0161,0.0999,-10.6098,-30.122,-5.9146
1574147093548.0,0.0851,-0.0189,0.0908,-13.8415,-28.4756,-8.0488
1574147093548.0,0.0855,-0.0199,0.0792,-11.2195,-28.0488,-5.1829
1574147093591.0,0.0859,-0.0184,0.075,-5.4268,-24.0244,-2.8049
1574147093592.0,0.087,-0.0187,0.0705,0.061,-20.1829,-2.8049
1574147093636.0,0.0849,-0.0212,0.0704,1.9512,-19.2073,-6.5244
1574147093637.0,0.079,-0.0182,0.0774,5.3049,-15.7317,-11.8902
1574147093638.0,0.0691,-0.0123,0.0868,8.9024,-10.5488,-14.0854
1574147093639.0,0.0628,-0.0106,0.0947,10.8537,-9.0244,-15.4878
1574147093640.0,0.0678,-0.0098,0.1021,9.8171,-16.4024,-16.1585
1574147093641.0,0.0839,-0.0117,0.1038,6.4634,-30.4878,-14.6951
1574147093642.0,0.1011,-0.0124,0.1047,1.2805,-43.5366,-13.1707
1574147093643.0,0.1075,-0.0117,0.1007,-1.0366,-53.3537,-11.6463
1574147093680.0,0.0975,-0.0137,0.0914,-2.9878,-51.8293,-8.3537
1574147093682.0,0.0904,-0.0142,0.0883,-2.3171,-44.6341,-5.7317
1574147093682.0,0.0926,-0.0129,0.0966,-1.2195,-43.4146,-5.7317
1574147093683.0,0.0935,-0.0169,0.101,-7.0122,-49.7561,-5.122
1574147093725.0,0.0893,-0.0219,0.1011,-14.3902,-57.9268,-2.8049
1574147093726.0,0.0896,-0.0233,0.1008,-16.1585,-66.8293,-2.6829
1574147093727.0,0.0911,-0.0234,0.1,-17.5,-79.3902,-3.4146
1574147093728.0,0.0924,-0.0232,0.0929,-21.1585,-90.0,-2.378
1574147093729.0,0.0933,-0.0209,0.0843,-22.439,-93.7805,-2.378
1574147093771.0,0.0964,-0.0175,0.0771,-20.1829,-94.5732,-3.2317
1574147093772.0,0.0939,-0.0161,0.0705,-17.3171,-93.2927,-2.561
1574147093772.0,0.0831,-0.0191,0.0637,-17.2561,-93.2317,-0.2439
1574147093773.0,0.0814,-0.0193,0.064,-15.4878,-93.3537,-0.3659
1574147093816.0,0.0961,-0.0159,0.066,-11.7073,-95.061,-1.3415
1574147093817.0,0.1129,-0.0161,0.0667,-11.2805,-102.0122,0.9146
1574147093817.0,0.1218,-0.0164,0.0742,-14.4512,-107.561,3.7195
1574147093818.0,0.1245,-0.0156,0.0877,-15.061,-100.061,4.2683
1574147093819.0,0.1172,-0.019,0.0883,-15.8537,-82.439,5.6098
1574147093861.0,0.1065,-0.0222,0.0848,-19.878,-69.0854,4.7561
1574147093862.0,0.1069,-0.0192,0.0739,-21.8293,-66.7073,3.7195
1574147093862.0,0.1089,-0.0181,0.0635,-20.4878,-66.5854,9.4512
1574147093863.0,0.1003,-0.0234,0.0596,-21.5244,-66.4634,14.0244
1574147093906.0,0.0978,-0.0261,0.0576,-22.8659,-68.8415,9.6341
1574147093907.0,0.1102,-0.0225,0.0557,-21.2805,-76.1585,6.4634
1574147093908.0,0.1198,-0.0208,0.0587,-21.4634,-85.0,11.4024
1574147093908.0,0.1218,-0.0254,0.0703,-25.3659,-90.8537,17.1341
1574147093909.0,0.1243,-0.0331,0.0721,-29.878,-87.7439,16.4024
1574147093950.0,0.1323,-0.0373,0.0671,-32.2561,-73.8415,15.061
1574147093951.0,0.1355,-0.0342,0.0623,-31.7073,-54.939,18.1098
1574147093952.0,0.1271,-0.0314,0.0553,-29.2073,-34.3902,20.7927
1574147093953.0,0.1103,-0.0309,0.0499,-26.3415,-16.5854,19.0244
1574147093996.0,0.0984,-0.0305,0.0474,-24.4512,-11.2195,14.5122
1574147093997.0,0.0999,-0.0298,0.0461,-23.2927,-19.7561,10.6098
1574147093997.0,0.1047,-0.0299,0.0436,-24.3293,-33.2317,12.0122
1574147093998.0,0.111,-0.0311,0.0433,-26.2195,-43.0488,15.061
1574147093999.0,0.1176,-0.0333,0.0444,-26.4634,-47.3171,14.5122
1574147094041.0,0.1232,-0.0366,0.0433,-28.1098,-46.7683,13.5366
1574147094042.0,0.1292,-0.0381,0.0435,-30.6098,-41.8902,15.2439
1574147094043.0,0.1331,-0.0372,0.0387,-30.6098,-31.6463,17.9268
1574147094043.0,0.1329,-0.0366,0.0329,-27.6829,-17.1341,20.4878
1574147094085.0,0.1277,-0.0363,0.0292,-24.3293,-1.7683,21.7683
1574147094086.0,0.1242,-0.037,0.027,-21.7073,9.2073,22.7439
1574147094087.0,0.1221,-0.0378,0.0258,-19.0244,14.0854,24.2683
1574147094087.0,0.1196,-0.0388,0.0254,-16.7073,12.0122,25.5488
1574147094088.0,0.1174,-0.0405,0.0248,-14.7561,8.2317,24.878
1574147094130.0,0.1106,-0.0406,0.0372,-13.2927,7.7439,26.0976
1574147094131.0,0.104,-0.0378,0.0483,-9.6951,7.378,27.8049
1574147094132.0,0.1071,-0.0401,0.0475,-8.3537,1.2805,29.0244
1574147094132.0,0.112,-0.0442,0.0469,-11.8902,-11.8293,30.6098
1574147094133.0,0.1167,-0.0474,0.0447,-13.7805,-23.8415,32.0732
1574147094175.0,0.1187,-0.0484,0.0443,-13.4756,-29.5732,31.6463
1574147094176.0,0.1198,-0.0468,0.043,-10.9146,-26.1585,29.6951
1574147094177.0,0.1271,-0.0448,0.0483,-6.0976,-15.7927,28.8415
1574147094177.0,0.1364,-0.0455,0.0564,-3.4756,-0.9756,29.8171
1574147094220.0,0.1299,-0.0436,0.0654,-3.6585,25.3659,30.122
1574147094221.0,0.1237,-0.0407,0.0589,-2.1341,69.6341,26.7683
1574147094222.0,0.129,-0.0421,0.0511,3.4756,110.3659,23.8415
1574147094222.0,0.1271,-0.0458,0.0574,3.3537,126.8902,28.4146
1574147094223.0,0.1053,-0.048,0.0688,1.7073,132.6829,31.7683
1574147094266.0,0.0768,-0.048,0.0709,3.9024,140.9146,26.6463
1574147094266.0,0.0588,-0.046,0.072,6.9512,139.0244,20.5488
1574147094267.0,0.0545,-0.0425,0.0762,6.8293,110.6707,17.9878
1574147094267.0,0.0682,-0.0464,0.082,1.4634,66.6463,18.5976
1574147094310.0,0.092,-0.0529,0.0814,-7.561,21.5854,17.5
1574147094311.0,0.1085,-0.0541,0.0734,-16.4634,-10.7317,17.2561
1574147094312.0,0.1096,-0.0548,0.0645,-19.878,-16.6463,17.9878
1574147094312.0,0.1097,-0.0563,0.0542,-19.4512,-2.8049,13.7195
1574147094313.0,0.1041,-0.0524,0.0516,-12.378,11.8902,7.8049
1574147094356.0,0.0987,-0.0526,0.0482,-6.0976,14.0854,6.5854
1574147094357.0,0.0918,-0.0549,0.047,-4.1463,12.9268,5.3659
1574147094358.0,0.09,-0.0552,0.0492,-1.4634,11.0366,4.4512
1574147094358.0,0.1022,-0.0575,0.0609,2.561,3.7805,3.2317
1574147094401.0,0.1182,-0.0583,0.0735,4.4512,-4.0244,2.1341
1574147094402.0,0.1204,-0.0543,0.0823,8.4146,-1.5854,0.7927
1574147094402.0,0.1204,-0.0504,0.0802,11.0976,8.5366,-0.9756
1574147094403.0,0.1188,-0.0529,0.0696,7.5,22.3171,-0.3659
1574147094404.0,0.1104,-0.0544,0.0594,1.8293,39.0854,2.3171
1574147094446.0,0.0973,-0.0497,0.0544,2.9268,54.1463,7.1341
1574147094447.0,0.0978,-0.0474,0.053,7.378,59.8781,12.0122
1574147094448.0,0.0986,-0.046,0.0545,8.2927,54.6341,14.939
1574147094448.0,0.0949,-0.0466,0.0549,9.3902,42.8049,15.1829
1574147094449.0,0.0946,-0.0485,0.0582,11.0976,29.0244,8.7195
1574147094491.0,0.1008,-0.0495,0.0607,11.7683,16.3415,4.6951
1574147094492.0,0.0992,-0.052,0.0692,8.9634,11.4024,7.3171
1574147094492.0,0.092,-0.0526,0.0854,9.2683,17.6829,8.7805
1574147094493.0,0.097,-0.0521,0.0935,11.8293,27.7439,5.9756
1574147094536.0,0.1056,-0.0524,0.0906,9.6951,29.3293,3.6585
1574147094537.0,0.0958,-0.0505,0.0837,4.939,29.2683,7.9878
1574147094537.0,0.0668,-0.0506,0.0679,4.4512,34.2073,8.1098
1574147094538.0,0.0585,-0.0525,0.0576,5.3049,34.4512,-0.4268
1574147094539.0,0.0791,-0.0486,0.0616,7.2561,21.6463,-6.0366
1574147094581.0,0.099,-0.0483,0.0739,9.939,-0.2439,-1.4024
1574147094582.0,0.1072,-0.053,0.0771,8.9024,-14.3293,2.378
1574147094583.0,0.1088,-0.0532,0.0743,10.2439,-10.4878,-0.6707
1574147094583.0,0.098,-0.0494,0.0756,12.378,2.0122,-3.2317
1574147094626.0,0.0837,-0.0504,0.0775,11.8293,11.2805,-4.0244
1574147094627.0,0.0762,-0.0504,0.0776,8.6585,12.3171,-7.0732
1574147094628.0,0.0734,-0.0453,0.0787,8.6585,4.5122,-8.3537
1574147094628.0,0.075,-0.0409,0.0821,9.0854,-7.1951,-7.8049
1574147094629.0,0.0789,-0.0413,0.0829,7.622,-19.7561,-8.0488
1574147094670.0,0.0898,-0.0454,0.0784,3.9634,-32.9878,-7.9878
1574147094671.0,0.103,-0.0491,0.0755,0.9146,-43.9024,-6.9512
1574147094672.0,0.1119,-0.0487,0.0773,0.122,-46.9512,-4.4512
1574147094672.0,0.1039,-0.0461,0.076,1.9512,-41.5244,-2.5
1574147094715.0,0.0853,-0.0444,0.0688,6.3415,-37.439,-2.9268
1574147094716.0,0.071,-0.0421,0.0687,8.7195,-50.1829,-6.5244
1574147094717.0,0.0705,-0.0412,0.0646,5.4878,-84.6341,-12.378
1574147094717.0,0.0845,-0.0396,0.0617,-0.9146,-120.5488,-15.122
1574147094718.0,0.1024,-0.0419,0.0586,-5.3049,-143.5366,-12.9878
1574147094760.0,0.1066,-0.0425,0.0626,-8.2927,-151.7683,-11.1585
1574147094761.0,0.1039,-0.0389,0.0616,-8.7805,-149.939,-9.0244
1574147094762.0,0.0982,-0.0363,0.0497,-7.6829,-140.7927,-5.3049
1574147094762.0,0.1011,-0.0375,0.0383,-6.3415,-141.9512,-3.5976
1574147094763.0,0.1081,-0.0424,0.0305,-9.7561,-155.3659,-4.7561
1574147094806.0,0.1124,-0.0472,0.0279,-17.3171,-172.561,-8.4146
1574147094807.0,0.1271,-0.0498,0.0293,-18.7805,-182.8049,-12.9268
1574147094808.0,0.1335,-0.0509,0.037,-15.9146,-178.2317,-10.6707
1574147094808.0,0.1262,-0.0503,0.0309,-15.0,-165.1829,-10.0
1574147094851.0,0.1208,-0.0507,0.0182,-13.0488,-146.6463,-17.2561
1574147094852.0,0.1161,-0.0514,0.0094,-12.561,-132.561,-20.2439
1574147094852.0,0.1136,-0.0492,0.0003,-11.4024,-126.8902,-18.1707
1574147094853.0,0.1227,-0.0458,-0.0022,-7.3171,-118.4146,-18.4756
1574147094854.0,0.1298,-0.0405,-0.0037,0.122,-102.7439,-16.0366
1574147094895.0,0.1284,-0.0425,-0.0032,6.8293,-84.1463,-9.2683
1574147094897.0,0.1191,-0.0454,-0.0002,7.439,-69.6341,-4.939
1574147094898.0,0.1204,-0.0469,0.0032,6.8902,-66.6463,-3.5976
1574147094899.0,0.1297,-0.0482,0.0082,7.8659,-73.7195,-2.7439
1574147094940.0,0.1301,-0.0488,0.0126,6.4634,-84.6951,-1.9512
1574147094941.0,0.1301,-0.0476,-0.0015,2.439,-90.061,-4.2683
1574147094942.0,0.1266,-0.0504,-0.0141,0.061,-90.4268,-4.8171
1574147094942.0,0.1243,-0.0557,-0.0164,-0.2439,-93.7195,-8.4146
1574147094943.0,0.1374,-0.0586,-0.0195,2.378,-99.4512,-12.3171
1574147094985.0,0.1511,-0.061,-0.018,7.1951,-99.5122,-9.2073
1574147094986.0,0.1404,-0.065,-0.0063,13.0488,-88.0488,-9.0854
1574147094987.0,0.1166,-0.0629,-0.002,16.4634,-69.0244,-18.3537
1574147094987.0,0.1165,-0.0507,-0.0018,23.7805,-51.8902,-26.0976
1574147095030.0,0.1224,-0.043,-0.0013,35.3659,-36.5854,-22.8659
1574147095031.0,0.1063,-0.0356,0.0031,41.4634,-22.8049,-20.4878
1574147095032.0,0.0898,-0.0353,0.0062,44.3293,-20.5488,-19.5732
1574147095032.0,0.103,-0.0356,0.0069,41.8902,-35.7927,-19.5122
1574147095033.0,0.1257,-0.0302,0.0089,42.622,-50.3659,-15.3049
1574147095076.0,0.1287,-0.0255,0.0119,43.8415,-45.7317,-9.8171
1574147095077.0,0.1158,-0.0275,0.0093,41.6463,-27.1341,-4.939
1574147095077.0,0.1104,-0.0306,0.0074,34.8171,-13.8415,-4.2683
1574147095078.0,0.1241,-0.0367,0.0015,27.6829,-16.0366,-7.6829
1574147095120.0,0.1414,-0.0402,-0.0013,20.4268,-33.2927,-14.1463
1574147095121.0,0.1556,-0.037,-0.0096,14.5122,-50.3659,-20.0
1574147095122.0,0.1589,-0.032,-0.0095,14.5732,-44.3293,-18.3537
1574147095122.0,0.1459,-0.031,-0.0019,16.5244,-22.8659,-10.4878
1574147095123.0,0.1322,-0.0291,-0.0021,17.6829,-3.7805,-5.3049
1574147095166.0,0.1272,-0.0319,-0.0031,20.122,6.8902,-0.6707
1574147095167.0,0.1241,-0.037,-0.0026,19.939,9.4512,2.2561
1574147095167.0,0.1199,-0.0414,-0.0035,18.0488,10.0,4.2073
1574147095168.0,0.118,-0.0374,-0.0052,16.5854,9.7561,3.8415
1574147095168.0,0.119,-0.0378,-0.0101,17.9268,10.5488,4.2683
1574147095210.0,0.134,-0.0369,-0.0066,17.1341,8.7805,0.3049
1574147095211.0,0.1461,-0.0354,-0.0081,19.0854,8.4756,-2.5
1574147095212.0,0.1458,-0.0375,-0.0071,21.6463,17.5,-2.9878
1574147095212.0,0.1378,-0.0382,-0.0035,22.378,32.9268,-3.7805
1574147095256.0,0.1216,-0.0349,0.0035,23.0488,49.4512,-2.9268
1574147095257.0,0.1117,-0.0301,0.0084,25.6098,56.1585,-3.1098
1574147095257.0,0.1108,-0.0345,0.0045,26.1585,53.2317,-1.5854
1574147095258.0,0.1146,-0.0403,0.0056,20.9146,44.6341,-2.7439
1574147095258.0,0.1194,-0.0395,0.0133,17.439,36.4024,-5.6098
1574147095301.0,0.1133,-0.0361,0.0146,16.2195,34.1463,-6.0366
1574147095302.0,0.1036,-0.0317,0.0126,14.2683,32.3171,-7.378
1574147095302.0,0.1052,-0.0372,0.0034,12.439,23.6585,-5.4878
1574147095303.0,0.1161,-0.0411,-0.0051,7.7439,8.4756,-5.8537
1574147095346.0,0.1337,-0.0388,-0.0092,6.4634,-4.3902,-6.4634
1574147095347.0,0.1461,-0.0364,-0.0076,8.8415,-6.9512,-3.7195
1574147095347.0,0.1475,-0.0358,-0.0091,10.3049,6.5244,-1.3415
1574147095348.0,0.1417,-0.0385,-0.0081,11.2195,32.622,-0.122
1574147095349.0,0.1329,-0.0398,-0.0023,10.6707,55.3049,1.8902
1574147095391.0,0.1256,-0.0392,-0.0007,11.2805,73.1098,2.2561
1574147095392.0,0.1219,-0.0387,0.0007,12.0122,84.8781,2.8049
1574147095392.0,0.1133,-0.036,0.0067,12.439,90.7317,4.2073
1574147095393.0,0.1143,-0.032,0.0078,12.8659,88.9024,5.5488
1574147095436.0,0.1212,-0.0312,0.0093,13.5976,80.5488,8.1098
1574147095437.0,0.1258,-0.033,0.0086,12.5,68.2317,10.4268
1574147095438.0,0.1339,-0.0374,0.0049,11.7683,61.4634,10.1829
1574147095439.0,0.1409,-0.0429,0.0087,12.439,63.7805,11.2195
1574147095439.0,0.1409,-0.0436,0.0153,12.8659,71.9512,13.5366
1574147095481.0,0.1291,-0.0383,0.0172,15.3049,89.2073,11.6463
1574147095481.0,0.1175,-0.0334,0.0255,18.7805,107.8659,9.4512
1574147095482.0,0.1204,-0.0308,0.0307,20.061,118.1098,9.6341
1574147095482.0,0.1254,-0.0336,0.0319,20.122,126.7073,12.1951
1574147095483.0,0.1182,-0.033,0.0347,19.6951,134.6951,14.3902
1574147095526.0,0.1033,-0.0336,0.0417,20.3659,140.3659,16.2805
1574147095527.0,0.0974,-0.0335,0.039,18.9634,140.3049,15.0
1574147095528.0,0.1002,-0.036,0.0358,19.5732,133.7805,15.8537
1574147095528.0,0.1079,-0.0418,0.0472,17.5,113.1707,14.2073
1574147095571.0,0.1001,-0.0425,0.0565,13.8415,90.3659,7.439
1574147095572.0,0.0877,-0.0397,0.051,13.3537,79.2683,1.7073
1574147095572.0,0.0911,-0.0389,0.0408,14.5732,71.2805,-0.061
1574147095573.0,0.0977,-0.0353,0.0425,15.1829,59.8171,3.4756
1574147095573.0,0.0909,-0.0333,0.053,16.0976,52.439,8.3537
1574147095616.0,0.0859,-0.0355,0.0537,14.0244,48.1707,6.4634
1574147095617.0,0.0937,-0.0357,0.0613,10.6098,37.1341,4.6951
1574147095617.0,0.106,-0.0352,0.0613,6.7073,18.3537,5.7317
1574147095618.0,0.1159,-0.0426,0.0612,3.3537,1.0366,5.8537
1574147095661.0,0.1185,-0.0488,0.062,-0.9756,-2.9878,5.5488
1574147095662.0,0.1226,-0.0436,0.0617,-1.0976,4.3293,3.2927
1574147095662.0,0.1227,-0.0367,0.0623,1.2805,15.3049,4.2683
1574147095663.0,0.1114,-0.0416,0.0635,0.061,27.439,5.6098
1574147095664.0,0.1047,-0.0415,0.0668,-3.3537,33.6585,1.9512
1574147095706.0,0.1061,-0.0378,0.0686,-3.1098,32.622,2.439
1574147095707.0,0.1074,-0.0416,0.0658,-3.9634,24.0854,5.061
1574147095708.0,0.1046,-0.0433,0.0654,-7.9878,14.2683,6.0976
1574147095708.0,0.1096,-0.0391,0.0685,-9.3293,6.5854,5.6098
1574147095750.0,0.1186,-0.0402,0.0609,-8.9024,2.622,5.9756
1574147095751.0,0.1243,-0.0448,0.0482,-9.2683,2.6829,6.1585
1574147095752.0,0.1228,-0.0416,0.054,-9.1463,6.5854,5.7927
1574147095752.0,0.1202,-0.0406,0.0568,-6.9512,13.8415,3.0488
1574147095753.0,0.1141,-0.0416,0.0541,-5.0,26.7073,1.5854
1574147095796.0,0.1069,-0.0406,0.0527,-1.9512,36.7683,4.2683
1574147095796.0,0.1003,-0.038,0.0562,0.0,38.8415,6.5244
1574147095797.0,0.0906,-0.0358,0.063,0.7317,34.878,7.6829
1574147095797.0,0.088,-0.0389,0.0649,0.2439,26.4634,7.1951
1574147095798.0,0.0945,-0.0407,0.0635,-1.2805,14.0244,6.8293
1574147095841.0,0.1019,-0.0426,0.0618,-2.3171,-0.5488,6.5854
1574147095842.0,0.1074,-0.0413,0.0619,-4.5122,-11.3415,3.6585
1574147095842.0,0.1129,-0.0384,0.0673,-5.8537,-15.6707,0.8537
1574147095843.0,0.1188,-0.0387,0.0695,-5.6098,-10.4878,0.122
1574147095886.0,0.1208,-0.0435,0.0676,-5.6098,1.2195,1.2805
1574147095887.0,0.1115,-0.0443,0.0645,-6.3415,12.8659,3.1707
1574147095888.0,0.1003,-0.041,0.0607,-6.0976,23.7805,3.4146
1574147095888.0,0.0914,-0.0389,0.0574,-4.939,28.8415,3.6585
1574147095889.0,0.0872,-0.0397,0.053,-4.1463,24.3902,2.561
1574147095931.0,0.0923,-0.0411,0.0535,-3.8415,13.6585,1.7073
1574147095932.0,0.101,-0.0414,0.0556,-4.6951,0.3049,2.439
1574147095932.0,0.104,-0.0396,0.0533,-6.7073,-11.3415,2.9268
1574147095933.0,0.1057,-0.0373,0.0591,-7.6829,-18.5976,2.8049
1574147095976.0,0.1125,-0.0433,0.0666,-9.0854,-21.7683,2.622
1574147095977.0,0.1201,-0.0479,0.0599,-13.1098,-21.8902,2.3171
1574147095978.0,0.1193,-0.045,0.0551,-12.1341,-19.939,5.1829
1574147095979.0,0.1105,-0.0444,0.0533,-9.5122,-13.7805,8.1707
1574147095979.0,0.1049,-0.048,0.0527,-10.3049,-7.7439,7.6829
1574147096021.0,0.1042,-0.0491,0.0504,-11.0976,-7.439,8.1707
1574147096022.0,0.1075,-0.0468,0.049,-9.3902,-12.7439,10.9756
1574147096023.0,0.1107,-0.0493,0.0509,-8.9634,-20.122,13.4146
1574147096024.0,0.1021,-0.0516,0.054,-12.1341,-22.9268,12.9268
1574147096066.0,0.0909,-0.0471,0.0574,-12.9268,-19.5122,7.622
1574147096111.0,0.0911,-0.0424,0.059,-10.9756,-19.878,4.2683
1574147096156.0,0.0964,-0.043,0.0566,-11.5244,-26.9512,3.5366
1574147096156.0,0.0984,-0.0437,0.0538,-14.4512,-34.0244,1.5854
1574147096157.0,0.1012,-0.0425,0.0509,-15.3049,-40.061,-2.561
1574147096158.0,0.1083,-0.0426,0.0496,-15.6098,-46.0976,-4.939
1574147096158.0,0.1218,-0.039,0.054,-14.939,-47.6829,-5.1829
1574147096159.0,0.1357,-0.0364,0.0546,-12.7439,-40.0,-2.0122
1574147096160.0,0.1376,-0.0408,0.0545,-12.9878,-20.2439,1.7683
1574147096160.0,0.1341,-0.0461,0.0527,-13.4756,2.439,1.8293
1574147096161.0,0.1266,-0.049,0.0531,-12.0732,22.1341,3.5976
1574147096162.0,0.1157,-0.0485,0.0545,-11.4024,33.2317,5.122
1574147096200.0,0.1028,-0.045,0.0549,-11.2195,36.6463,4.1463
1574147096201.0,0.095,-0.0445,0.0567,-10.6707,29.4512,1.4024
1574147096202.0,0.0953,-0.0474,0.0554,-11.4634,8.4146,-0.5488
1574147096202.0,0.1039,-0.0498,0.0551,-15.061,-18.5976,0.061
1574147096203.0,0.1101,-0.049,0.0587,-17.9878,-39.7561,1.8902
1574147096204.0,0.1096,-0.0483,0.0584,-20.0,-49.1463,3.3537
1574147096204.0,0.1082,-0.0496,0.0534,-22.8049,-54.0244,2.8659
1574147096245.0,0.1091,-0.0485,0.0466,-23.2927,-57.561,0.0
1574147096246.0,0.1154,-0.0496,0.0424,-22.2561,-60.6707,-1.4634
1574147096247.0,0.1279,-0.0488,0.0428,-24.0854,-61.2195,-3.3537
1574147096247.0,0.1511,-0.0534,0.042,-24.7561,-53.5366,-3.4146
1574147096291.0,0.1691,-0.059,0.0339,-23.5366,-30.3659,-2.0732
1574147096292.0,0.1599,-0.0537,0.0241,-17.9878,13.4146,-0.7927
1574147096292.0,0.1235,-0.049,0.023,-8.0488,66.5244,2.1951
1574147096293.0,0.0916,-0.0585,0.0307,-2.561,99.8171,6.0366
1574147096294.0,0.0768,-0.0623,0.0386,-1.4024,100.2439,6.1585
1574147096336.0,0.0729,-0.0501,0.0421,5.9146,80.3049,2.561
1574147096337.0,0.0804,-0.0447,0.0441,14.5732,54.6341,2.5
1574147096338.0,0.0834,-0.0428,0.0474,13.7195,27.561,2.0122
1574147096338.0,0.0821,-0.0399,0.0484,9.939,6.4024,-1.0366
1574147096381.0,0.0891,-0.0411,0.0474,7.0122,-9.878,-1.5854
1574147096382.0,0.1066,-0.0488,0.0435,2.561,-26.5854,2.1951
1574147096383.0,0.1207,-0.0535,0.0382,-0.9756,-39.7561,3.5976
1574147096383.0,0.1165,-0.0529,0.0329,-0.4878,-36.5244,4.1463
1574147096384.0,0.1133,-0.0566,0.0294,2.378,-24.939,6.5854
1574147096426.0,0.1282,-0.0543,0.0433,7.378,-15.6707,7.6829
1574147096427.0,0.1475,-0.0465,0.0501,16.0366,0.3049,11.5854
1574147096428.0,0.1506,-0.0408,0.0462,22.0122,38.4756,16.7073
1574147096428.0,0.126,-0.0474,0.0471,21.7683,91.0976,15.9756
1574147096471.0,0.0887,-0.0541,0.0504,13.8415,133.1707,10.7927
1574147096472.0,0.0764,-0.0491,0.0549,12.378,146.7073,3.7805
1574147096473.0,0.0831,-0.0413,0.0615,16.8293,137.8659,1.8293
1574147096473.0,0.0809,-0.041,0.0703,15.5488,122.6829,4.5732
1574147096474.0,0.0729,-0.0477,0.0721,10.4878,107.439,4.2683
1574147096516.0,0.0748,-0.0543,0.0692,5.9146,84.2683,-0.9756
1574147096517.0,0.0822,-0.0556,0.0724,3.5976,54.939,-0.4268
1574147096517.0,0.0966,-0.0533,0.071,0.8537,30.8537,-0.4268
1574147096518.0,0.0985,-0.0504,0.0667,-0.7927,17.9268,-2.1951
1574147096519.0,0.0877,-0.0478,0.0666,-2.8049,11.0366,-5.7927
1574147096561.0,0.085,-0.0453,0.072,-4.0244,1.7073,-12.1341
1574147096562.0,0.0981,-0.0456,0.0829,-7.6829,-10.8537,-14.0244
1574147096562.0,0.11,-0.046,0.0828,-12.561,-17.1951,-15.0
1574147096563.0,0.1053,-0.0438,0.076,-13.2927,-10.8537,-13.1707
1574147096606.0,0.0991,-0.0433,0.0712,-14.3293,-2.8659,-10.6707
1574147096607.0,0.1075,-0.0476,0.0734,-17.439,-6.2195,-11.7683
1574147096608.0,0.1212,-0.0452,0.0737,-21.8902,-13.7195,-12.0732
1574147096608.0,0.127,-0.0397,0.0714,-21.7073,-6.7073,-10.7927
1574147096609.0,0.1263,-0.0408,0.0748,-21.1585,12.9878,-9.939
1574147096651.0,0.1268,-0.0413,0.0835,-23.7195,33.1098,-7.9268
1574147096652.0,0.12,-0.0444,0.0704,-25.9756,50.2439,-5.2439
1574147096652.0,0.095,-0.0428,0.053,-25.9146,68.0488,-2.9878
1574147096653.0,0.0704,-0.0486,0.0419,-20.4878,80.1829,-2.1341
1574147096696.0,0.0648,-0.0569,0.0407,-19.939,72.622,-6.8902
1574147096697.0,0.0673,-0.0515,0.0491,-17.8049,55.4268,-9.5122
1574147096697.0,0.0709,-0.0456,0.0477,-12.3171,38.8415,-6.7073
1574147096698.0,0.0875,-0.0614,0.0482,-10.8537,10.6098,0.2439
1574147096699.0,0.1093,-0.0778,0.051,-12.378,-23.4756,0.7927
1574147096741.0,0.1115,-0.0722,0.0455,-10.4268,-41.5854,1.2195
1574147096742.0,0.1012,-0.0565,0.0385,-1.7683,-30.7927,1.5854
1574147096743.0,0.0933,-0.0519,0.0464,9.6951,-7.5,2.5
1574147096743.0,0.0881,-0.0492,0.0666,15.4268,7.0732,5.061
1574147096786.0,0.0876,-0.0524,0.0786,18.1707,12.7439,7.5
1574147096787.0,0.0803,-0.0547,0.08,15.5488,10.4268,4.8171
1574147096788.0,0.0664,-0.0446,0.0893,15.3049,9.2073,-1.0366
1574147096789.0,0.0546,-0.0377,0.09,16.1585,7.622,-5.2439
1574147096790.0,0.0565,-0.0391,0.0897,10.122,-0.1829,-7.3171
1574147096831.0,0.0677,-0.0378,0.0828,3.7805,-11.5854,-10.6098
1574147096832.0,0.0811,-0.0439,0.0694,-0.1829,-17.378,-15.7317
1574147096833.0,0.0952,-0.051,0.0648,-2.8659,-12.378,-21.5244
1574147096834.0,0.1093,-0.0532,0.0663,-2.6829,-2.6829,-24.3293
1574147096835.0,0.1146,-0.0521,0.062,-1.8902,4.6951,-27.0732
1574147096876.0,0.1099,-0.0483,0.0601,-0.7317,11.1585,-32.0732
1574147096877.0,0.1068,-0.0456,0.0669,4.0244,18.8415,-34.0854
1574147096878.0,0.113,-0.0464,0.0767,7.5,22.9878,-34.5122
1574147096879.0,0.1055,-0.0472,0.0825,8.1098,32.7439,-34.0854
1574147096921.0,0.0833,-0.0485,0.0845,8.3537,48.2317,-33.4146
1574147096922.0,0.0739,-0.0474,0.0934,8.6585,58.4146,-36.8902
1574147096923.0,0.0813,-0.0494,0.0988,7.439,60.9756,-41.0366
1574147096924.0,0.0801,-0.0564,0.0939,4.3902,65.7927,-42.0122
1574147096924.0,0.0674,-0.0598,0.0878,2.3171,72.7439,-45.3659
1574147096966.0,0.048,-0.0583,0.0674,0.8537,73.8415,-54.2683
1574147096967.0,0.0406,-0.0504,0.0516,1.2805,68.0488,-63.3537
1574147096968.0,0.0661,-0.0372,0.0571,5.9146,54.2683,-69.6341
1574147096969.0,0.1079,-0.0347,0.0723,8.2317,36.2195,-67.1951
1574147097011.0,0.1431,-0.0402,0.083,5.2439,27.0122,-61.4024
1574147097012.0,0.1629,-0.0409,0.0905,4.2683,38.7195,-57.439
1574147097013.0,0.1572,-0.0372,0.0955,5.061,69.4512,-52.9268
1574147097013.0,0.1376,-0.0344,0.0949,5.8537,107.8049,-48.2927
1574147097014.0,0.1188,-0.0302,0.101,5.3049,135.6098,-43.5366
1574147097056.0,0.1028,-0.0225,0.1093,0.4878,143.4756,-39.1463
1574147097057.0,0.092,-0.0168,0.1135,-5.3049,140.4268,-39.939
1574147097057.0,0.081,-0.012,0.1161,-14.5122,132.6829,-41.6463
1574147097058.0,0.0803,-0.003,0.0999,-22.622,118.3537,-42.439
1574147097101.0,0.0916,0.0038,0.0943,-26.9512,98.9024,-39.2683
1574147097102.0,0.1027,0.0123,0.0975,-31.4634,80.061,-35.122
1574147097103.0,0.1264,0.0119,0.0963,-35.2439,67.0122,-31.7683
1574147097103.0,0.1488,0.015,0.0771,-45.0,59.3293,-24.8171
1574147097104.0,0.1333,0.0188,0.0663,-50.1829,68.5976,-13.1098
1574147097145.0,0.1024,0.0121,0.0647,-52.9878,96.4634,-4.7561
1574147097146.0,0.0756,0.012,0.071,-51.8902,127.1951,3.2317
1574147097147.0,0.0622,0.0102,0.0864,-52.7439,137.5,12.1951
1574147097148.0,0.0552,0.0049,0.1002,-60.2439,127.2561,13.5366
1574147097191.0,0.0458,-0.0016,0.1076,-67.1951,108.0488,11.7073
1574147097192.0,0.0407,-0.0092,0.1089,-69.6341,80.7927,8.5366
1574147097192.0,0.042,-0.0148,0.1079,-70.4878,43.1098,4.6341
1574147097193.0,0.0447,-0.0192,0.1028,-71.7073,1.7073,0.4878
1574147097194.0,0.0427,-0.0248,0.0986,-73.4756,-37.561,-3.9024
1574147097236.0,0.0457,-0.0244,0.0974,-72.439,-73.4756,-8.7195
1574147097237.0,0.0565,-0.0204,0.0961,-68.8415,-101.5854,-12.561
1574147097237.0,0.0631,-0.0217,0.0914,-72.622,-119.2073,-14.0244
1574147097238.0,0.0684,-0.0296,0.0822,-76.9512,-127.3781,-14.3293
1574147097239.0,0.0765,-0.0361,0.0748,-76.2195,-130.9146,-15.8537
1574147097281.0,0.0821,-0.0402,0.0678,-73.9024,-134.0244,-17.8659
1574147097281.0,0.0804,-0.0448,0.0624,-73.5366,-135.8537,-21.2195
1574147097282.0,0.0764,-0.0504,0.0559,-72.1341,-135.8537,-26.3415
1574147097282.0,0.0737,-0.053,0.0513,-68.5366,-134.2073,-32.2561
1574147097326.0,0.0805,-0.054,0.0523,-62.8659,-130.3659,-37.9878
1574147097326.0,0.093,-0.0526,0.0576,-58.9024,-120.4268,-41.2195
1574147097327.0,0.1017,-0.0501,0.0631,-52.622,-102.9878,-41.4634
1574147097327.0,0.1044,-0.0504,0.0647,-45.2439,-79.939,-42.2561
1574147097328.0,0.099,-0.0515,0.0587,-37.622,-53.1707,-43.5366
