0,1,2,3,4,5,6
1574147190255.0,0.0766,-0.0546,0.0714,23.9634,25.1829,8.2317
1574147190257.0,0.0748,-0.0552,0.0704,23.9024,18.5366,8.0488
1574147190257.0,0.0771,-0.0566,0.0701,23.9634,11.1585,7.1951
1574147190258.0,0.0814,-0.0559,0.0696,24.6341,4.2683,6.8293
1574147190301.0,0.0844,-0.0552,0.0701,26.4024,-2.1341,6.4024
1574147190302.0,0.0846,-0.0553,0.0714,28.4756,-7.7439,6.5244
1574147190303.0,0.0854,-0.0537,0.0732,31.7683,-13.4146,8.5366
1574147190346.0,0.0876,-0.0522,0.0759,34.1463,-18.2317,10.7927
1574147190347.0,0.0903,-0.0506,0.0821,34.939,-21.3415,13.4146
1574147190348.0,0.0936,-0.0492,0.0881,34.6951,-22.1951,17.0122
1574147190349.0,0.0955,-0.048,0.0914,34.4512,-22.561,19.878
1574147190349.0,0.0943,-0.0472,0.0914,33.7805,-21.4024,22.3171
1574147190350.0,0.0904,-0.0466,0.0891,33.5976,-19.5122,24.8171
1574147190351.0,0.0886,-0.0468,0.0867,33.1707,-17.561,25.9146
1574147190391.0,0.088,-0.0464,0.0862,31.8293,-15.3659,26.7073
1574147190392.0,0.0887,-0.0447,0.0865,30.7927,-13.7805,27.5
1574147190393.0,0.0883,-0.0424,0.0865,29.6951,-13.1098,28.5366
1574147190393.0,0.0885,-0.0409,0.0869,28.1707,-14.2683,29.5122
1574147190436.0,0.092,-0.0401,0.0889,26.0366,-16.2195,29.7561
1574147190437.0,0.0941,-0.0385,0.0905,23.5366,-17.1951,29.6951
1574147190438.0,0.0918,-0.037,0.0897,21.2805,-17.1341,29.2073
1574147190438.0,0.091,-0.0372,0.0903,19.4512,-16.0976,27.9878
1574147190439.0,0.0927,-0.0358,0.0916,17.1341,-14.8171,27.2561
1574147190481.0,0.0937,-0.0343,0.0931,14.0244,-13.5366,26.7683
1574147190482.0,0.093,-0.0333,0.0934,10.6707,-11.2195,25.1829
1574147190483.0,0.0914,-0.032,0.0923,8.0488,-8.2927,23.5976
1574147190484.0,0.0916,-0.0317,0.0919,5.4268,-6.2195,22.1341
1574147190526.0,0.0923,-0.0323,0.0921,2.1951,-5.5488,19.2683
1574147190527.0,0.091,-0.0327,0.0909,-0.9146,-5.2439,16.2805
1574147190528.0,0.0895,-0.0317,0.0904,-3.1098,-4.8171,13.4146
1574147190529.0,0.0897,-0.031,0.0898,-5.4268,-5.3659,10.5488
1574147190529.0,0.0887,-0.031,0.0893,-7.9268,-7.3171,8.0488
1574147190571.0,0.0883,-0.0311,0.0892,-10.122,-10.122,5.061
1574147190572.0,0.0903,-0.0304,0.0893,-11.8293,-12.5,2.3171
1574147190572.0,0.0904,-0.0297,0.0885,-13.9024,-14.3902,0.2439
1574147190573.0,0.0897,-0.0303,0.088,-15.7317,-15.6098,-2.0732
1574147190616.0,0.0884,-0.0309,0.0861,-16.3415,-15.1829,-4.5732
1574147190617.0,0.0862,-0.0309,0.085,-16.1585,-14.4512,-7.0122
1574147190618.0,0.0872,-0.031,0.0843,-15.9146,-14.2683,-9.1463
1574147190618.0,0.0893,-0.0316,0.0848,-16.7073,-15.3659,-10.4878
1574147190619.0,0.0911,-0.0331,0.0848,-17.439,-16.4634,-11.7073
1574147190661.0,0.0919,-0.0349,0.085,-16.7683,-16.2195,-13.4146
1574147190662.0,0.0927,-0.0357,0.0851,-15.3049,-14.939,-14.6951
1574147190662.0,0.0924,-0.0372,0.0855,-14.6341,-13.0488,-15.3049
1574147190663.0,0.0912,-0.0382,0.0854,-13.2927,-10.6707,-16.0366
1574147190664.0,0.0913,-0.0392,0.0844,-11.5854,-7.6829,-16.7073
1574147190706.0,0.0894,-0.0395,0.0821,-10.122,-5.061,-17.378
1574147190707.0,0.0871,-0.0399,0.0798,-8.4146,-3.1707,-17.9268
1574147190708.0,0.0878,-0.0406,0.0788,-6.7683,-2.6829,-18.2317
1574147190708.0,0.0905,-0.0413,0.079,-6.0976,-2.9878,-18.5976
1574147190750.0,0.0919,-0.0417,0.0797,-5.2439,-3.2317,-18.6585
1574147190751.0,0.0932,-0.0423,0.0801,-3.5366,-2.8049,-18.6585
1574147190752.0,0.0937,-0.042,0.0806,-1.8293,-2.3171,-18.1098
1574147190752.0,0.094,-0.0433,0.0808,-0.7317,-2.8049,-17.1341
1574147190753.0,0.0943,-0.0443,0.0811,-0.2439,-3.1098,-16.6463
1574147190796.0,0.0939,-0.0448,0.0806,0.4268,-2.2561,-16.2195
1574147190796.0,0.0928,-0.0446,0.0798,1.0976,-1.0976,-15.8537
1574147190797.0,0.0917,-0.0443,0.0781,1.4634,-1.0366,-15.6707
1574147190797.0,0.0906,-0.044,0.076,1.0976,-2.561,-15.4878
1574147190841.0,0.0892,-0.0439,0.0751,0.4878,-5.061,-15.4878
1574147190842.0,0.0892,-0.044,0.0753,-0.7317,-7.378,-15.4878
1574147190843.0,0.0917,-0.0443,0.0767,-2.439,-10.1829,-15.4878
1574147190843.0,0.0966,-0.043,0.078,-4.4512,-14.939,-16.1585
1574147190844.0,0.1028,-0.0419,0.0778,-6.6463,-19.6341,-16.7073
1574147190886.0,0.1066,-0.0415,0.0779,-9.2073,-20.3049,-16.7683
1574147190887.0,0.107,-0.0418,0.078,-10.4268,-16.2805,-16.7683
1574147190888.0,0.1065,-0.0421,0.078,-11.5244,-9.1463,-16.7073
1574147190889.0,0.1066,-0.042,0.0783,-12.439,-2.9878,-16.0976
1574147190931.0,0.1068,-0.0422,0.078,-13.9634,0.9146,-14.878
1574147190932.0,0.1063,-0.0425,0.0768,-16.0366,3.0488,-12.8659
1574147190932.0,0.1053,-0.0432,0.0746,-17.5,3.5976,-11.3415
1574147190933.0,0.1049,-0.0436,0.0728,-19.0244,2.5,-10.9146
1574147190934.0,0.1052,-0.0438,0.0709,-20.2439,0.3049,-10.3049
1574147190976.0,0.1049,-0.0433,0.0693,-21.0366,-2.8659,-8.7805
1574147190977.0,0.1044,-0.0435,0.0682,-22.1341,-5.9146,-7.0732
1574147190977.0,0.1031,-0.0432,0.0681,-22.8049,-8.6585,-6.4024
1574147190978.0,0.1019,-0.0424,0.0671,-22.378,-10.9756,-6.1585
1574147191020.0,0.1012,-0.0415,0.0659,-21.9512,-12.561,-5.061
1574147191021.0,0.1005,-0.0414,0.0665,-21.6463,-13.8415,-4.3902
1574147191021.0,0.0995,-0.0406,0.0667,-21.4024,-13.9634,-3.7195
1574147191022.0,0.0978,-0.0409,0.0657,-21.0366,-12.9878,-2.439
1574147191023.0,0.0975,-0.0419,0.0658,-20.3049,-12.622,-2.1951
1574147191066.0,0.0985,-0.0422,0.066,-19.6341,-11.7683,-2.2561
1574147191066.0,0.0981,-0.043,0.0661,-18.9634,-10.3659,-1.5854
1574147191067.0,0.0976,-0.0437,0.0654,-18.1098,-7.9878,-1.5244
1574147191067.0,0.0972,-0.0438,0.0645,-16.4024,-5.061,-1.9512
1574147191068.0,0.0979,-0.0443,0.0652,-15.061,-2.6829,-2.0732
1574147191111.0,0.0994,-0.0447,0.0661,-13.7805,-1.7683,-2.0732
1574147191111.0,0.0994,-0.0444,0.0664,-12.439,-1.2195,-1.9512
1574147191112.0,0.0989,-0.0446,0.0677,-10.7927,-1.0366,-2.2561
1574147191113.0,0.1,-0.045,0.0688,-9.1463,-1.2805,-2.561
1574147191156.0,0.0997,-0.0449,0.0699,-8.0488,-2.622,-2.1951
1574147191157.0,0.1014,-0.044,0.0721,-6.9512,-4.939,-2.0732
1574147191157.0,0.1064,-0.0429,0.0746,-6.4024,-6.7683,-1.4634
1574147191158.0,0.11,-0.0445,0.0774,-7.1951,-6.2195,0.061
1574147191159.0,0.1098,-0.0466,0.0793,-7.5,-3.8415,0.6707
1574147191201.0,0.1074,-0.0472,0.0784,-7.0122,0.5488,1.2805
1574147191202.0,0.1023,-0.0468,0.0768,-6.4024,5.8537,2.622
1574147191203.0,0.0978,-0.0474,0.0743,-6.2195,10.3049,3.9024
1574147191203.0,0.0961,-0.0486,0.0721,-7.3171,12.9268,4.7561
1574147191246.0,0.0972,-0.0488,0.0705,-8.0488,13.6585,5.6098
1574147191247.0,0.0971,-0.0486,0.0694,-7.7439,11.9512,6.5244
1574147191248.0,0.0969,-0.0482,0.0684,-6.5854,7.8659,7.5
1574147191249.0,0.0975,-0.0475,0.0671,-5.5488,2.9878,8.5366
1574147191249.0,0.0971,-0.0455,0.0681,-4.5732,-0.4268,9.2683
1574147191291.0,0.0997,-0.0463,0.0717,-4.7561,-1.4634,9.2683
1574147191292.0,0.1037,-0.0468,0.0739,-5.7317,-2.3171,9.0244
1574147191293.0,0.104,-0.0454,0.0729,-4.939,-3.2317,8.8415
1574147191293.0,0.1024,-0.045,0.0717,-3.8415,-2.1341,9.8171
1574147191335.0,0.101,-0.0439,0.0712,-3.2927,0.122,10.9756
1574147191336.0,0.101,-0.0428,0.0697,-3.2317,1.5854,11.6463
1574147191337.0,0.1023,-0.0423,0.0688,-3.3537,1.4634,12.1341
1574147191337.0,0.1057,-0.0429,0.0696,-4.2073,0.4878,12.9878
1574147191338.0,0.1099,-0.0438,0.0715,-5.3049,0.7317,14.878
1574147191380.0,0.1116,-0.0435,0.0734,-5.3659,2.8049,16.5854
1574147191381.0,0.1093,-0.0428,0.0738,-5.4268,5.9146,18.1098
1574147191382.0,0.1047,-0.0427,0.0722,-5.6707,7.7439,19.1463
1574147191382.0,0.1022,-0.0437,0.0709,-6.4634,7.439,19.7561
1574147191383.0,0.1021,-0.0449,0.0701,-7.622,5.6098,20.3659
1574147191425.0,0.1011,-0.0446,0.0679,-8.8415,3.1707,20.7927
1574147191426.0,0.0977,-0.0443,0.0649,-9.5122,0.9146,21.0976
1574147191427.0,0.0975,-0.0456,0.0637,-10.1829,-2.0122,21.2195
1574147191427.0,0.0983,-0.0466,0.0623,-11.0976,-6.6463,21.1585
1574147191470.0,0.0969,-0.0475,0.0605,-11.7073,-12.439,21.1585
1574147191471.0,0.0983,-0.0486,0.0596,-11.2805,-18.8415,20.061
1574147191472.0,0.105,-0.0508,0.0596,-10.9146,-26.4024,18.9634
1574147191472.0,0.106,-0.0518,0.0588,-11.5854,-33.4146,18.2927
1574147191473.0,0.0974,-0.0503,0.0565,-9.939,-37.439,17.8049
1574147191515.0,0.0905,-0.0488,0.054,-7.5,-42.378,15.4878
1574147191516.0,0.0887,-0.0488,0.0524,-7.9878,-54.5732,13.1098
1574147191517.0,0.09,-0.05,0.0519,-10.4268,-71.4024,12.439
1574147191561.0,0.0927,-0.0528,0.0522,-12.0732,-83.9024,11.7683
1574147191561.0,0.097,-0.0541,0.0538,-11.2805,-85.7927,11.0366
1574147191562.0,0.1011,-0.0559,0.0547,-10.1829,-77.439,10.6098
1574147191562.0,0.101,-0.0555,0.0547,-7.8659,-61.4634,10.9756
1574147191563.0,0.1024,-0.0574,0.0552,-3.3537,-41.5854,10.7317
1574147191563.0,0.1043,-0.0614,0.0564,-1.7073,-22.3171,10.8537
1574147191606.0,0.1046,-0.0629,0.056,-0.122,-6.3415,13.5976
1574147191607.0,0.1017,-0.0637,0.0565,3.0488,8.5366,15.0
1574147191607.0,0.0986,-0.0656,0.0583,5.6098,21.6463,13.7195
1574147191608.0,0.0975,-0.0662,0.059,7.1951,31.8293,12.7439
1574147191650.0,0.0957,-0.0649,0.0585,9.6951,37.378,12.9268
1574147191651.0,0.0971,-0.0662,0.0586,12.1951,37.5,12.5
1574147191652.0,0.0997,-0.0679,0.0602,14.5122,34.6951,11.1585
1574147191652.0,0.0941,-0.0644,0.062,17.7439,31.2195,10.6707
1574147191653.0,0.0912,-0.0628,0.0663,21.0366,25.6098,9.0244
1574147191696.0,0.0975,-0.0639,0.0731,22.3171,14.878,6.5244
1574147191696.0,0.0893,-0.0562,0.0733,21.2805,4.6341,8.6585
1574147191697.0,0.0806,-0.0574,0.0729,20.7317,-7.0122,7.0122
1574147191697.0,0.0864,-0.0628,0.0751,18.6585,-26.0976,-4.2073
1574147191698.0,0.0925,-0.0603,0.0777,16.8293,-50.122,-11.2805
1574147191741.0,0.0889,-0.0565,0.078,14.3293,-72.3781,-12.622
1574147191742.0,0.0829,-0.0572,0.0748,13.7195,-83.2927,-16.8293
1574147191743.0,0.0859,-0.0591,0.067,15.7927,-80.8537,-21.0366
1574147191743.0,0.0945,-0.0624,0.0557,18.5366,-65.7927,-22.622
1574147191786.0,0.089,-0.0583,0.0444,24.0854,-39.8171,-23.5976
1574147191787.0,0.088,-0.0482,0.0351,33.7195,-7.439,-23.9024
1574147191787.0,0.0948,-0.0414,0.0363,38.6585,27.1341,-21.5854
1574147191788.0,0.1063,-0.0421,0.042,38.6585,52.561,-17.622
1574147191789.0,0.1137,-0.0453,0.051,38.9634,70.6098,-13.9024
1574147191831.0,0.1141,-0.0478,0.0596,41.2195,86.3415,-10.4878
1574147191832.0,0.1154,-0.0507,0.0683,43.4146,96.5244,-4.6341
1574147191832.0,0.1193,-0.0532,0.0701,41.5854,94.5732,1.1585
1574147191833.0,0.1196,-0.0521,0.0629,38.7195,84.2683,4.6951
1574147191876.0,0.1171,-0.0474,0.0552,39.7561,82.1341,6.2195
1574147191877.0,0.1184,-0.0454,0.059,39.2683,92.3171,5.7317
1574147191878.0,0.1326,-0.0417,0.0722,33.9024,107.7439,6.7073
1574147191878.0,0.1459,-0.0343,0.0914,28.6585,124.5122,12.1951
1574147191879.0,0.14,-0.0325,0.0972,23.5976,150.9756,23.2317
1574147191921.0,0.1278,-0.0405,0.1045,25.7927,187.0732,36.7073
1574147191922.0,0.1227,-0.0508,0.1111,22.8049,215.6707,48.0488
1574147191923.0,0.1179,-0.0591,0.1115,15.3049,227.8659,56.3415
1574147191923.0,0.1113,-0.0614,0.1091,5.8537,222.0732,64.5732
1574147191966.0,0.1042,-0.0632,0.105,-4.2073,198.7195,70.3659
1574147191967.0,0.0901,-0.0681,0.0947,-13.7195,165.5488,75.2439
1574147191968.0,0.0746,-0.0673,0.0852,-18.4756,122.561,83.0488
1574147191968.0,0.0753,-0.0715,0.0789,-23.2317,60.6707,92.9268
1574147191969.0,0.0776,-0.0722,0.0757,-28.5366,-8.2317,101.1585
1574147192011.0,0.0714,-0.0728,0.0733,-26.2805,-61.5244,107.622
1574147192011.0,0.0564,-0.0715,0.0727,-19.4512,-91.5854,111.5244
1574147192012.0,0.0383,-0.0709,0.0744,-9.2073,-106.0976,114.4512
1574147192013.0,0.0287,-0.0732,0.077,-1.0366,-115.3049,112.1341
1574147192056.0,0.0174,-0.0749,0.0773,5.122,-119.2683,105.7317
1574147192057.0,0.0015,-0.0778,0.074,9.878,-118.5366,98.2927
1574147192058.0,-0.0114,-0.0811,0.0674,14.7561,-114.3293,88.3537
1574147192058.0,-0.0089,-0.0861,0.0643,20.2439,-112.8049,74.8781
1574147192059.0,-0.0012,-0.0873,0.0702,23.5976,-116.5244,60.9146
1574147192100.0,0.0012,-0.0865,0.0728,25.8537,-116.8293,47.5
1574147192101.0,0.0162,-0.0884,0.0825,33.6585,-111.8293,32.1341
1574147192102.0,0.0329,-0.0785,0.0862,41.9512,-95.4268,14.878
1574147192102.0,0.0366,-0.0714,0.082,50.4268,-69.5122,2.8049
1574147192103.0,0.0296,-0.071,0.076,52.5,-46.1585,-8.4756
1574147192146.0,0.0236,-0.0664,0.0756,54.2073,-32.378,-19.7561
1574147192147.0,0.041,-0.0608,0.079,55.9756,-23.9634,-29.5122
1574147192148.0,0.0692,-0.0535,0.0863,50.9146,-15.4878,-37.8659
1574147192148.0,0.0973,-0.0439,0.0995,49.6951,-4.6951,-43.4146
1574147192191.0,0.1141,-0.0357,0.1091,48.6585,14.6951,-47.561
1574147192192.0,0.1031,-0.0252,0.1057,47.8659,37.8049,-48.7195
1574147192193.0,0.0729,-0.0198,0.088,49.5122,57.0732,-47.8049
1574147192193.0,0.0385,-0.0139,0.0694,54.6951,64.3902,-47.8659
1574147192194.0,0.0278,-0.011,0.051,58.5976,49.6951,-48.4756
1574147192236.0,0.0555,-0.0103,0.0435,54.3902,13.6585,-48.5366
1574147192237.0,0.1038,-0.0008,0.0591,49.5732,-34.5732,-45.6098
1574147192237.0,0.1354,0.0081,0.0795,42.622,-81.2805,-42.622
1574147192238.0,0.137,0.0121,0.0898,33.4756,-110.4878,-44.7561
1574147192281.0,0.1346,0.0146,0.1068,30.4878,-120.4878,-51.7683
1574147192281.0,0.148,0.0034,0.1171,26.0366,-119.2683,-55.122
1574147192282.0,0.1578,-0.0072,0.1135,17.2561,-107.3781,-45.061
1574147192283.0,0.1451,-0.0099,0.1085,17.378,-79.5122,-29.0854
1574147192283.0,0.1271,-0.0103,0.0936,24.2073,-46.7683,-20.9756
1574147192326.0,0.1115,-0.0074,0.0795,24.6951,-32.0122,-16.8293
1574147192326.0,0.0982,-0.0106,0.0731,17.622,-40.4878,-14.939
1574147192327.0,0.0965,-0.0166,0.0745,8.9024,-62.8049,-20.061
1574147192328.0,0.1038,-0.019,0.0773,-0.3659,-86.1585,-23.0488
1574147192371.0,0.1055,-0.0186,0.0771,-4.878,-97.8049,-21.7073
1574147192371.0,0.0951,-0.019,0.0695,-4.8171,-95.9756,-22.6829
1574147192372.0,0.08,-0.0176,0.0612,-4.6341,-90.1829,-27.561
1574147192372.0,0.0731,-0.0169,0.0612,-7.0732,-93.9024,-32.2561
1574147192373.0,0.0778,-0.017,0.0665,-12.9268,-111.2195,-36.0976
1574147192416.0,0.0833,-0.0161,0.0677,-18.6585,-134.8781,-36.0976
1574147192417.0,0.0897,-0.0151,0.0632,-23.3537,-156.2805,-34.5732
1574147192418.0,0.0972,-0.0184,0.0658,-28.2927,-170.061,-36.0976
1574147192419.0,0.1075,-0.0237,0.0609,-35.0,-177.6829,-40.122
1574147192420.0,0.1257,-0.0267,0.0576,-41.1585,-179.6342,-38.7805
1574147192461.0,0.1448,-0.032,0.0546,-48.3537,-178.4146,-33.3537
1574147192462.0,0.1523,-0.0425,0.0406,-55.061,-163.4146,-28.5976
1574147192463.0,0.1395,-0.048,0.0246,-57.1341,-134.3293,-24.2073
1574147192463.0,0.1127,-0.0436,0.0139,-52.9878,-113.3537,-21.2195
1574147192506.0,0.1091,-0.0431,0.0096,-47.8659,-114.5122,-21.5854
1574147192507.0,0.1302,-0.0459,0.024,-45.4268,-123.5976,-22.378
1574147192508.0,0.155,-0.0468,0.0351,-43.1098,-127.5,-18.9634
1574147192508.0,0.1622,-0.0472,0.0417,-37.8049,-113.9634,-11.4024
1574147192509.0,0.1463,-0.0472,0.0463,-34.1463,-88.1098,-5.122
1574147192551.0,0.1357,-0.0458,0.0334,-31.8902,-66.8293,-3.5366
1574147192552.0,0.1313,-0.0394,0.0201,-28.5976,-56.1585,-4.3902
1574147192553.0,0.124,-0.0327,0.0114,-25.3659,-55.8537,-2.0122
1574147192553.0,0.1157,-0.0352,-0.0024,-22.6829,-56.5244,-0.3659
1574147192596.0,0.0992,-0.0377,-0.0083,-18.7805,-55.6707,-1.5854
1574147192597.0,0.0923,-0.035,-0.0061,-11.2805,-60.6707,-2.0122
1574147192597.0,0.1086,-0.0345,-0.0031,-5.1829,-71.3415,-1.9512
1574147192598.0,0.1247,-0.038,0.0102,-5.0,-83.9024,-0.9756
1574147192599.0,0.1317,-0.0412,0.0219,-8.2317,-90.0,-1.7683
1574147192641.0,0.1398,-0.0382,0.0264,-9.5122,-78.3537,-4.4512
1574147192643.0,0.1457,-0.0336,0.0219,-7.0122,-56.5854,-4.6341
1574147192644.0,0.1476,-0.0322,0.0168,-4.2073,-42.1341,-2.8659
1574147192645.0,0.1456,-0.0328,0.0104,-5.4878,-32.8659,-0.7927
1574147192685.0,0.1555,-0.0273,0.0081,-5.4268,-24.2683,0.3049
1574147192686.0,0.181,-0.0214,0.0137,-3.9634,-6.6463,2.561
1574147192687.0,0.2046,-0.0214,0.0207,-3.0488,34.5122,9.1463
1574147192687.0,0.2106,-0.0253,0.0251,-6.4634,98.1098,18.5366
1574147192688.0,0.1956,-0.035,0.0273,-7.6829,170.1219,26.8902
1574147192730.0,0.1797,-0.0369,0.0179,-2.3171,239.2683,31.4634
1574147192731.0,0.1531,-0.0319,0.0229,2.561,293.1707,32.5
1574147192732.0,0.1144,-0.0342,0.0267,-2.3171,323.7195,29.8171
1574147192732.0,0.0716,-0.0364,0.0339,-6.1585,344.1464,23.7195
1574147192733.0,0.0354,-0.0322,0.0381,-4.1463,344.8171,20.3659
1574147192776.0,0.0173,-0.0294,0.039,-2.6829,314.2683,18.6585
1574147192776.0,0.0179,-0.0326,0.0392,-6.5854,254.939,13.3537
1574147192777.0,0.0325,-0.0349,0.0423,-12.0122,178.0488,3.5366
1574147192777.0,0.0438,-0.0388,0.0529,-14.8171,100.3049,-3.1098
1574147192821.0,0.0486,-0.044,0.0641,-17.622,29.2073,-7.9878
1574147192822.0,0.0699,-0.0436,0.0565,-18.5366,-33.4756,-18.6585
1574147192823.0,0.0897,-0.0406,0.0374,-13.1707,-75.2439,-26.7683
1574147192824.0,0.1121,-0.0396,0.0458,-9.5732,-93.8415,-28.2317
1574147192825.0,0.1534,-0.0507,0.0585,-10.4268,-91.6463,-30.2439
1574147192866.0,0.1688,-0.0523,0.0604,-16.2195,-72.9878,-19.3293
1574147192867.0,0.1576,-0.0426,0.057,-16.4634,-47.3781,-3.7195
1574147192867.0,0.1324,-0.0396,0.0436,-10.2439,-17.0122,0.122
1574147192868.0,0.1125,-0.0461,0.028,-8.4146,4.6951,-1.6463
1574147192911.0,0.1095,-0.054,0.0295,-7.439,14.6951,-5.5488
1574147192912.0,0.1243,-0.0504,0.0377,0.3659,18.9024,-7.0732
1574147192912.0,0.1333,-0.0439,0.0393,6.0976,23.3537,-2.9878
1574147192913.0,0.1194,-0.0418,0.0346,9.6341,39.5732,1.5244
1574147192914.0,0.0992,-0.0393,0.032,15.9146,61.9512,3.8415
1574147192956.0,0.0925,-0.0387,0.0366,22.561,69.3902,3.2317
1574147192957.0,0.1035,-0.0366,0.0558,24.878,61.2805,3.0488
1574147192957.0,0.119,-0.0344,0.0745,24.0854,50.1829,4.939
1574147192958.0,0.1205,-0.0325,0.0803,21.9512,44.2073,7.378
1574147193001.0,0.1111,-0.0302,0.0797,21.4024,49.6951,9.5122
1574147193002.0,0.1039,-0.0292,0.0792,20.3049,55.5488,9.0244
1574147193002.0,0.1049,-0.0305,0.0832,15.1829,44.939,5.0
1574147193003.0,0.1045,-0.0325,0.0876,8.1098,27.2561,0.4878
1574147193004.0,0.0891,-0.0329,0.0851,3.5976,15.9756,-0.4878
1574147193046.0,0.0854,-0.0316,0.0781,0.7317,2.9878,-4.0244
1574147193047.0,0.0981,-0.0345,0.0738,-2.622,-13.9024,-9.1463
1574147193048.0,0.1125,-0.0374,0.0618,-7.1341,-30.5488,-5.7927
1574147193049.0,0.1195,-0.0414,0.0491,-6.7683,-28.9024,-2.0732
1574147193091.0,0.1185,-0.0424,0.0426,-3.4146,-8.8415,-1.4634
1574147193092.0,0.1091,-0.0416,0.0425,0.8537,17.9268,0.5488
1574147193092.0,0.1052,-0.0405,0.0499,6.1585,39.2073,0.7927
1574147193093.0,0.1123,-0.0374,0.0621,9.878,42.1951,0.0
1574147193094.0,0.1151,-0.0367,0.0701,9.2073,34.5122,1.7073
1574147193136.0,0.1066,-0.0375,0.0717,7.5,28.7805,4.939
1574147193136.0,0.1011,-0.0387,0.0698,6.0366,23.7195,5.0
1574147193137.0,0.1068,-0.0398,0.0693,3.8415,18.0488,1.8902
1574147193137.0,0.108,-0.0387,0.0726,1.8293,16.7073,1.7073
1574147193138.0,0.1078,-0.0381,0.0687,1.1585,20.8537,3.5366
1574147193181.0,0.11,-0.036,0.065,1.4024,24.6341,4.878
1574147193181.0,0.1002,-0.036,0.0651,1.9512,27.8659,5.6707
1574147193182.0,0.0876,-0.0361,0.0656,3.8415,32.1951,2.0732
1574147193182.0,0.0837,-0.0356,0.0668,5.061,31.4634,0.2439
1574147193226.0,0.0855,-0.035,0.0706,4.878,21.3415,1.0976
1574147193227.0,0.0893,-0.0358,0.074,2.8659,7.5,0.3049
1574147193228.0,0.0948,-0.0345,0.0771,0.4878,-1.4024,-1.2195
1574147193229.0,0.0928,-0.034,0.0742,-1.0366,-3.4146,-3.2317
1574147193229.0,0.0926,-0.0355,0.0662,-2.1341,-3.4756,-6.3415
1574147193271.0,0.0972,-0.035,0.0637,-2.6829,-6.4634,-7.622
1574147193272.0,0.1033,-0.0344,0.0687,-2.561,-9.2073,-6.7683
1574147193273.0,0.1094,-0.0326,0.0756,-1.9512,-10.8537,-6.5244
1574147193273.0,0.1084,-0.0315,0.0729,-2.439,-14.3902,-7.0122
1574147193316.0,0.103,-0.0313,0.0678,-2.7439,-15.7927,-7.0732
1574147193317.0,0.1021,-0.0322,0.0638,-3.0488,-16.2805,-6.5244
1574147193318.0,0.1079,-0.0354,0.0627,-3.5366,-16.5854,-6.1585
1574147193318.0,0.1116,-0.0372,0.0655,-3.4756,-13.0488,-3.9634
1574147193319.0,0.11,-0.0369,0.0707,-1.2805,-5.4878,-2.1341
1574147193361.0,0.1096,-0.0367,0.0751,0.9756,2.2561,-3.3537
1574147193362.0,0.111,-0.0358,0.0799,1.7073,6.0976,-3.4146
1574147193363.0,0.1136,-0.0356,0.0798,0.7317,6.0366,0.6098
1574147193363.0,0.1143,-0.0353,0.0763,-1.2805,4.8171,2.2561
1574147193406.0,0.1096,-0.0361,0.073,-2.0122,5.122,1.5854
1574147193407.0,0.1104,-0.0385,0.0671,-2.1341,6.0976,-0.122
1574147193408.0,0.1146,-0.0372,0.0609,-1.7073,7.9268,0.6707
1574147193409.0,0.1058,-0.0348,0.055,-0.2439,13.5976,4.0244
1574147193409.0,0.0917,-0.0325,0.055,2.1951,22.1341,4.2683
1574147193451.0,0.0859,-0.0294,0.0629,4.939,27.8049,1.5854
1574147193452.0,0.0888,-0.0245,0.07,6.2805,25.122,0.7927
1574147193452.0,0.0956,-0.0229,0.0753,6.2195,17.1951,-0.4268
1574147193453.0,0.103,-0.0251,0.076,5.3659,9.6341,-1.9512
1574147193454.0,0.1124,-0.0301,0.0748,3.9634,5.7927,-3.4146
1574147193496.0,0.1147,-0.0327,0.0728,1.3415,5.4878,-2.561
1574147193497.0,0.1117,-0.0331,0.0688,0.1829,9.0854,-1.8293
1574147193498.0,0.1071,-0.0336,0.0671,0.5488,14.2683,-0.9146
1574147193499.0,0.1051,-0.0352,0.063,1.9512,17.5,0.3049
1574147193541.0,0.1034,-0.0352,0.0646,3.5976,19.3902,1.8293
1574147193542.0,0.1015,-0.0331,0.0682,4.7561,22.6829,3.4756
1574147193543.0,0.0999,-0.0305,0.0712,4.939,25.6098,3.9634
1574147193543.0,0.0978,-0.0294,0.0732,5.122,27.378,4.0244
1574147193544.0,0.098,-0.0303,0.0745,4.5122,24.6951,3.4756
1574147193586.0,0.0966,-0.0319,0.0754,3.7805,19.939,2.9268
1574147193587.0,0.0939,-0.0329,0.0768,3.9024,18.5976,2.5
1574147193588.0,0.0959,-0.0327,0.0762,3.9634,19.3293,1.5854
1574147193589.0,0.1031,-0.0322,0.0781,4.2073,18.1707,0.8537
1574147193631.0,0.106,-0.0345,0.0792,4.3293,19.6951,2.0732
1574147193632.0,0.1021,-0.0397,0.0786,5.4878,24.8171,4.0244
1574147193633.0,0.0961,-0.0399,0.075,5.9146,27.1341,4.7561
1574147193633.0,0.0921,-0.0374,0.0743,6.6463,28.1707,4.3293
1574147193634.0,0.0919,-0.037,0.0761,7.5,26.0366,3.5366
1574147193676.0,0.0934,-0.0359,0.0771,7.2561,21.9512,3.1707
1574147193677.0,0.0941,-0.0339,0.0792,8.1707,21.5854,3.5976
1574147193678.0,0.0946,-0.033,0.0839,9.8171,24.2073,2.9878
1574147193679.0,0.0986,-0.035,0.0843,10.3049,24.3902,1.2805
1574147193721.0,0.1039,-0.0371,0.0811,10.1829,23.1098,0.6098
1574147193721.0,0.1077,-0.0387,0.0834,10.9756,23.8415,1.9512
1574147193722.0,0.1068,-0.0399,0.0868,11.8293,25.122,3.5976
1574147193722.0,0.1028,-0.04,0.0864,12.2561,27.622,5.122
1574147193723.0,0.0988,-0.0384,0.0864,12.2561,31.4634,6.0366
1574147193766.0,0.0953,-0.0359,0.0858,12.0122,34.6341,7.0122
1574147193767.0,0.0927,-0.0334,0.0839,11.2805,36.8293,7.8049
1574147193768.0,0.0864,-0.0323,0.0828,10.9146,39.0854,8.7805
1574147193769.0,0.0826,-0.0323,0.0822,11.5244,41.2195,9.2073
1574147193769.0,0.0868,-0.0324,0.0837,11.3415,39.2073,8.5976
1574147193811.0,0.0867,-0.032,0.0826,10.2439,35.3049,8.8415
1574147193812.0,0.0812,-0.0338,0.0823,10.0,35.061,8.2927
1574147193813.0,0.0789,-0.0334,0.0886,10.5488,36.7683,6.4024
1574147193815.0,0.0833,-0.0312,0.091,10.2439,33.9024,5.4878
1574147193856.0,0.0922,-0.0303,0.0867,8.4146,26.9512,5.4268
1574147193857.0,0.0908,-0.0318,0.0871,6.4634,23.0488,7.439
1574147193858.0,0.0832,-0.0325,0.0884,6.0366,26.3415,7.439
1574147193859.0,0.081,-0.031,0.0878,5.122,27.6829,4.878
1574147193859.0,0.082,-0.03,0.0872,3.7805,22.1951,3.0488
1574147193901.0,0.0839,-0.0324,0.085,3.1707,12.561,1.4024
1574147193902.0,0.0872,-0.0338,0.0838,2.378,3.5366,-0.6707
1574147193903.0,0.088,-0.0333,0.0858,1.7683,0.0,-0.8537
1574147193903.0,0.0869,-0.032,0.0916,1.0976,1.0976,-0.5488
1574147193946.0,0.0904,-0.0317,0.0924,0.6098,1.5854,-1.0976
1574147193946.0,0.0946,-0.0348,0.0886,-0.3659,0.122,-0.8537
1574147193947.0,0.0906,-0.0369,0.0846,-0.7317,2.8049,1.0976
1574147193947.0,0.0843,-0.0357,0.0839,-0.061,7.9878,1.5244
1574147193948.0,0.0836,-0.032,0.0863,0.2439,8.6585,0.8537
1574147193991.0,0.0829,-0.0292,0.0864,-0.3659,4.0854,1.0976
1574147193991.0,0.079,-0.0273,0.0854,-0.5488,-0.9146,1.5244
1574147193992.0,0.0807,-0.0261,0.0862,-0.5488,-4.6341,0.4878
1574147193993.0,0.0823,-0.0244,0.0851,-1.4024,-5.7317,-0.3659
1574147194036.0,0.0762,-0.0224,0.0806,-2.3171,-5.5488,-0.6707
1574147194037.0,0.0757,-0.0229,0.0788,-3.6585,-8.2927,-2.378
1574147194038.0,0.0787,-0.0209,0.0776,-5.122,-15.0,-3.1098
1574147194038.0,0.0712,-0.018,0.0733,-4.939,-24.1463,-2.8659
1574147194039.0,0.0698,-0.0121,0.0717,-3.5976,-37.6829,-6.0976
1574147194081.0,0.0667,-0.0037,0.0735,-3.0488,-59.5732,-6.4024
1574147194082.0,0.0648,0.0004,0.082,-4.6951,-84.5732,-3.4146
1574147194083.0,0.0872,0.0047,0.0822,-9.5732,-103.4146,-3.4756
1574147194083.0,0.1216,0.017,0.0782,-20.3049,-116.3415,-3.5366
1574147194126.0,0.1414,0.021,0.0853,-33.7805,-125.9756,-3.9024
1574147194127.0,0.1379,0.0041,0.0961,-51.0366,-122.561,-13.7805
1574147194128.0,0.1409,-0.0142,0.114,-61.2805,-108.7195,-24.4512
1574147194129.0,0.1616,-0.0287,0.1292,-73.4146,-95.4268,-23.6585
1574147194129.0,0.1862,-0.0424,0.1323,-91.7683,-81.0976,-18.5366
1574147194171.0,0.1741,-0.0504,0.1156,-108.1098,-37.9268,-15.061
1574147194172.0,0.1313,-0.0529,0.0965,-112.2561,33.2927,-17.7439
1574147194173.0,0.0943,-0.0543,0.0952,-113.3537,91.8293,-32.439
1574147194173.0,0.0804,-0.0535,0.1002,-118.6585,114.0854,-43.7195
1574147194174.0,0.0939,-0.0469,0.1077,-125.2439,108.1098,-39.6951
1574147194216.0,0.1119,-0.0425,0.1099,-127.3781,99.2073,-29.6951
1574147194261.0,0.1199,-0.0471,0.0952,-125.6707,107.8659,-25.4268
1574147194261.0,0.1254,-0.056,0.0694,-117.3781,135.1829,-27.1341
1574147194262.0,0.1243,-0.064,0.0546,-102.561,155.4268,-32.1951
1574147194262.0,0.1109,-0.0697,0.0491,-88.2317,156.2195,-34.7561
1574147194263.0,0.0923,-0.0743,0.0453,-77.439,146.4024,-32.561
1574147194264.0,0.0512,-0.0709,0.0312,-62.561,138.8415,-24.0854
1574147194264.0,0.0031,-0.0606,0.0151,-44.0854,117.9878,-17.622
1574147194265.0,-0.0056,-0.0471,0.0059,-29.7561,73.1707,-23.4756
1574147194306.0,0.0318,-0.0372,0.0204,-25.6707,10.3049,-27.378
1574147194307.0,0.0864,-0.0409,0.0379,-26.8293,-58.1098,-22.0732
1574147194308.0,0.1242,-0.0536,0.0477,-23.9024,-105.7927,-13.1707
1574147194309.0,0.1248,-0.0641,0.0513,-14.1463,-117.8049,-5.0
1574147194351.0,0.1044,-0.0656,0.0617,-0.3049,-107.3171,1.4634
1574147194351.0,0.1021,-0.0679,0.0664,10.3659,-98.4146,3.1098
1574147194352.0,0.116,-0.0593,0.0598,16.2195,-99.8171,4.7561
1574147194352.0,0.1331,-0.0536,0.0573,19.2683,-104.5732,6.5854
1574147194353.0,0.1393,-0.0536,0.0562,18.1098,-85.9146,8.4146
1574147194396.0,0.1264,-0.0591,0.0606,19.6341,-35.3659,18.9634
1574147194397.0,0.1022,-0.0629,0.0581,19.3902,27.5,26.5854
1574147194398.0,0.0845,-0.0632,0.0648,22.1951,81.2195,31.3415
1574147194399.0,0.067,-0.0624,0.0827,23.2317,107.6829,35.122
1574147194441.0,0.047,-0.061,0.0908,18.4146,108.3537,34.1463
1574147194442.0,0.0276,-0.0533,0.0904,12.5,90.4878,29.0244
1574147194443.0,0.0155,-0.0524,0.0872,8.9024,51.4634,18.2927
1574147194444.0,0.0232,-0.056,0.0801,2.6829,-8.3537,5.2439
1574147194444.0,0.0455,-0.054,0.0755,-6.8902,-78.8415,-1.2805
1574147194486.0,0.0718,-0.0531,0.0745,-14.5732,-140.5488,-5.122
1574147194487.0,0.0876,-0.0539,0.0784,-16.7073,-173.5366,-8.4146
1574147194488.0,0.1096,-0.0446,0.0688,-10.5488,-178.4146,-10.5488
1574147194531.0,0.1457,-0.0405,0.0616,-6.4024,-160.9756,-12.561
1574147194532.0,0.154,-0.043,0.0586,-8.6585,-117.8049,-10.7927
1574147194533.0,0.1333,-0.0444,0.0518,-3.6585,-51.7073,-5.3049
1574147194533.0,0.0945,-0.0423,0.0551,6.6463,17.378,-1.3415
1574147194534.0,0.0591,-0.036,0.059,18.2927,53.4756,-1.8293
1574147194535.0,0.0536,-0.0319,0.0615,25.1829,42.622,-5.3049
1574147194576.0,0.0774,-0.0345,0.0641,23.9024,1.1585,-5.7317
1574147194577.0,0.1046,-0.0438,0.0684,16.0366,-48.6585,1.5854
1574147194578.0,0.1216,-0.0497,0.0773,9.2683,-95.6098,7.3171
1574147194578.0,0.1272,-0.0521,0.0736,3.6585,-134.5122,4.8171
1574147194579.0,0.1166,-0.0527,0.0568,1.9512,-152.8049,-1.8293
1574147194621.0,0.0962,-0.0506,0.0387,7.561,-149.8781,-2.8659
1574147194622.0,0.0823,-0.0482,0.025,12.6829,-147.3171,-5.0
1574147194623.0,0.0885,-0.0451,0.0261,15.7317,-152.8049,-9.5732
1574147194623.0,0.1107,-0.0446,0.0372,16.5854,-157.0122,-8.9024
1574147194666.0,0.1288,-0.046,0.0435,15.7927,-152.0122,-5.4268
1574147194667.0,0.134,-0.0456,0.0458,16.3415,-132.1342,-1.8293
1574147194668.0,0.1277,-0.0431,0.0455,18.7805,-100.8537,-0.6098
1574147194669.0,0.112,-0.0402,0.0436,20.9756,-71.5854,-4.3902
1574147194669.0,0.0962,-0.0368,0.0393,20.3659,-53.7195,-10.5488
1574147194711.0,0.0894,-0.0356,0.0372,19.6341,-49.3902,-13.2317
1574147194712.0,0.1022,-0.0369,0.0395,17.378,-58.4756,-13.2317
1574147194713.0,0.1208,-0.0367,0.0405,12.6829,-72.7439,-13.2317
1574147194713.0,0.1284,-0.0341,0.0396,7.9268,-85.3049,-12.561
1574147194756.0,0.1289,-0.032,0.0394,5.6707,-90.6707,-11.9512
1574147194757.0,0.1242,-0.0313,0.0395,4.6951,-85.7927,-11.8902
1574147194758.0,0.1238,-0.0345,0.0396,6.1585,-76.5244,-10.7927
1574147194759.0,0.1313,-0.0416,0.0331,7.8659,-63.6585,-9.1463
1574147194759.0,0.1394,-0.046,0.0229,13.0488,-46.4634,-6.5854
1574147194801.0,0.1373,-0.0468,0.0167,21.1585,-26.7683,-4.0854
1574147194802.0,0.1281,-0.0441,0.0233,28.3537,-7.378,-4.5122
1574147194803.0,0.1254,-0.0428,0.0345,31.4024,13.1098,-6.4634
1574147194804.0,0.1325,-0.0443,0.0444,31.0366,34.3293,-6.2805
1574147194846.0,0.1411,-0.0432,0.05,32.0122,59.7561,-4.5122
1574147194847.0,0.1413,-0.0421,0.0512,35.7927,92.3781,-1.7683
1574147194848.0,0.132,-0.0437,0.0487,36.4634,128.0488,1.8293
1574147194849.0,0.1201,-0.0442,0.0443,36.7683,159.2073,7.6829
1574147194849.0,0.1098,-0.0441,0.0448,38.9024,178.4146,11.0976
1574147194891.0,0.1064,-0.0471,0.0455,38.5976,185.061,11.5244
1574147194892.0,0.1069,-0.0471,0.0444,38.1707,180.2439,13.0488
1574147194893.0,0.1064,-0.0452,0.0471,38.7805,159.8171,16.3415
1574147194893.0,0.1123,-0.0483,0.0499,37.1951,135.061,18.2317
1574147194894.0,0.1187,-0.0485,0.0515,39.0244,120.9146,20.5488
1574147194936.0,0.1182,-0.0457,0.0563,45.122,113.7805,22.0122
1574147194937.0,0.1127,-0.0475,0.064,46.9512,111.4024,20.5488
1574147194938.0,0.1083,-0.0489,0.0721,44.6951,112.9268,19.8171
1574147194939.0,0.1059,-0.0428,0.0752,44.939,117.5,19.7561
1574147194981.0,0.101,-0.0378,0.0762,45.3049,125.3049,21.1585
1574147194981.0,0.0931,-0.0378,0.0755,42.5,133.2927,22.8049
1574147194982.0,0.0912,-0.041,0.0736,39.7561,137.5,25.3659
1574147194982.0,0.0999,-0.0466,0.0759,37.6829,134.5122,28.9024
1574147194983.0,0.1118,-0.0469,0.0751,37.8659,123.1098,30.3049
1574147195026.0,0.1187,-0.0443,0.0792,40.9756,115.0,30.9146
1574147195026.0,0.1111,-0.0414,0.0856,41.4024,113.9634,32.439
1574147195027.0,0.0921,-0.0391,0.088,39.5122,116.8293,32.5
1574147195027.0,0.0728,-0.037,0.0935,39.878,119.2683,31.2805
1574147195071.0,0.0676,-0.0367,0.0978,39.0244,110.8537,30.5488
1574147195071.0,0.075,-0.0385,0.1,32.561,93.0488,31.1585
1574147195072.0,0.0795,-0.0396,0.1006,25.3659,79.6951,31.5854
1574147195072.0,0.0764,-0.0398,0.098,23.9634,79.8171,30.8537
1574147195073.0,0.0656,-0.0381,0.0922,26.5244,88.8415,30.7317
1574147195115.0,0.0531,-0.0373,0.084,29.878,96.7683,28.9634
1574147195116.0,0.0399,-0.0364,0.0774,30.7927,96.4634,24.939
1574147195117.0,0.0366,-0.0334,0.0801,31.0366,85.0,21.0366
1574147195117.0,0.045,-0.0303,0.0911,29.6341,62.9878,16.0976
1574147195161.0,0.0544,-0.0275,0.1061,25.061,39.939,14.5122
1574147195161.0,0.0577,-0.0241,0.1168,22.0732,26.3415,11.7073
1574147195162.0,0.0588,-0.023,0.1222,21.9512,23.2317,6.5244
1574147195162.0,0.0612,-0.0232,0.1263,20.3659,22.6829,3.2317
1574147195163.0,0.0624,-0.0231,0.1269,18.4756,24.3902,1.4024
1574147195206.0,0.0603,-0.0237,0.12,17.1951,29.7561,-0.2439
1574147195251.0,0.0539,-0.0258,0.1006,15.9756,34.5732,-2.7439
1574147195296.0,0.0352,-0.025,0.084,15.8537,32.8049,-4.878
1574147195296.0,0.03,-0.0242,0.0816,16.3415,25.7317,-11.1585
1574147195297.0,0.0486,-0.0224,0.092,13.8415,14.0244,-16.0976
1574147195298.0,0.0717,-0.0202,0.105,9.6341,-1.0366,-15.4878
1574147195298.0,0.0813,-0.0203,0.1171,7.9878,-11.2805,-13.8415
1574147195299.0,0.0839,-0.0245,0.124,7.439,-11.8902,-13.4756
1574147195299.0,0.0811,-0.027,0.1211,6.6463,-5.8537,-12.1951
1574147195300.0,0.0766,-0.0328,0.1161,7.9268,2.1341,-10.3659
1574147195301.0,0.075,-0.0356,0.1107,10.7317,8.2317,-11.0976
1574147195301.0,0.069,-0.0349,0.1057,11.7683,10.9756,-10.6098
1574147195341.0,0.0624,-0.0349,0.1035,12.8659,12.0122,-11.3415
1574147195341.0,0.0601,-0.0323,0.1003,14.6951,9.939,-11.0976
1574147195342.0,0.0665,-0.0285,0.0992,13.2317,2.378,-9.939
1574147195343.0,0.0789,-0.0272,0.1007,10.061,-5.3659,-9.8171
1574147195343.0,0.0894,-0.0333,0.1068,7.8659,-8.2927,-7.8049
1574147195344.0,0.0934,-0.0403,0.1147,6.7683,-4.1463,-4.2073
1574147195386.0,0.0857,-0.0369,0.1198,7.9878,8.1098,-0.061
1574147195387.0,0.074,-0.0333,0.1136,8.2927,17.561,5.2439
1574147195388.0,0.0661,-0.0334,0.1071,6.4024,17.1341,6.4024
1574147195389.0,0.0662,-0.0366,0.1055,4.7561,10.8537,5.5488
1574147195389.0,0.0646,-0.0333,0.1064,2.6829,6.7073,5.4268
1574147195431.0,0.0546,-0.0299,0.1033,1.9512,7.0732,6.8293
1574147195432.0,0.0472,-0.0321,0.0992,1.8902,6.2195,4.0244
1574147195432.0,0.0549,-0.0333,0.0992,0.6098,2.6829,-0.3659
1574147195433.0,0.0585,-0.0329,0.1013,-1.0366,-2.439,-0.7927
1574147195476.0,0.055,-0.0339,0.1031,-1.5244,-5.2439,-2.0732
1574147195477.0,0.056,-0.0316,0.1091,-1.0366,-5.9146,-4.939
1574147195478.0,0.0606,-0.0307,0.1144,-2.378,-8.6585,-6.4024
1574147195479.0,0.0706,-0.0316,0.1171,-4.3293,-11.5244,-5.7927
1574147195480.0,0.0789,-0.0328,0.1171,-6.2195,-11.8902,-3.3537
1574147195521.0,0.0786,-0.0327,0.1122,-6.4634,-6.1585,-1.0366
1574147195522.0,0.075,-0.0331,0.101,-4.6951,1.4634,0.7317
1574147195523.0,0.0731,-0.0322,0.098,-2.3171,0.3659,2.1341
1574147195524.0,0.0733,-0.0285,0.1069,-2.9268,-11.7073,2.5
1574147195524.0,0.0712,-0.0276,0.1086,-5.3049,-23.5366,1.6463
1574147195566.0,0.0707,-0.0291,0.1052,-5.9146,-25.2439,2.5
1574147195567.0,0.075,-0.0291,0.1042,-3.9024,-16.9512,4.2683
1574147195568.0,0.0726,-0.0278,0.1024,-2.1341,-5.0,7.0122
1574147195569.0,0.0607,-0.0262,0.1005,0.1829,5.9146,9.0854
1574147195611.0,0.0541,-0.0256,0.0994,2.622,11.7073,7.8659
1574147195612.0,0.0532,-0.0253,0.1019,2.439,8.5976,4.878
1574147195613.0,0.0555,-0.0242,0.108,1.0366,1.0976,2.2561
1574147195614.0,0.0603,-0.0242,0.1127,-1.7683,-6.4634,1.0366
1574147195614.0,0.0654,-0.0249,0.1113,-4.8171,-11.0366,-0.2439
1574147195656.0,0.0601,-0.0262,0.1069,-6.2805,-9.878,-2.0122
1574147195657.0,0.059,-0.0292,0.1024,-6.3415,-3.1098,-5.4878
1574147195658.0,0.0635,-0.0282,0.1,-6.8293,-0.122,-7.5
1574147195658.0,0.0641,-0.0262,0.0983,-7.9878,-4.4512,-5.8537
1574147195701.0,0.0648,-0.0266,0.0981,-7.6829,-8.4146,-6.3415
1574147195702.0,0.0699,-0.0289,0.0953,-7.439,-11.4024,-7.7439
1574147195703.0,0.0698,-0.0302,0.0938,-7.0732,-12.439,-6.4634
1574147195704.0,0.0665,-0.0311,0.0963,-4.1463,-9.878,-5.2439
1574147195704.0,0.0715,-0.0291,0.1018,-1.2195,-7.378,-6.7073
1574147195746.0,0.0748,-0.0264,0.1102,-0.1829,-7.9878,-6.5854
1574147195747.0,0.0814,-0.0288,0.1174,-2.1341,-12.622,-6.5244
1574147195748.0,0.0869,-0.0311,0.1155,-5.9146,-18.1098,-6.4024
1574147195749.0,0.0874,-0.0349,0.114,-8.2317,-18.9634,-4.3293
1574147195791.0,0.0828,-0.0351,0.1124,-9.0244,-13.3537,-1.7073
1574147195791.0,0.0755,-0.033,0.1057,-9.0244,-6.7683,1.2195
1574147195792.0,0.0701,-0.0326,0.0977,-9.3902,-2.7439,1.4634
1574147195793.0,0.0673,-0.0339,0.09,-8.8415,-0.3659,-0.7927
1574147195793.0,0.0663,-0.0327,0.0854,-6.8902,-2.9878,0.0
1574147195836.0,0.0624,-0.0327,0.0874,-4.5122,-10.6707,0.4268
1574147195836.0,0.0584,-0.0338,0.0926,-3.0488,-19.7561,-1.5854
1574147195837.0,0.0587,-0.0326,0.0992,-2.8049,-31.0976,-3.5976
1574147195838.0,0.064,-0.0317,0.111,-4.6341,-44.3902,-4.0854
1574147195881.0,0.0843,-0.0347,0.1157,-8.4756,-55.5488,-5.6707
1574147195882.0,0.1014,-0.0367,0.1127,-12.8049,-55.7927,-7.439
1574147195883.0,0.098,-0.0387,0.1063,-13.1707,-35.0,-5.3049
1574147195884.0,0.0848,-0.0369,0.0997,-8.6585,-4.2683,-1.5244
1574147195884.0,0.0735,-0.033,0.0914,-5.3659,13.5366,0.5488
1574147195926.0,0.0718,-0.0343,0.0863,-5.4878,12.439,-1.5244
1574147195927.0,0.0753,-0.0334,0.0876,-5.6707,4.2683,-2.378
1574147195928.0,0.0783,-0.0323,0.0967,-3.9634,-3.7195,-0.6098
1574147195929.0,0.0832,-0.0342,0.1022,-3.4146,-9.5732,-1.5854
1574147195930.0,0.087,-0.0347,0.1017,-4.0244,-9.2073,-1.8293
1574147195971.0,0.0864,-0.0351,0.1016,-3.8415,-0.4878,0.1829
1574147195971.0,0.0839,-0.0348,0.098,-3.7195,11.6463,2.9878
1574147195972.0,0.0811,-0.0352,0.0963,-3.4146,21.3415,5.3659
1574147195973.0,0.0812,-0.035,0.0969,-3.0488,27.1341,4.5122
1574147196016.0,0.0787,-0.0337,0.0971,-2.3171,32.1341,5.4878
1574147196017.0,0.0706,-0.035,0.0943,-0.1829,37.8049,8.7805
1574147196018.0,0.064,-0.0373,0.0969,2.6829,41.5244,10.6707
1574147196019.0,0.0627,-0.0373,0.1025,4.2683,41.9512,10.7927
1574147196020.0,0.0614,-0.0373,0.1072,4.4512,41.4634,10.5488
1574147196061.0,0.0656,-0.0401,0.1052,3.1707,40.1829,10.5488
1574147196063.0,0.071,-0.0392,0.1008,2.2561,37.439,11.4024
1574147196063.0,0.0676,-0.0359,0.1058,3.4756,31.0366,12.8049
1574147196064.0,0.0589,-0.0336,0.1121,2.1951,21.0366,9.0244
1574147196106.0,0.061,-0.0331,0.1098,1.2805,12.9878,4.6341
1574147196107.0,0.0726,-0.0319,0.1065,-0.3659,7.1341,6.5854
1574147196108.0,0.0739,-0.0317,0.106,-0.1829,9.6951,11.0366
1574147196109.0,0.066,-0.0311,0.1024,1.8293,20.7317,12.8659
1574147196110.0,0.0595,-0.0311,0.0966,3.8415,29.2683,12.7439
1574147196151.0,0.0586,-0.0325,0.0913,4.2683,30.5488,12.439
1574147196152.0,0.0591,-0.0342,0.0876,5.4268,30.9756,13.1098
1574147196153.0,0.0589,-0.0332,0.0901,8.9634,29.878,14.0854
1574147196154.0,0.0526,-0.0293,0.0941,12.0122,21.0366,12.9268
1574147196196.0,0.0522,-0.028,0.1017,12.622,8.5366,7.378
1574147196197.0,0.0626,-0.0281,0.105,11.5244,0.3049,2.5
1574147196198.0,0.069,-0.0282,0.1079,8.9024,-4.3293,4.5732
1574147196199.0,0.0688,-0.0288,0.1092,8.7805,-1.2805,5.1829
1574147196199.0,0.0671,-0.0279,0.1078,9.5732,3.7195,1.8902
1574147196241.0,0.0682,-0.0291,0.1059,8.9634,5.8537,-0.061
1574147196242.0,0.0698,-0.0314,0.1049,7.8659,4.5122,0.6707
1574147196243.0,0.0682,-0.0338,0.1057,7.8049,3.4756,1.8902
1574147196244.0,0.0684,-0.0362,0.105,7.8659,4.878,2.5
1574147196244.0,0.0679,-0.0368,0.1041,7.1341,6.4634,4.2073
1574147196286.0,0.0622,-0.0359,0.1078,7.622,7.561,4.939
1574147196287.0,0.0564,-0.0342,0.1075,7.2561,5.7927,3.2927
1574147196288.0,0.0574,-0.0337,0.1046,5.3659,0.7317,0.1829
1574147196289.0,0.062,-0.0336,0.1025,2.378,-5.0,-0.061
1574147196331.0,0.0619,-0.0322,0.101,0.9756,-6.6463,0.6098
1574147196331.0,0.059,-0.0308,0.1,1.4634,-4.4512,-1.0366
1574147196332.0,0.0593,-0.0291,0.1021,2.1341,-4.0854,-3.1707
1574147196332.0,0.0638,-0.0281,0.106,1.5244,-8.5366,-4.4512
1574147196333.0,0.0706,-0.0287,0.1082,0.7927,-13.3537,-5.0
1574147196376.0,0.0748,-0.0306,0.1097,-0.2439,-14.2073,-4.5732
1574147196376.0,0.0741,-0.0323,0.1103,0.0,-9.878,-3.3537
1574147196377.0,0.0732,-0.0328,0.1077,0.5488,-4.2683,-1.4634
1574147196377.0,0.074,-0.0333,0.1071,0.6707,-1.0976,-0.1829
1574147196421.0,0.0721,-0.0335,0.1084,0.6098,-0.6707,-0.061
1574147196422.0,0.0671,-0.0333,0.1077,0.4268,-2.0732,0.2439
1574147196423.0,0.0634,-0.0327,0.105,0.061,-2.378,0.2439
1574147196424.0,0.0607,-0.0317,0.1026,-1.1585,-2.9878,0.061
1574147196425.0,0.0587,-0.0309,0.1022,-1.9512,-4.8171,0.7927
1574147196466.0,0.0589,-0.0313,0.103,-2.6829,-7.378,0.0
1574147196467.0,0.0599,-0.0309,0.1049,-2.9878,-9.7561,-1.7073
1574147196468.0,0.0597,-0.0292,0.1072,-3.0488,-10.6707,-2.3171
1574147196468.0,0.0577,-0.0275,0.1064,-3.7805,-12.7439,-2.8049
1574147196511.0,0.0555,-0.029,0.1033,-6.7073,-20.6098,-5.0
1574147196512.0,0.0523,-0.0295,0.1029,-9.0854,-30.0,-6.8902
1574147196513.0,0.046,-0.0286,0.105,-9.3293,-41.5854,-7.2561
1574147196513.0,0.0355,-0.03,0.1101,-11.4024,-60.9756,-9.8171
1574147196514.0,0.0203,-0.03,0.112,-14.878,-87.0732,-15.6098
1574147196556.0,0.0162,-0.0281,0.1095,-17.3171,-115.3049,-22.1951
1574147196557.0,0.0347,-0.0202,0.1052,-21.2805,-137.5,-27.7439
1574147196558.0,0.0613,-0.0205,0.0963,-28.2317,-151.7683,-28.5366
1574147196559.0,0.0795,-0.0358,0.0889,-31.4024,-162.9268,-32.6829
1574147196560.0,0.0845,-0.043,0.0866,-24.5732,-161.6463,-37.5
1574147196601.0,0.1162,-0.039,0.0864,-15.0,-156.2195,-31.8902
1574147196602.0,0.1588,-0.0399,0.0727,-17.0732,-155.8537,-24.6951
1574147196603.0,0.1658,-0.0458,0.063,-16.7073,-143.7805,-15.061
1574147196604.0,0.1481,-0.0514,0.0674,-8.4146,-110.5488,-7.8659
1574147196646.0,0.1346,-0.0434,0.0966,6.4634,-70.9146,-8.5366
1574147196647.0,0.1256,-0.0401,0.1135,7.8049,-42.439,-14.2683
1574147196648.0,0.118,-0.0317,0.113,-0.7317,-23.6585,-15.6098
1574147196649.0,0.0994,-0.0377,0.0948,-2.1951,3.7195,-7.8659
1574147196650.0,0.0806,-0.0441,0.0792,0.2439,36.7073,-2.6829
1574147196691.0,0.0759,-0.0437,0.0721,1.5854,52.9268,0.2439
1574147196692.0,0.0766,-0.0436,0.0676,3.0488,44.6341,-2.0732
1574147196693.0,0.0682,-0.0408,0.0751,6.2195,21.8293,-10.0
1574147196694.0,0.0667,-0.038,0.0977,10.122,-9.0244,-18.7195
1574147196736.0,0.0871,-0.034,0.1201,7.378,-40.4268,-25.5488
1574147196737.0,0.1154,-0.0288,0.1313,0.1829,-56.4634,-26.6463
1574147196738.0,0.1146,-0.0253,0.1224,-1.5244,-38.4146,-20.8537
1574147196739.0,0.0832,-0.0286,0.0985,2.1341,4.5732,-17.622
1574147196740.0,0.0535,-0.038,0.0706,7.2561,49.0854,-20.9146
1574147196781.0,0.0386,-0.0451,0.0568,14.878,65.5488,-26.2195
1574147196782.0,0.0402,-0.0447,0.0692,16.2805,29.4512,-26.7683
1574147196783.0,0.0681,-0.0403,0.0779,8.7805,-44.5122,-26.3415
1574147196783.0,0.1295,-0.0383,0.0933,-1.7073,-108.7195,-27.8659
1574147196826.0,0.1764,-0.0413,0.1106,-6.7683,-119.3293,-21.7073
1574147196827.0,0.1888,-0.0453,0.0997,-7.378,-77.7439,-10.1829
1574147196828.0,0.1658,-0.0451,0.0872,-2.1951,2.1341,-2.378
1574147196829.0,0.1213,-0.0416,0.0833,4.3293,76.5244,3.1098
1574147196829.0,0.0949,-0.0444,0.0807,5.9756,100.6098,8.0488
1574147196871.0,0.0891,-0.0476,0.0816,2.0732,80.9146,8.9024
1574147196872.0,0.0772,-0.0493,0.0767,0.9756,55.9146,6.2805
1574147196873.0,0.0701,-0.0526,0.0681,3.9634,38.4146,5.0
1574147196874.0,0.0839,-0.0534,0.0721,7.9878,14.0244,6.7683
1574147196916.0,0.1036,-0.055,0.0764,9.2073,-16.7073,11.4634
1574147196917.0,0.1042,-0.0543,0.0767,10.2439,-24.3902,12.1951
1574147196918.0,0.0919,-0.0469,0.0814,15.5488,-7.0732,6.7073
1574147196919.0,0.0934,-0.0471,0.0858,21.3415,10.3049,-0.7927
1574147196920.0,0.097,-0.05,0.0904,20.9756,18.1707,-1.9512
1574147196961.0,0.0926,-0.05,0.0906,20.4878,19.5122,1.4634
1574147196962.0,0.0963,-0.0524,0.0784,21.1585,12.9878,-0.6707
1574147196963.0,0.1046,-0.0494,0.0735,22.561,0.7927,-9.7561
1574147196964.0,0.1078,-0.0381,0.0762,26.2805,5.4268,-17.561
1574147196965.0,0.092,-0.0218,0.0516,27.0122,30.5488,-18.9024
1574147197006.0,0.0696,-0.0109,0.0424,23.6585,55.4878,-20.4878
1574147197006.0,0.0612,-0.0097,0.069,23.2317,71.6463,-29.8171
1574147197007.0,0.0652,-0.0085,0.0755,20.1829,75.1829,-30.122
1574147197008.0,0.08,-0.0021,0.0876,20.061,53.1098,-28.7195
1574147197051.0,0.0908,0.0107,0.0801,24.5732,28.2317,-29.6341
1574147197052.0,0.1084,0.0155,0.0864,28.2927,8.5976,-25.9756
1574147197053.0,0.1094,0.0168,0.0779,25.4878,0.7317,-18.7805
1574147197054.0,0.1018,0.0234,0.0659,21.8293,2.0122,-13.7805
1574147197054.0,0.1023,0.0217,0.0634,22.0122,7.9268,-9.5122
1574147197096.0,0.0974,0.0098,0.0649,19.2073,18.5366,-4.3902
1574147197097.0,0.0679,0.0133,0.0632,15.4268,34.5122,-3.8415
1574147197098.0,0.0471,0.0082,0.0585,18.3537,45.2439,-8.2317
1574147197098.0,0.0601,-0.0101,0.0754,19.3293,38.1098,-7.378
1574147197141.0,0.0577,0.0013,0.1257,17.0732,21.4024,-8.0488
1574147197142.0,0.0732,0.0065,0.1271,14.6951,9.2683,-18.1098
1574147197143.0,0.102,0.017,0.1161,10.3659,-21.3415,-20.2439
1574147197144.0,0.1088,0.0162,0.0958,7.3171,-32.8659,-18.3537
1574147197144.0,0.0884,0.0036,0.0697,-0.3659,-20.7317,-10.3659
1574147197186.0,0.0734,-0.0111,0.0579,-3.3537,-10.0,-5.6707
1574147197187.0,0.079,-0.0147,0.0743,-0.122,-18.5366,-3.5976
1574147197188.0,0.0772,-0.0049,0.0824,3.4146,-42.9268,-2.5
1574147197189.0,0.0713,-0.0066,0.0907,6.8293,-62.1951,-4.0244
1574147197231.0,0.0773,-0.0099,0.1068,4.3902,-74.939,-4.0854
1574147197232.0,0.0947,-0.0018,0.1109,0.2439,-83.9634,-8.8415
1574147197233.0,0.1029,0.0131,0.1039,-0.8537,-88.6585,-13.2317
1574147197234.0,0.1029,0.0074,0.0964,-5.1829,-85.8537,-16.3415
1574147197234.0,0.1152,-0.0015,0.0807,-17.6829,-71.4024,-17.0732
1574147197276.0,0.1309,-0.0039,0.0847,-21.6463,-54.2683,-11.2195
1574147197277.0,0.1329,0.0005,0.0772,-21.0366,-31.3415,-6.7073
1574147197278.0,0.116,0.0021,0.0633,-19.7561,-7.3171,-5.6707
1574147197279.0,0.1133,0.0007,0.0516,-17.2561,-4.3293,-7.9878
1574147197279.0,0.1114,0.0066,0.0394,-14.2683,-16.4024,-4.6951
1574147197321.0,0.1198,0.0048,0.0375,-8.8415,-24.0854,0.5488
1574147197322.0,0.1272,-0.0011,0.0515,-6.5854,-18.2317,6.1585
1574147197323.0,0.1085,0.001,0.0673,-7.378,7.1341,8.5366
1574147197324.0,0.0975,0.0082,0.0786,-5.5488,30.4878,6.8902
1574147197366.0,0.0991,0.0094,0.0883,-2.2561,30.061,9.0244
1574147197367.0,0.0969,0.0023,0.0921,-4.5732,20.2439,14.8171
1574147197368.0,0.0879,-0.0009,0.0844,-7.3171,17.0122,17.8659
1574147197369.0,0.0861,0.002,0.0772,-4.8171,16.7073,19.1463
1574147197369.0,0.0822,0.004,0.0717,-2.7439,17.439,22.0122
1574147197411.0,0.0875,-0.0026,0.0635,-1.0366,20.9146,25.4268
1574147197411.0,0.1014,-0.0054,0.075,0.6707,15.9756,31.0976
1574147197412.0,0.1204,-0.0043,0.0861,2.439,7.8659,30.4268
1574147197413.0,0.1364,-0.0098,0.0798,6.1585,22.622,26.8293
1574147197456.0,0.1152,-0.0139,0.0764,9.2073,56.8902,31.0366
1574147197457.0,0.0673,-0.0095,0.0811,15.061,90.6098,29.1463
1574147197457.0,0.0419,-0.0096,0.0746,20.7927,102.1341,23.1707
1574147197458.0,0.043,-0.0098,0.067,22.3171,86.6463,29.7561
1574147197458.0,0.032,-0.0081,0.0585,25.9756,71.2195,39.939
1574147197501.0,0.0235,-0.0149,0.0559,35.1829,68.9024,36.5244
1574147197503.0,0.0562,-0.0265,0.0675,44.2073,64.0244,27.6829
1574147197503.0,0.1311,-0.0317,0.1129,50.3049,43.4756,24.5122
1574147197504.0,0.1613,-0.0272,0.1328,52.1341,23.9634,30.6707
1574147197546.0,0.1215,-0.0176,0.1288,54.0244,43.2317,30.9756
1574147197547.0,0.0667,-0.0176,0.1184,59.4512,87.2561,11.7073
1574147197548.0,0.0482,-0.0303,0.1096,51.4634,92.0122,-8.4146
1574147197549.0,0.0589,-0.0358,0.1119,39.2073,67.8049,-7.561
1574147197549.0,0.0703,-0.0341,0.1122,35.1829,49.8781,5.061
1574147197591.0,0.0748,-0.0392,0.1071,35.9146,46.8902,8.1707
1574147197591.0,0.0731,-0.0453,0.1296,33.5976,44.878,6.7073
1574147197592.0,0.0848,-0.0435,0.1298,30.4268,26.9512,6.7683
1574147197593.0,0.0945,-0.0416,0.1272,20.7927,9.1463,-0.1829
1574147197593.0,0.0858,-0.0368,0.1183,11.7073,16.0976,-8.7805
1574147197636.0,0.0839,-0.0313,0.1086,7.0122,32.2561,-12.622
1574147197636.0,0.0793,-0.0239,0.0939,0.4268,39.6951,-9.5122
1574147197637.0,0.082,-0.0175,0.0957,-1.4024,45.5488,-9.1463
1574147197637.0,0.0848,-0.0137,0.1074,1.7073,50.4878,-10.061
1574147197681.0,0.0832,-0.0109,0.1076,2.9878,45.7317,-6.0366
1574147197681.0,0.088,-0.016,0.1014,2.622,35.7317,-0.3049
1574147197682.0,0.0848,-0.0189,0.0944,1.4634,28.6585,3.1098
1574147197683.0,0.0818,-0.0137,0.0947,2.0732,30.3049,4.878
1574147197683.0,0.0838,-0.0026,0.0986,2.378,35.4268,6.1585
1574147197726.0,0.0738,0.0078,0.0953,2.5,39.6341,8.2927
1574147197727.0,0.0579,0.012,0.0883,5.3049,44.878,5.8537
1574147197728.0,0.0488,0.0115,0.0952,8.1098,48.8415,-0.8537
1574147197729.0,0.0467,0.01,0.1132,9.3902,49.8171,-4.0244
1574147197771.0,0.05,0.0084,0.1221,10.1829,49.3902,-3.2317
1574147197772.0,0.068,0.0017,0.1476,8.6585,41.7073,-1.8293
1574147197772.0,0.0818,-0.0184,0.0967,2.7439,36.7073,0.1829
1574147197773.0,0.0399,-0.0377,0.0932,2.0122,37.1341,4.939
1574147197774.0,0.062,-0.0342,0.1193,17.439,41.5854,-1.5244
1574147197816.0,0.1026,-0.0217,0.1226,10.7317,28.6585,-3.7195
1574147197817.0,0.0775,-0.0151,0.1254,4.4512,25.3659,11.7683
1574147197817.0,0.0567,-0.0119,0.1287,13.5976,47.8659,8.8415
1574147197818.0,0.0547,-0.0123,0.1331,13.1707,45.3659,4.2073
1574147197861.0,0.0549,-0.0153,0.1364,10.0,30.3049,8.9024
1574147197862.0,0.0405,-0.0134,0.1297,5.9756,21.8902,9.3293
1574147197863.0,0.0264,-0.0146,0.117,2.2561,22.1951,5.7927
1574147197864.0,0.0388,-0.0208,0.1122,-2.0732,15.6707,-1.4634
1574147197865.0,0.0644,-0.0283,0.0942,-6.4634,2.7439,-5.4268
1574147197906.0,0.0532,-0.033,0.1092,-7.378,1.0366,-3.5366
1574147197907.0,0.0715,-0.0141,0.1227,2.1341,17.439,-7.561
1574147197908.0,0.1093,0.0047,0.1166,-2.2561,18.2317,-9.7561
1574147197908.0,0.0863,0.003,0.099,-6.2195,20.3049,-2.1951
1574147197951.0,0.0472,-0.0089,0.1005,6.8293,45.1829,3.1707
1574147197952.0,0.0571,-0.0099,0.1082,16.2195,50.4878,6.4024
1574147197953.0,0.0604,-0.0037,0.1115,14.2073,34.6341,13.2317
1574147197954.0,0.0347,-0.0022,0.1193,15.061,26.8902,13.6585
1574147197955.0,0.0245,-0.0013,0.1287,16.7073,22.2561,5.4878
1574147197996.0,0.0364,0.0009,0.1359,12.1341,8.9024,-0.6098
1574147197997.0,0.0522,-0.0012,0.1329,3.9024,-11.7683,-1.8902
1574147197998.0,0.0599,-0.0061,0.1226,-2.3171,-19.3293,-4.3902
1574147197999.0,0.065,-0.0112,0.1196,-5.122,-14.2683,-7.1951
1574147197999.0,0.0863,-0.021,0.0868,-6.5854,-4.939,-6.2805
1574147198041.0,0.049,-0.0497,0.05,-8.2927,7.6829,-2.622
1574147198042.0,0.028,-0.0401,0.1156,10.122,25.9146,0.6707
1574147198043.0,0.0856,-0.0001,0.1047,14.6951,32.439,0.7317
1574147198044.0,0.0761,0.0013,0.1105,0.4878,10.5488,3.3537
1574147198087.0,0.0092,-0.0037,0.1088,9.6341,21.2805,3.4146
1574147198088.0,0.0135,0.0102,0.1324,17.2561,33.1098,-3.7805
1574147198088.0,0.0747,0.0264,0.1383,8.2317,12.1341,-6.2805
1574147198089.0,0.0716,0.0095,0.1231,-3.4146,-9.7561,0.9756
1574147198090.0,0.0261,-0.012,0.1179,5.4268,4.6951,5.4268
1574147198131.0,0.0322,-0.0168,0.1171,12.8049,11.7073,-0.7927
1574147198132.0,0.0592,-0.0122,0.1215,6.6463,-7.9268,-2.6829
1574147198133.0,0.0607,-0.0046,0.1226,2.622,-11.5244,-2.0122
1574147198133.0,0.0522,-0.0032,0.1151,3.6585,3.9024,-5.0
1574147198176.0,0.058,-0.0118,0.1175,4.6951,14.5732,-7.8049
1574147198177.0,0.0712,-0.0163,0.1254,4.2073,12.8049,-5.7927
1574147198178.0,0.0687,-0.0097,0.1326,3.3537,11.7073,-0.4878
1574147198179.0,0.0715,-0.0049,0.1295,1.8902,12.7439,0.6707
1574147198180.0,0.077,-0.0098,0.1158,-4.2073,3.5976,1.8293
1574147198221.0,0.0743,-0.013,0.1072,-6.5854,-1.5244,5.9756
1574147198266.0,0.0698,-0.0096,0.0991,-5.6707,6.0976,9.5122
1574147198311.0,0.0729,-0.0131,0.0996,-3.1707,23.1098,10.4268
1574147198312.0,0.0408,-0.0405,0.0213,0.4268,38.8415,10.6098
1574147198313.0,-0.0044,-0.0498,0.1019,14.0244,45.2439,13.4146
1574147198314.0,0.0271,0.0165,0.1354,27.2561,55.3659,3.2927
1574147198315.0,0.0588,0.031,0.1409,11.7683,30.5488,0.6098
1574147198316.0,0.0483,0.0068,0.1484,4.939,12.1341,-1.6463
1574147198317.0,0.0157,-0.0067,0.1324,5.7927,14.939,-1.2195
1574147198317.0,0.0067,-0.0101,0.1223,1.5854,11.4634,-1.8293
1574147198318.0,0.0338,0.0004,0.1175,-5.8537,-6.3415,-7.8659
1574147198319.0,0.0558,0.0059,0.1214,-12.2561,-27.6829,-8.2317
1574147198356.0,0.0543,0.0052,0.1222,-12.1341,-30.1829,-8.6585
1574147198357.0,0.0464,0.0035,0.1225,-8.4146,-19.4512,-9.6951
1574147198358.0,0.0504,0.0,0.1245,-6.6463,-18.0488,-9.3902
1574147198359.0,0.0496,-0.0071,0.1243,-9.5122,-22.622,-7.8049
1574147198359.0,0.0372,-0.0156,0.1291,-10.8537,-21.0976,-6.8902
1574147198360.0,0.0173,-0.0224,0.127,-11.7073,-20.6098,-8.8415
1574147198401.0,0.0065,-0.0218,0.1295,-15.0,-32.561,-10.6707
1574147198402.0,-0.0087,-0.0159,0.1149,-23.4756,-56.7683,-14.0854
1574147198403.0,-0.0255,-0.0215,0.0945,-31.2195,-92.6829,-19.939
1574147198404.0,-0.0122,-0.025,0.0826,-34.939,-137.439,-28.8415
1574147198405.0,0.0221,-0.025,0.0876,-42.378,-188.9634,-32.2561
1574147198446.0,0.065,-0.0195,0.0919,-51.0366,-233.1098,-32.8049
1574147198447.0,0.1138,-0.0223,0.0798,-57.1951,-270.3049,-35.7927
1574147198447.0,0.1385,-0.0324,0.0595,-69.5122,-288.9634,-29.0854
1574147198448.0,0.1539,-0.0493,0.0473,-73.9634,-272.7439,-22.561
1574147198491.0,0.1315,-0.0579,0.0527,-61.5244,-233.7805,-29.0244
1574147198491.0,0.108,-0.0632,0.0743,-70.7317,-194.6951,-4.0854
1574147198492.0,0.1105,-0.0518,0.1113,-72.9878,-187.8659,-11.4634
1574147198493.0,0.1312,-0.0416,0.1061,-63.5976,-188.5976,-18.1098
1574147198493.0,0.1454,-0.0387,0.0769,-69.0854,-187.5,-5.2439
1574147198536.0,0.14,-0.0354,0.062,-73.9634,-167.9268,15.5488
1574147198537.0,0.1212,-0.0361,0.06,-63.7805,-132.0122,26.7073
1574147198538.0,0.114,-0.0391,0.0533,-42.9878,-95.5488,21.4634
1574147198539.0,0.1231,-0.0364,0.0471,-32.5,-63.2317,24.5732
1574147198581.0,0.1351,-0.0241,0.0479,-12.8049,-26.9512,24.7561
1574147198582.0,0.1286,-0.0117,0.0541,9.7561,2.622,19.939
1574147198583.0,0.1148,-0.0062,0.0565,22.1951,25.6707,16.6463
1574147198584.0,0.1003,-0.0038,0.057,29.0244,41.0976,12.0122
1574147198584.0,0.0754,0.001,0.0605,36.6463,46.2805,6.9512
1574147198626.0,0.0518,0.006,0.0633,42.561,39.878,1.4024
1574147198627.0,0.0365,0.0118,0.0594,43.8415,25.5488,-6.2195
1574147198628.0,0.0331,0.0219,0.0602,44.2073,-0.6098,-13.9634
1574147198629.0,0.0573,0.033,0.0911,45.1829,-33.6585,-16.5854
1574147198629.0,0.1161,0.0269,0.0917,36.2195,-66.7683,-14.2073
1574147198671.0,0.1469,0.0181,0.0839,21.8293,-86.6463,-1.7683
1574147198672.0,0.1392,0.0142,0.0768,15.7927,-82.561,13.0488
1574147198673.0,0.1224,0.0064,0.0639,18.8415,-62.6829,8.4756
1574147198674.0,0.1111,-0.0011,0.0544,18.1098,-45.061,-1.7073
1574147198716.0,0.1168,-0.0007,0.0564,17.6829,-33.4756,-2.6829
1574147198717.0,0.1266,0.004,0.0687,22.1951,-17.3171,-0.8537
1574147198719.0,0.1218,0.0066,0.087,25.5488,11.0366,-1.0366
1574147198719.0,0.103,0.0067,0.0957,25.7317,50.7317,-4.878
1574147198720.0,0.0786,0.0098,0.0897,25.4878,78.3537,-10.7317
1574147198761.0,0.0707,0.0186,0.088,26.2805,72.9878,-10.122
1574147198762.0,0.0832,0.0144,0.0922,19.0244,40.9146,-4.6951
1574147198763.0,0.1042,0.0012,0.0928,2.8049,-2.7439,-0.7927
1574147198764.0,0.1264,-0.0061,0.0967,-9.6951,-34.0854,3.5976
1574147198806.0,0.1297,-0.0079,0.0927,-12.7439,-38.2317,7.3171
1574147198807.0,0.1281,-0.0156,0.0799,-10.3659,-17.1341,5.3659
1574147198808.0,0.127,-0.0181,0.0713,-4.2073,17.378,2.0732
1574147198809.0,0.1217,-0.02,0.0648,1.4634,50.4268,3.8415
1574147198810.0,0.1219,-0.0226,0.0693,7.378,68.1707,2.622
1574147198851.0,0.1202,-0.0211,0.0788,9.878,66.9512,-0.7317
1574147198852.0,0.11,-0.0193,0.0856,9.3293,57.622,-2.0732
1574147198853.0,0.0968,-0.0189,0.0902,7.5,51.3415,0.1829
1574147198854.0,0.0902,-0.0193,0.088,5.0,49.2073,3.2927
1574147198896.0,0.0881,-0.0189,0.0928,4.0244,47.1951,4.2073
1574147198897.0,0.0845,-0.0208,0.0992,2.2561,42.8659,3.6585
1574147198898.0,0.095,-0.0148,0.0834,3.8415,43.1707,0.0
1574147198899.0,0.1072,-0.0088,0.0711,7.1341,53.9024,-2.561
1574147198899.0,0.102,-0.0099,0.0682,2.0122,62.6829,0.4878
1574147198941.0,0.0864,-0.0118,0.0662,1.1585,67.622,3.9024
1574147198942.0,0.0813,-0.0134,0.0706,4.2073,64.3293,2.378
1574147198943.0,0.0834,-0.0123,0.0798,5.4878,51.7683,-1.1585
1574147198944.0,0.0829,-0.0097,0.0878,5.061,37.2561,-2.2561
1574147198987.0,0.0746,-0.0074,0.0909,4.5122,33.9024,-3.1707
1574147198988.0,0.0684,-0.0053,0.0904,4.4512,37.2561,-4.2683
1574147198989.0,0.0739,-0.0051,0.0931,3.1098,32.8659,-5.6098
1574147198990.0,0.0817,-0.008,0.0942,-1.5854,20.0,-5.9756
1574147198991.0,0.0783,-0.0119,0.0922,-6.7073,8.9024,-5.2439
1574147199031.0,0.0717,-0.0142,0.0886,-9.2073,4.5732,-6.5244
1574147199032.0,0.0875,-0.0184,0.0889,-11.4634,3.9024,-8.5366
1574147199033.0,0.0988,-0.0142,0.0908,-20.3659,4.1463,-2.8049
1574147199034.0,0.0898,-0.0087,0.0827,-16.8293,14.5732,-4.0244
1574147199034.0,0.0709,-0.0124,0.0814,-10.4878,24.3902,-9.5732
1574147199076.0,0.0899,-0.0189,0.089,-15.061,16.4634,-9.2683
1574147199077.0,0.1238,-0.0246,0.1046,-23.4146,-3.5976,0.9146
1574147199078.0,0.1452,-0.0341,0.1239,-25.061,-18.4756,3.1707
1574147199079.0,0.1268,-0.0194,0.1202,-30.6707,-7.2561,13.1098
1574147199121.0,0.0973,-0.0099,0.1019,-29.3293,16.8293,15.061
1574147199122.0,0.0978,-0.0203,0.0887,-24.3293,20.4268,-4.3293
1574147199123.0,0.0958,-0.0247,0.0842,-24.3902,14.3293,-7.561
1574147199124.0,0.0781,-0.0239,0.0815,-17.439,17.378,-0.1829
1574147199125.0,0.0711,-0.0258,0.0795,-11.1585,25.061,1.4024
1574147199166.0,0.0771,-0.0266,0.0869,-9.3902,24.5732,1.0366
1574147199167.0,0.0793,-0.0208,0.0941,-7.0122,21.4634,2.1341
1574147199168.0,0.079,-0.0162,0.0942,-4.1463,18.9024,0.4878
1574147199169.0,0.0918,-0.0178,0.0934,-3.2317,10.8537,-1.5244
1574147199211.0,0.1011,-0.0206,0.0953,-3.6585,2.9268,2.561
1574147199212.0,0.0958,-0.0214,0.1003,-4.2073,5.9756,5.9756
1574147199213.0,0.089,-0.0188,0.1016,-3.4146,11.6463,3.3537
1574147199214.0,0.0957,-0.0176,0.0994,-2.439,12.622,2.1951
1574147199215.0,0.0969,-0.0181,0.0985,-3.8415,9.7561,3.5366
1574147199256.0,0.0852,-0.0173,0.0962,-4.3293,10.2439,4.2073
1574147199257.0,0.0806,-0.02,0.0917,-1.9512,11.5854,-0.2439
1574147199258.0,0.0834,-0.0198,0.0936,0.6098,7.7439,-3.7805
1574147199259.0,0.0868,-0.0176,0.1008,1.7073,6.0366,-0.122
1574147199301.0,0.0993,-0.0164,0.1045,1.2805,6.7683,-1.1585
1574147199302.0,0.1161,-0.0136,0.1088,0.1829,7.1951,-3.4146
1574147199303.0,0.1284,-0.0118,0.1152,0.6098,14.5122,0.6707
1574147199304.0,0.1197,-0.0117,0.1198,5.7317,38.9634,1.7073
1574147199305.0,0.0845,-0.0082,0.1091,16.1585,78.8415,-0.4878
1574147199346.0,0.0544,-0.0029,0.0933,20.5488,104.939,-5.122
1574147199347.0,0.0493,-0.0095,0.0891,12.2561,93.7195,-2.378
1574147199348.0,0.0623,-0.0156,0.0939,-5.3049,63.2927,9.1463
1574147199349.0,0.0644,-0.0047,0.0975,-13.0488,45.8537,14.2073
1574147199350.0,0.0609,-0.0018,0.0962,-7.5,40.2439,8.8415
1574147199391.0,0.0635,-0.0073,0.0984,-8.7805,24.5732,5.061
1574147199392.0,0.0728,-0.011,0.0962,-10.7927,3.5976,5.122
1574147199393.0,0.0868,-0.0162,0.0947,-12.5,-11.4024,7.439
1574147199394.0,0.0864,-0.0216,0.0887,-12.9878,-6.9512,5.7927
1574147199436.0,0.0794,-0.0255,0.0837,-11.0366,9.6341,7.8659
1574147199437.0,0.0813,-0.0245,0.0815,-6.4024,23.5366,9.1463
1574147199438.0,0.0862,-0.0254,0.0841,-4.0244,25.061,10.3659
1574147199439.0,0.0852,-0.0308,0.0803,-2.9878,25.3659,9.2073
1574147199440.0,0.0827,-0.0324,0.0808,1.9512,30.9146,6.2805
1574147199481.0,0.0851,-0.0323,0.0808,5.8537,32.5,7.8049
1574147199481.0,0.0838,-0.0328,0.0836,6.7683,31.5854,8.5366
1574147199482.0,0.0757,-0.0287,0.0914,11.0366,38.6585,7.5
1574147199483.0,0.0673,-0.0267,0.1005,15.6098,42.622,5.3049
1574147199526.0,0.0659,-0.0229,0.1058,16.2805,34.8171,2.7439
1574147199527.0,0.0668,-0.0219,0.1061,13.9024,26.4024,3.7805
1574147199527.0,0.062,-0.0193,0.1007,12.1341,27.439,3.5366
1574147199528.0,0.0554,-0.0172,0.0981,11.2805,27.5,2.561
1574147199528.0,0.0549,-0.0147,0.1082,9.2683,20.122,1.1585
1574147199571.0,0.0598,-0.0123,0.1218,6.5244,10.8537,-1.3415
1574147199572.0,0.0686,-0.0112,0.1145,3.6585,2.7439,-2.6829
1574147199573.0,0.0728,-0.0133,0.1079,0.6707,-5.6098,0.0
1574147199574.0,0.0685,-0.0195,0.1118,-0.3049,-5.3659,3.1707
1574147199616.0,0.0671,-0.0205,0.11,1.0366,3.1098,1.2195
1574147199616.0,0.0759,-0.0176,0.1046,1.2195,7.1341,1.4024
1574147199617.0,0.0825,-0.0181,0.1017,-0.122,5.122,2.6829
1574147199618.0,0.0749,-0.0191,0.1022,1.1585,8.4146,4.2073
1574147199618.0,0.0723,-0.0199,0.1019,4.0244,12.0122,5.6098
1574147199661.0,0.0788,-0.0178,0.103,4.939,6.9512,4.0854
1574147199661.0,0.0789,-0.0154,0.1022,5.061,5.3659,1.5854
1574147199662.0,0.0753,-0.0162,0.1095,4.5732,15.5488,0.6707
1574147199663.0,0.0811,-0.0162,0.1171,3.1707,26.0976,3.5366
1574147199663.0,0.0829,-0.0122,0.1136,2.561,31.2195,7.9268
1574147199706.0,0.0731,-0.0128,0.1073,3.4756,35.7927,10.7317
1574147199706.0,0.061,-0.0165,0.1035,6.6463,39.0854,8.5366
1574147199707.0,0.0582,-0.0171,0.1046,10.5488,35.6098,7.2561
1574147199708.0,0.0599,-0.0144,0.109,13.1098,24.7561,7.1951
1574147199751.0,0.0518,-0.0174,0.1094,12.0732,14.6951,7.6829
1574147199752.0,0.0472,-0.0206,0.1056,10.2439,12.0732,6.5244
1574147199753.0,0.0507,-0.0202,0.1076,8.1098,7.0732,6.4024
1574147199754.0,0.0521,-0.022,0.106,5.0,0.2439,5.2439
1574147199754.0,0.0519,-0.0205,0.108,3.9024,-9.0244,2.0732
1574147199796.0,0.049,-0.0202,0.1119,3.5976,-25.3049,-0.2439
1574147199797.0,0.0471,-0.0206,0.1086,2.378,-43.8415,-4.3293
1574147199797.0,0.0496,-0.0198,0.1051,-0.122,-63.5976,-7.561
1574147199798.0,0.0645,-0.0209,0.1002,-2.1341,-86.5854,-7.8659
1574147199841.0,0.0848,-0.0234,0.0991,-3.5976,-114.5732,-6.5854
1574147199842.0,0.0865,-0.0268,0.1014,-1.4634,-140.3049,-6.0976
1574147199843.0,0.0876,-0.0312,0.099,-0.061,-156.5854,-9.0244
1574147199844.0,0.1234,-0.0353,0.0991,-7.1951,-169.6951,-14.5732
1574147199845.0,0.1533,-0.0379,0.0972,-15.9756,-164.6951,-16.0976
1574147199886.0,0.153,-0.0403,0.0814,-16.4634,-124.7561,-10.1829
1574147199887.0,0.1166,-0.0349,0.0676,-9.5732,-65.3049,-1.8293
1574147199888.0,0.0749,-0.0305,0.0586,1.8293,-24.1463,0.061
1574147199889.0,0.0595,-0.0295,0.0541,7.6829,-20.0,-5.2439
1574147199931.0,0.0676,-0.027,0.0613,8.0488,-41.0366,-7.6829
1574147199932.0,0.0814,-0.0228,0.0739,9.0854,-67.1951,-5.2439
1574147199933.0,0.0911,-0.0198,0.0916,13.6585,-82.2561,-5.4268
1574147199934.0,0.0891,-0.0188,0.101,15.3049,-82.6829,-6.7683
1574147199935.0,0.0815,-0.0164,0.1027,15.8537,-73.2317,-10.2439
1574147199976.0,0.0924,-0.0159,0.1011,12.622,-68.2927,-15.6707
1574147199978.0,0.1111,-0.0137,0.0962,8.2317,-64.7561,-16.8293
1574147199979.0,0.1135,-0.0133,0.0842,5.4268,-56.2195,-12.2561
1574147199980.0,0.0986,-0.0183,0.0771,-1.9512,-41.1585,-10.6707
1574147200021.0,0.0893,-0.0147,0.076,-7.8659,-23.4756,-12.1341
1574147200022.0,0.0918,-0.0063,0.0699,-5.061,-15.061,-12.378
1574147200022.0,0.0886,-0.0046,0.0755,-0.4268,-18.4146,-10.3659
1574147200023.0,0.0942,-0.0063,0.0878,-3.5366,-29.3293,-8.7805
1574147200023.0,0.1114,-0.0045,0.0988,-7.9878,-36.5854,-9.939
1574147200066.0,0.1226,0.002,0.1013,-5.3049,-33.7195,-7.8049
1574147200066.0,0.1215,0.007,0.1064,-3.4146,-29.3293,-4.6341
1574147200067.0,0.1079,-0.0009,0.1006,-9.3902,-39.6341,-1.0366
1574147200068.0,0.0958,-0.0109,0.0854,-26.1585,-69.4512,-0.3049
1574147200068.0,0.0873,-0.0171,0.0626,-40.4268,-84.6341,-1.0366
1574147200111.0,0.0887,-0.0183,0.0529,-39.4512,-71.4634,-3.0488
1574147200111.0,0.1031,-0.0163,0.0484,-32.8049,-54.939,-3.0488
1574147200112.0,0.1223,-0.0106,0.0502,-25.061,-46.5854,-3.2927
1574147200113.0,0.1326,-0.0092,0.0547,-16.9512,-40.1829,1.7073
1574147200156.0,0.1246,-0.0131,0.0596,-8.9634,-31.4024,6.2805
1574147200157.0,0.1141,-0.014,0.0607,-0.2439,-23.7195,8.2317
1574147200159.0,0.1186,-0.0126,0.0623,8.2927,-17.1951,10.9756
1574147200160.0,0.1274,-0.0123,0.0909,12.9878,-7.1341,15.9756
1574147200161.0,0.111,-0.0164,0.0951,10.6707,16.2195,16.7073
1574147200201.0,0.077,0.0077,0.0919,8.4756,57.8659,0.9756
1574147200202.0,0.0535,0.0165,0.1061,15.7317,84.1463,-1.0976
1574147200203.0,0.0464,0.0048,0.1064,10.8537,66.4024,-1.2805
1574147200204.0,0.0505,0.0005,0.114,-0.2439,32.1951,-5.3659
1574147200246.0,0.0668,-0.0051,0.1129,-4.4512,5.0,-8.5366
1574147200247.0,0.096,-0.0172,0.1103,-9.3902,-21.2195,-12.439
1574147200248.0,0.1304,-0.0244,0.1057,-17.1951,-41.7683,-14.0854
1574147200249.0,0.1514,-0.0264,0.0993,-24.6341,-43.1707,-14.1463
1574147200250.0,0.1519,-0.0239,0.0901,-28.6585,-26.4024,-14.3902
1574147200291.0,0.1296,-0.0218,0.0862,-28.1707,-3.7805,-15.1829
1574147200292.0,0.1074,-0.0226,0.0856,-31.5244,9.878,-13.4146
1574147200293.0,0.087,-0.0208,0.081,-38.9634,13.4146,-9.5732
1574147200294.0,0.072,-0.0153,0.0833,-37.8049,10.0,-11.4024
1574147200336.0,0.0706,-0.0097,0.0866,-40.122,-1.8293,-12.439
1574147200337.0,0.0731,-0.0031,0.0862,-42.9878,-7.7439,-17.1951
1574147200338.0,0.084,-0.0037,0.0738,-42.378,-4.939,-19.4512
1574147200339.0,0.1147,-0.0132,0.0647,-40.5488,-2.3171,-20.7927
1574147200340.0,0.1281,-0.0192,0.0698,-38.2317,-3.1707,-19.1463
1574147200381.0,0.1337,-0.0244,0.0667,-34.3902,3.4756,-17.8659
1574147200382.0,0.1427,-0.0281,0.058,-29.0854,19.2683,-15.4268
1574147200383.0,0.1394,-0.0297,0.0617,-21.8293,30.7317,-6.7683
1574147200384.0,0.1113,-0.0281,0.0663,-13.5976,39.4512,-0.4268
1574147200385.0,0.0818,-0.0224,0.0668,-8.1098,46.4024,0.5488
1574147200426.0,0.0751,-0.0166,0.0732,-4.5732,47.3171,-2.8049
1574147200427.0,0.0834,-0.0146,0.0863,-3.2927,35.061,-3.9024
1574147200428.0,0.0898,-0.0154,0.0912,-5.9146,20.6098,-4.6951
1574147200429.0,0.087,-0.0134,0.0903,-9.6341,16.4634,-7.561
1574147200471.0,0.0865,-0.0146,0.0795,-11.8902,17.5,-9.5122
1574147200472.0,0.0915,-0.0191,0.0771,-14.2073,12.8049,-12.1341
1574147200473.0,0.0912,-0.0197,0.077,-15.6098,-0.9756,-15.061
1574147200474.0,0.0997,-0.0227,0.0633,-16.0366,-13.3537,-16.8293
1574147200475.0,0.1126,-0.0252,0.0526,-16.6463,-17.1341,-16.1585
1574147200516.0,0.1055,-0.0188,0.0526,-13.7195,-8.6585,-12.9878
1574147200517.0,0.1009,-0.0211,0.0543,-7.3171,1.0366,-8.7805
1574147200517.0,0.1028,-0.0228,0.0505,-4.7561,-1.0366,-8.5976
1574147200518.0,0.103,-0.022,0.0562,-1.0366,-6.8902,-6.7073
1574147200561.0,0.1126,-0.0196,0.0626,1.8902,-13.2927,-4.4512
1574147200561.0,0.1367,-0.0133,0.0637,1.1585,-13.1707,-2.8049
1574147200562.0,0.134,-0.0022,0.0665,-0.8537,0.7317,1.6463
1574147200563.0,0.1036,0.0007,0.0627,0.7317,25.122,3.6585
1574147200563.0,0.0895,-0.0065,0.055,1.2195,40.6098,2.0122
1574147200606.0,0.0869,-0.0068,0.0618,-1.1585,37.7439,3.4756
1574147200607.0,0.087,0.0046,0.0826,-0.1829,30.2439,4.5122
1574147200607.0,0.0754,0.0162,0.0931,-0.061,27.561,3.9024
1574147200608.0,0.0482,0.0114,0.0818,-3.1098,29.8171,1.3415
1574147200651.0,0.0649,-0.0126,0.0714,-9.0244,18.1707,-8.5366
1574147200651.0,0.1006,-0.0236,0.0675,-18.4756,-13.5976,-14.878
1574147200652.0,0.1049,-0.0242,0.0676,-19.6951,-33.3537,-10.5488
1574147200653.0,0.1071,-0.0305,0.0646,-15.3659,-35.6707,-10.7927
1574147200653.0,0.118,-0.0322,0.0612,-14.5122,-41.2805,-11.6463
1574147200696.0,0.1136,-0.0269,0.0585,-12.622,-46.8293,-6.4024
1574147200696.0,0.0997,-0.02,0.0719,-7.1951,-38.1707,-3.5976
1574147200697.0,0.1032,-0.0118,0.0927,0.0,-20.7317,-2.9268
1574147200698.0,0.1069,-0.0117,0.088,7.1951,-9.6951,-1.2805
1574147200698.0,0.0881,-0.0256,0.078,11.8902,-17.6829,0.061
1574147200741.0,0.0842,-0.04,0.0777,9.8171,-34.3902,-0.3049
1574147200741.0,0.091,-0.0345,0.0816,6.2195,-60.6707,-3.7195
1574147200742.0,0.1003,-0.024,0.0767,6.4634,-93.0488,-4.6951
1574147200743.0,0.1249,-0.0292,0.0565,4.3902,-116.8902,-6.2195
1574147200786.0,0.1427,-0.0334,0.0552,0.0,-104.5122,-9.0854
1574147200787.0,0.1295,-0.0269,0.0621,3.4146,-47.6829,-4.939
1574147200788.0,0.0891,-0.0044,0.0523,12.5,23.7805,-5.3049
1574147200789.0,0.0734,0.0056,0.0453,19.2683,54.8171,-3.2927
1574147200789.0,0.0859,0.0029,0.0478,15.1829,36.6463,-3.3537
1574147200831.0,0.1029,0.0043,0.0557,11.6463,16.4634,-2.8049
1574147200832.0,0.0939,0.012,0.0593,13.0488,19.6341,1.4634
1574147200833.0,0.0809,0.0174,0.0576,17.9878,32.9268,0.2439
1574147200834.0,0.1118,0.0059,0.0443,8.4146,17.9268,3.2317
1574147200876.0,0.1295,-0.0046,0.0442,0.4268,24.6341,7.9268
1574147200877.0,0.1383,-0.0434,0.1051,9.3293,62.622,14.0854
1574147200878.0,0.2101,-0.0526,0.1234,-3.8415,115.061,46.5244
1574147200879.0,0.2381,-0.03,0.1495,-54.2073,194.6951,115.9146
1574147200880.0,0.1949,-0.0017,0.1574,-17.561,227.6829,48.7805
1574147200921.0,0.1216,0.0143,0.1262,-13.9024,189.2683,47.9268
1574147200922.0,0.0801,0.0051,0.1166,-34.5732,139.7561,83.5366
1574147200923.0,0.0645,0.033,0.1259,-45.6707,95.6098,90.6098
1574147200924.0,0.1008,0.0679,0.1277,-20.6098,59.939,65.8537
1574147200966.0,0.1395,0.0397,0.1163,12.6829,32.561,9.1463
1574147200967.0,0.1237,-0.0021,0.1086,34.6341,53.2927,-21.8902
1574147200968.0,0.0983,-0.0884,0.1036,82.439,90.9756,-41.0976
1574147200969.0,0.1019,-0.0939,0.1056,31.0366,103.2927,33.4146
1574147200970.0,0.1016,-0.0132,0.104,-22.1341,129.8781,105.3049
1574147201011.0,0.0795,0.0026,0.0927,4.3902,155.6707,69.6951
1574147201012.0,0.0692,-0.0139,0.0804,13.9634,147.0732,58.9024
1574147201013.0,0.0753,-0.0267,0.0698,12.0122,118.3537,58.9024
1574147201014.0,0.0688,-0.0258,0.0666,11.4024,102.622,59.5122
1574147201056.0,0.059,-0.0242,0.061,13.7195,96.8293,60.061
1574147201057.0,0.0284,-0.0208,0.0556,21.6463,102.8049,56.8293
1574147201057.0,0.0002,-0.0195,0.0534,32.2561,107.1951,50.3049
1574147201058.0,-0.0051,-0.0207,0.0533,38.9634,103.2317,40.3049
1574147201058.0,0.0171,-0.0242,0.0588,40.9146,88.4146,35.0
1574147201101.0,0.0502,-0.0337,0.071,38.3537,71.4024,29.939
1574147201102.0,0.0605,-0.0361,0.0851,40.6098,63.1707,27.2561
1574147201103.0,0.0521,-0.0388,0.0952,46.1585,62.561,26.0976
1574147201104.0,0.0478,-0.0454,0.0995,50.3049,66.8902,19.2683
1574147201105.0,0.0504,-0.0477,0.1015,53.3537,64.6341,13.5976
1574147201146.0,0.0447,-0.0454,0.097,52.6829,55.9146,13.3537
1574147201147.0,0.0351,-0.0427,0.0911,51.5244,48.9024,11.5854
1574147201148.0,0.0222,-0.0388,0.0903,50.3049,43.2317,8.0488
1574147201149.0,0.0125,-0.0342,0.0906,48.6585,33.8415,2.9268
1574147201191.0,0.0131,-0.0327,0.0959,46.0976,19.5122,0.1829
1574147201192.0,0.0259,-0.0346,0.1056,41.6463,2.2561,-2.9268
1574147201193.0,0.05,-0.0353,0.12,36.2805,-10.122,-6.4634
1574147201195.0,0.0679,-0.0305,0.1339,33.7805,-8.5366,-7.2561
1574147201196.0,0.068,-0.0265,0.1321,34.4512,4.7561,-5.4268
1574147201236.0,0.0594,-0.0249,0.1212,36.1585,19.878,-4.0854
1574147201237.0,0.0536,-0.0229,0.1161,39.6951,26.7073,-2.9268
1574147201238.0,0.0562,-0.0258,0.1221,40.6098,22.7439,-2.7439
1574147201239.0,0.047,-0.0174,0.1327,39.2683,18.0488,-4.5732
1574147201281.0,0.04,-0.0116,0.1541,36.7683,13.2317,-3.1707
1574147201282.0,0.0336,-0.0132,0.1683,23.4756,-5.122,-0.9756
