0,1,2,3,4,5,6
1574146962368.0,0.0768,-0.0513,0.088,7.439,-20.5488,1.0976
1574146962368.0,0.0831,-0.051,0.0885,7.3171,-22.561,2.9878
1574146962411.0,0.0869,-0.0511,0.0891,6.8902,-22.9878,4.939
1574146962412.0,0.0872,-0.0502,0.0886,8.1707,-22.561,6.9512
1574146962413.0,0.0889,-0.0491,0.0883,10.0,-22.439,9.0854
1574146962414.0,0.0914,-0.0483,0.0881,10.2439,-21.6463,11.5854
1574146962415.0,0.0909,-0.0475,0.0871,10.1829,-20.4878,14.0244
1574146962415.0,0.0894,-0.048,0.0864,10.9146,-20.122,15.4268
1574146962501.0,0.0889,-0.0475,0.088,12.439,-20.9146,17.6829
1574146962501.0,0.0884,-0.0458,0.0903,13.2317,-23.2317,20.4878
1574146962502.0,0.0842,-0.0458,0.0923,12.3171,-26.4634,21.4024
1574146962503.0,0.0784,-0.0452,0.093,12.0732,-28.5366,20.7317
1574146962503.0,0.0767,-0.0435,0.0931,14.3293,-28.6585,19.2683
1574146962504.0,0.076,-0.0438,0.0936,13.6585,-27.0122,17.3171
1574146962504.0,0.0751,-0.0445,0.0919,11.4634,-24.1463,15.7317
1574146962506.0,0.0739,-0.0436,0.0906,10.4878,-20.3659,14.0854
1574146962506.0,0.0744,-0.0436,0.0902,9.5732,-17.5,12.1951
1574146962546.0,0.074,-0.0432,0.0886,8.3537,-15.4268,10.4878
1574146962547.0,0.0698,-0.0434,0.0858,8.1707,-14.5122,8.1707
1574146962549.0,0.0646,-0.0426,0.0827,8.8415,-15.0,4.939
1574146962550.0,0.0611,-0.0423,0.0791,9.6341,-17.9268,1.4634
1574146962591.0,0.0613,-0.0416,0.0775,10.2439,-23.7195,-2.0732
1574146962592.0,0.0627,-0.0408,0.0786,10.9146,-31.2195,-6.2805
1574146962593.0,0.0639,-0.0407,0.0822,11.6463,-38.1707,-9.7561
1574146962594.0,0.0657,-0.0417,0.0857,13.2927,-42.7439,-12.9268
1574146962636.0,0.0663,-0.0428,0.0871,15.122,-44.5732,-15.8537
1574146962637.0,0.0687,-0.043,0.0889,18.2927,-44.2683,-19.1463
1574146962638.0,0.0763,-0.0455,0.0922,20.3659,-40.3659,-23.4146
1574146962639.0,0.0816,-0.0458,0.0944,21.0366,-32.5,-25.9756
1574146962640.0,0.0831,-0.0448,0.0969,22.9878,-22.0122,-27.1951
1574146962681.0,0.0837,-0.0444,0.0992,24.4512,-10.6098,-28.4756
1574146962682.0,0.0854,-0.0439,0.1011,24.939,-0.8537,-27.8049
1574146962683.0,0.0865,-0.0435,0.1003,24.5122,6.0366,-25.8537
1574146962684.0,0.0852,-0.0452,0.0984,24.0854,9.6341,-24.0244
1574146962685.0,0.0858,-0.0478,0.0968,23.4756,9.939,-22.2561
1574146962726.0,0.0881,-0.0493,0.0962,22.3171,8.2317,-20.2439
1574146962728.0,0.09,-0.0488,0.0964,21.1585,5.7317,-18.4756
1574146962728.0,0.0918,-0.0489,0.0967,19.4512,3.4146,-17.0122
1574146962729.0,0.0923,-0.0501,0.0959,17.439,1.5854,-15.3659
1574146962730.0,0.0917,-0.051,0.0953,15.7927,0.4878,-13.4146
1574146962771.0,0.0906,-0.0513,0.0938,14.1463,-0.061,-11.3415
1574146962772.0,0.0889,-0.0507,0.0922,12.0732,-1.0976,-9.8171
1574146962773.0,0.09,-0.05,0.0919,9.6951,-2.561,-8.1707
1574146962774.0,0.0917,-0.0496,0.092,6.8293,-3.3537,-5.8537
1574146962816.0,0.0919,-0.0484,0.0922,4.1463,-3.1098,-3.1707
1574146962861.0,0.0899,-0.0474,0.0923,1.8293,-1.4024,-0.9756
1574146962862.0,0.0885,-0.0471,0.0917,0.0,0.4878,1.2195
1574146962863.0,0.0875,-0.0462,0.0906,-1.9512,1.3415,3.3537
1574146962864.0,0.0861,-0.0453,0.0888,-4.4512,1.0366,4.6341
1574146962865.0,0.0848,-0.0452,0.0865,-7.0732,0.4268,5.2439
1574146962866.0,0.0855,-0.0449,0.0856,-9.3902,-0.1829,5.6707
1574146962906.0,0.0849,-0.0444,0.085,-11.4634,-0.6707,5.4878
1574146962907.0,0.0828,-0.0439,0.0834,-13.2317,-0.7317,4.6341
1574146962908.0,0.0826,-0.0432,0.0829,-14.2073,-0.9756,3.9634
1574146962909.0,0.0844,-0.043,0.0834,-15.6707,-1.7683,2.9268
1574146962910.0,0.0845,-0.0437,0.084,-17.439,-2.2561,1.7073
1574146962911.0,0.0841,-0.0435,0.0849,-18.2317,-1.3415,0.1829
1574146962911.0,0.0848,-0.0428,0.0856,-18.3537,0.9756,-1.7683
1574146962951.0,0.0842,-0.0414,0.0858,-18.2927,3.3537,-3.1098
1574146962996.0,0.0838,-0.0405,0.0847,-18.4146,4.7561,-4.1463
1574146962997.0,0.0842,-0.0406,0.0836,-18.4756,5.061,-5.6707
1574146962998.0,0.085,-0.0406,0.083,-18.3537,4.6341,-6.7683
1574146962999.0,0.0859,-0.0408,0.0837,-17.9268,3.9024,-7.378
1574146962999.0,0.0848,-0.0401,0.0842,-17.2561,2.7439,-7.9268
1574146963041.0,0.0836,-0.0399,0.0826,-16.8293,0.7317,-8.6585
1574146963042.0,0.081,-0.0407,0.0815,-16.0366,-1.4634,-9.3293
1574146963043.0,0.0793,-0.0422,0.0799,-15.2439,-3.0488,-10.061
1574146963044.0,0.0817,-0.0428,0.0803,-14.6951,-4.2683,-9.939
1574146963045.0,0.0856,-0.0432,0.0821,-14.5122,-5.3049,-9.3293
1574146963045.0,0.0879,-0.0444,0.084,-14.3902,-5.5488,-8.3537
1574146963046.0,0.0896,-0.0456,0.0847,-13.6585,-4.5732,-7.3171
1574146963047.0,0.0887,-0.0465,0.0853,-11.8293,-2.9878,-6.9512
1574146963086.0,0.0876,-0.0479,0.0851,-9.6341,-1.5854,-6.3415
1574146963087.0,0.089,-0.0488,0.085,-7.8659,-1.4024,-5.5488
1574146963088.0,0.0903,-0.0492,0.0866,-6.4634,-1.9512,-4.5122
1574146963089.0,0.0911,-0.048,0.0883,-5.4268,-2.5,-3.9634
1574146963131.0,0.0911,-0.0463,0.0883,-4.4512,-2.439,-3.2317
1574146963132.0,0.0906,-0.0459,0.0874,-3.8415,-1.4024,-1.8902
1574146963133.0,0.0916,-0.0463,0.0873,-3.4756,1.5854,-1.3415
1574146963134.0,0.0917,-0.0452,0.0867,-3.2927,6.1585,-0.7317
1574146963135.0,0.0905,-0.0439,0.0858,-3.0488,9.939,1.1585
1574146963176.0,0.0894,-0.043,0.0867,-3.4756,12.0732,2.5
1574146963176.0,0.0878,-0.0421,0.0867,-3.8415,12.9268,3.0488
1574146963177.0,0.0875,-0.0421,0.0876,-4.8171,12.8049,4.5122
1574146963178.0,0.0874,-0.043,0.0881,-6.1585,11.5244,5.8537
1574146963221.0,0.0854,-0.0439,0.0872,-7.2561,8.4146,5.6098
1574146963221.0,0.0841,-0.044,0.0859,-8.1707,4.0244,5.9146
1574146963222.0,0.086,-0.0443,0.0863,-9.3293,-1.1585,5.9146
1574146963222.0,0.0895,-0.0456,0.088,-11.5854,-5.3659,4.6341
1574146963223.0,0.0885,-0.046,0.0886,-13.1707,-5.6098,4.0244
1574146963266.0,0.0861,-0.0463,0.089,-13.1098,-1.2195,3.4756
1574146963267.0,0.0836,-0.0466,0.0881,-13.1098,3.5366,2.7439
1574146963268.0,0.0805,-0.0474,0.0851,-14.1463,5.3049,2.378
1574146963268.0,0.0782,-0.0496,0.0818,-15.122,4.0854,2.0122
1574146963356.0,0.0782,-0.0521,0.0786,-15.7317,0.4268,1.3415
1574146963357.0,0.0794,-0.0552,0.0748,-16.4634,-5.061,0.5488
1574146963358.0,0.0826,-0.0604,0.0734,-16.5244,-11.0366,-0.061
1574146963359.0,0.0867,-0.0648,0.0737,-16.2195,-16.2195,-0.5488
1574146963360.0,0.088,-0.0671,0.0734,-15.1829,-20.2439,-0.7317
1574146963360.0,0.0894,-0.0676,0.0743,-13.4146,-23.4756,-0.7317
1574146963361.0,0.0907,-0.0671,0.0742,-12.0122,-27.8049,-0.3659
1574146963362.0,0.0897,-0.0663,0.073,-11.0366,-35.4878,0.6707
1574146963363.0,0.0891,-0.066,0.0731,-10.6707,-46.9512,2.0732
1574146963364.0,0.0901,-0.0645,0.0723,-10.9756,-60.4878,3.9024
1574146963446.0,0.0927,-0.0629,0.0708,-11.7683,-73.4756,6.5854
1574146963446.0,0.0961,-0.0629,0.0704,-12.3171,-82.9878,9.3902
1574146963447.0,0.1008,-0.0631,0.0708,-12.622,-87.0732,12.0732
1574146963447.0,0.1032,-0.0611,0.0711,-11.9512,-85.122,15.122
1574146963448.0,0.1036,-0.059,0.0714,-10.2439,-78.5976,17.7439
1574146963449.0,0.1038,-0.0571,0.0705,-8.3537,-69.0854,19.6951
1574146963449.0,0.0997,-0.0547,0.0671,-6.6463,-59.939,22.1951
1574146963450.0,0.0954,-0.0534,0.0618,-4.939,-54.3902,24.2683
1574146963451.0,0.0959,-0.0527,0.058,-3.4146,-52.1951,24.6341
1574146963491.0,0.0999,-0.0528,0.0555,-2.1341,-53.4756,24.6341
1574146963536.0,0.1003,-0.0521,0.0524,-0.9146,-57.0732,25.6707
1574146963536.0,0.098,-0.0528,0.0485,2.1341,-61.8293,25.4268
1574146963537.0,0.0964,-0.0543,0.0465,5.6098,-70.061,23.1707
1574146963538.0,0.095,-0.0549,0.0491,7.622,-81.7683,20.9146
1574146963538.0,0.0867,-0.054,0.053,7.6829,-95.061,17.561
1574146963539.0,0.0754,-0.0505,0.0568,7.0122,-109.3293,12.561
1574146963539.0,0.0752,-0.0494,0.0625,7.439,-125.4268,5.3659
1574146963540.0,0.0922,-0.0521,0.066,4.3293,-143.7805,-0.9756
1574146963581.0,0.1043,-0.0543,0.0664,-0.9146,-150.6707,-1.9512
1574146963582.0,0.1042,-0.0559,0.064,-0.5488,-138.2317,-3.0488
1574146963583.0,0.0994,-0.0581,0.0606,3.0488,-109.0244,-8.2317
1574146963584.0,0.1011,-0.0595,0.0576,6.5244,-75.2439,-12.8049
1574146963626.0,0.1118,-0.0579,0.0562,8.7805,-45.4268,-14.8171
1574146963627.0,0.1209,-0.0564,0.0555,11.4634,-21.4634,-14.5122
1574146963628.0,0.122,-0.0562,0.0536,12.2561,-2.0122,-11.7683
1574146963629.0,0.1151,-0.0541,0.0514,13.4756,17.1951,-9.5732
1574146963629.0,0.1055,-0.0515,0.0505,17.5,32.8659,-10.0
1574146963671.0,0.0974,-0.0513,0.0467,20.1829,37.7439,-11.5244
1574146963672.0,0.0976,-0.0521,0.0421,21.7073,36.4634,-10.3049
1574146963673.0,0.1108,-0.0541,0.0444,24.0244,34.2683,-6.1585
1574146963674.0,0.1151,-0.0527,0.0474,24.2073,34.5122,-1.7683
1574146963716.0,0.1119,-0.0482,0.0463,25.4878,39.0244,0.3049
1574146963717.0,0.1091,-0.0464,0.0449,28.2317,45.7317,-1.6463
1574146963718.0,0.1089,-0.0496,0.0403,29.878,48.4756,-2.5
1574146963719.0,0.1142,-0.0544,0.0414,30.8537,49.5732,-0.9146
1574146963720.0,0.1091,-0.0565,0.0486,31.1585,52.8049,-0.2439
1574146963761.0,0.0941,-0.0577,0.0498,30.1829,59.0854,-0.5488
1574146963762.0,0.0867,-0.0549,0.0454,31.5244,67.3781,-2.2561
1574146963763.0,0.0835,-0.051,0.045,34.4512,65.6098,-4.5732
1574146963764.0,0.0892,-0.0481,0.0547,36.6463,49.5122,-6.1585
1574146963764.0,0.1008,-0.0433,0.0638,35.3659,28.2317,-8.2927
1574146963806.0,0.111,-0.0382,0.0643,31.7683,11.2805,-10.5488
1574146963896.0,0.1123,-0.036,0.0595,29.0244,7.9878,-11.6463
1574146963897.0,0.1068,-0.0397,0.053,26.2195,17.3171,-10.7317
1574146963898.0,0.1005,-0.0417,0.0554,24.3902,30.4878,-10.3659
1574146963899.0,0.0975,-0.0428,0.0661,22.3171,42.0122,-9.7561
1574146963899.0,0.0981,-0.0453,0.076,18.7195,47.1951,-9.1463
1574146963900.0,0.1038,-0.0444,0.0805,12.439,47.8659,-12.0122
1574146963901.0,0.1042,-0.0413,0.0837,6.8293,51.8293,-13.9024
1574146963902.0,0.0981,-0.0456,0.0841,2.2561,55.6098,-12.622
1574146963902.0,0.0905,-0.0512,0.0812,-0.4268,52.8049,-12.0122
1574146963903.0,0.0843,-0.0535,0.075,-0.8537,36.0976,-9.5122
1574146964031.0,0.0817,-0.0547,0.0667,-1.2805,4.878,-10.0
1574146964032.0,0.0922,-0.0544,0.0634,-2.439,-28.1707,-11.4024
1574146964032.0,0.1089,-0.0497,0.069,-2.439,-53.2927,-8.3537
1574146964033.0,0.1216,-0.0456,0.0726,-1.0366,-62.3781,-2.7439
1574146964033.0,0.1244,-0.0409,0.0699,2.5,-50.4878,2.1341
1574146964034.0,0.1243,-0.0401,0.0569,8.6585,-27.8659,5.6707
1574146964035.0,0.1268,-0.0448,0.0412,15.6707,-3.7195,9.4512
1574146964035.0,0.1181,-0.042,0.0482,25.3049,12.5,14.5732
1574146964036.0,0.0988,-0.0369,0.058,29.5732,15.122,16.4634
1574146964037.0,0.0826,-0.033,0.0584,30.3659,14.6341,12.5
1574146964076.0,0.0786,-0.0305,0.0603,33.9024,9.4512,9.878
1574146964077.0,0.087,-0.0339,0.0655,34.6951,-4.6341,6.2195
1574146964078.0,0.095,-0.0367,0.0688,31.1585,-18.7805,2.1951
1574146964078.0,0.0926,-0.0318,0.0718,28.3537,-27.622,-0.1829
1574146964079.0,0.0914,-0.0278,0.0743,26.4634,-31.3415,-3.4756
1574146964079.0,0.0954,-0.0256,0.0742,23.6585,-28.9634,-8.1098
1574146964080.0,0.1005,-0.0204,0.0767,20.7927,-25.3659,-9.939
1574146964081.0,0.1031,-0.0162,0.0812,17.2561,-26.3415,-10.3659
1574146964081.0,0.1048,-0.0165,0.0809,11.3415,-26.7073,-12.8659
1574146964082.0,0.106,-0.0182,0.078,7.1951,-21.2805,-15.4268
1574146964121.0,0.1045,-0.0204,0.0747,5.6098,-12.622,-15.2439
1574146964122.0,0.103,-0.0265,0.0728,4.5122,-3.1707,-15.2439
1574146964122.0,0.0997,-0.0305,0.076,2.8659,6.4024,-16.4634
1574146964123.0,0.0991,-0.0337,0.0814,2.1341,11.7073,-17.622
1574146964124.0,0.102,-0.0343,0.084,0.7927,12.7439,-17.2561
1574146964166.0,0.1072,-0.0316,0.0861,1.0366,11.1585,-14.939
1574146964167.0,0.1132,-0.0334,0.0821,-0.4878,3.4756,-15.3049
1574146964167.0,0.1162,-0.0371,0.0786,-3.1707,-6.2195,-16.5854
1574146964168.0,0.1121,-0.0413,0.0748,-4.6341,-14.0244,-15.3049
1574146964168.0,0.1089,-0.045,0.0704,-5.3659,-16.7683,-14.6341
1574146964211.0,0.1129,-0.0453,0.0663,-5.9756,-13.5976,-13.4756
1574146964212.0,0.1175,-0.046,0.0662,-6.5244,-7.1951,-8.9634
1574146964213.0,0.1183,-0.0449,0.0662,-6.4634,0.6098,-5.122
1574146964214.0,0.1166,-0.0441,0.0665,-4.6951,12.439,-4.1463
1574146964256.0,0.1122,-0.0429,0.067,-2.1341,26.0366,-2.9268
1574146964257.0,0.1049,-0.0405,0.0692,-0.6098,33.9024,-1.8902
1574146964258.0,0.0991,-0.0378,0.07,0.061,34.939,-3.1098
1574146964259.0,0.0955,-0.0353,0.0678,0.5488,31.8293,-4.2073
1574146964259.0,0.094,-0.0335,0.0662,1.0976,23.7195,-3.7805
1574146964301.0,0.0945,-0.0327,0.0659,1.0366,12.7439,-4.2683
1574146964302.0,0.097,-0.0309,0.0661,0.1829,3.4146,-5.3659
1574146964302.0,0.1019,-0.0309,0.0631,-0.4878,-1.5854,-5.4268
1574146964303.0,0.1053,-0.0312,0.0621,-0.6098,-2.6829,-5.6098
1574146964346.0,0.1022,-0.0309,0.0593,-0.2439,-0.4268,-6.5854
1574146964346.0,0.0966,-0.0298,0.0571,1.0976,1.1585,-8.5366
1574146964347.0,0.0963,-0.0286,0.062,3.1098,-2.0122,-8.9024
1574146964347.0,0.101,-0.0293,0.066,2.9878,-8.3537,-8.9634
1574146964348.0,0.1075,-0.0305,0.0646,1.5854,-13.1707,-9.6341
1574146964391.0,0.1069,-0.0314,0.0637,1.4024,-13.5366,-7.9878
1574146964392.0,0.0995,-0.0298,0.0624,1.8902,-12.622,-7.622
1574146964393.0,0.0969,-0.0287,0.0621,2.2561,-12.6829,-8.4756
1574146964393.0,0.1007,-0.0305,0.0643,1.3415,-16.2805,-7.8049
1574146964436.0,0.1031,-0.0313,0.0651,-1.2805,-23.3537,-7.0732
1574146964436.0,0.1046,-0.0311,0.0615,-2.9878,-29.3902,-7.7439
1574146964437.0,0.1082,-0.0324,0.0566,-3.4756,-31.5854,-7.561
1574146964437.0,0.1077,-0.032,0.0554,-4.3902,-31.2195,-6.7073
1574146964481.0,0.1044,-0.0281,0.0581,-3.7805,-29.8171,-7.2561
1574146964481.0,0.1045,-0.0262,0.0598,-1.9512,-30.122,-7.8659
1574146964482.0,0.1087,-0.0284,0.0576,-1.5854,-32.8659,-6.5854
1574146964482.0,0.113,-0.0325,0.0555,-2.1951,-34.2073,-4.3293
1574146964483.0,0.1138,-0.0371,0.0587,-3.4146,-28.8415,-3.6585
1574146964484.0,0.1115,-0.0383,0.0614,-3.0488,-17.1341,-4.6341
1574146964526.0,0.1095,-0.0364,0.0623,-1.5244,-4.0244,-5.4268
1574146964526.0,0.1072,-0.0356,0.0604,0.0,7.5,-4.6951
1574146964527.0,0.1078,-0.0386,0.0548,1.3415,17.1341,-4.6951
1574146964528.0,0.1132,-0.0403,0.0544,4.5732,20.6707,-4.2683
1574146964571.0,0.1127,-0.0386,0.0601,7.2561,14.5732,-4.0244
1574146964572.0,0.1088,-0.0386,0.0648,6.7073,4.5122,-7.9268
1574146964573.0,0.1057,-0.0372,0.0687,5.9756,-3.0488,-10.7317
1574146964574.0,0.1108,-0.0364,0.0748,6.2805,-11.6463,-10.0
1574146964575.0,0.1204,-0.0386,0.076,4.939,-20.2439,-9.7561
1574146964616.0,0.1257,-0.0419,0.0703,2.3171,-20.8537,-7.5
1574146964617.0,0.1234,-0.0433,0.067,0.5488,-11.0976,-3.9634
1574146964617.0,0.1175,-0.0425,0.0655,-0.8537,5.0,-3.1098
1574146964618.0,0.1154,-0.0409,0.0629,-0.7317,18.2317,-3.9634
1574146964661.0,0.1137,-0.0386,0.0616,1.7683,23.2317,-1.7683
1574146964662.0,0.1061,-0.0386,0.06,4.5122,21.8902,1.0366
1574146964662.0,0.1033,-0.0416,0.0591,6.1585,15.6707,2.378
1574146964663.0,0.1075,-0.0408,0.0621,7.8659,2.6829,2.561
1574146964664.0,0.1179,-0.039,0.0641,10.4268,-15.122,2.3171
1574146964706.0,0.1276,-0.0413,0.0623,8.6585,-23.0488,4.2683
1574146964707.0,0.1326,-0.0482,0.055,9.5122,-10.3049,5.3049
1574146964707.0,0.1276,-0.0504,0.0473,16.8293,16.5244,5.3049
1574146964708.0,0.1128,-0.0419,0.0469,29.3902,42.9878,6.8293
1574146964751.0,0.1046,-0.0379,0.0498,34.3293,60.4268,7.1951
1574146964752.0,0.1013,-0.0342,0.0491,31.5244,71.7683,7.439
1574146964753.0,0.0972,-0.0319,0.0565,32.439,80.4878,9.0244
1574146964753.0,0.09,-0.0272,0.0668,32.9268,77.9878,11.7073
1574146964754.0,0.0826,-0.0192,0.073,33.3537,62.439,8.5976
1574146964796.0,0.0833,-0.0192,0.079,33.9024,44.939,0.4268
1574146964797.0,0.0886,-0.0184,0.0782,35.3049,34.0854,-3.9024
1574146964798.0,0.0868,-0.0147,0.0692,35.4268,23.0488,-7.0122
1574146964799.0,0.0815,-0.0079,0.0877,32.6829,15.9146,-15.7317
1574146964800.0,0.0983,-0.0198,0.1168,30.2439,5.061,-14.4512
1574146964841.0,0.1342,-0.0224,0.1149,9.5732,-35.122,-9.0244
1574146964841.0,0.131,-0.0121,0.0991,0.0,-37.1951,-8.9024
1574146964842.0,0.1017,-0.0185,0.0887,5.9146,2.9878,-5.7927
1574146964842.0,0.0891,-0.024,0.0857,3.7805,18.8415,-5.8537
1574146964886.0,0.0988,-0.0214,0.0831,-2.9878,1.0976,-5.6098
1574146964886.0,0.1048,-0.0182,0.0795,-8.4756,-20.9146,-4.7561
1574146964887.0,0.0961,-0.0154,0.0706,-10.1829,-30.061,-3.1707
1574146964888.0,0.0947,-0.0148,0.0676,-8.8415,-32.9878,-5.4878
1574146964888.0,0.097,-0.0161,0.0679,-9.5732,-41.4634,-6.4634
1574146964931.0,0.1027,-0.0156,0.0624,-11.7073,-48.9634,-8.4146
1574146964932.0,0.1115,-0.0197,0.0566,-9.6951,-43.7195,-9.6341
1574146964933.0,0.1161,-0.0262,0.0515,-7.9268,-28.8415,-7.8049
1574146964933.0,0.1131,-0.0295,0.0527,-4.939,-2.439,-6.0976
1574146964976.0,0.1091,-0.0292,0.0499,-0.5488,22.2561,-3.6585
1574146964977.0,0.1072,-0.0289,0.0535,3.2317,30.6098,-0.7317
1574146964978.0,0.1027,-0.029,0.0593,6.4634,33.1098,-1.5244
1574146964978.0,0.0959,-0.0275,0.0612,8.4756,36.7073,-2.6829
1574146964979.0,0.0955,-0.0298,0.0685,10.9756,35.061,-1.9512
1574146965021.0,0.1083,-0.0329,0.0737,10.3659,25.9756,-2.561
1574146965022.0,0.1154,-0.0322,0.0739,7.8049,19.2683,-0.9756
1574146965022.0,0.1063,-0.0316,0.0684,5.4268,22.439,-0.3049
1574146965023.0,0.0934,-0.0316,0.0638,4.1463,29.3293,-1.7073
1574146965066.0,0.0917,-0.0283,0.0601,2.9268,26.7683,-1.6463
1574146965066.0,0.0905,-0.0215,0.0568,1.8293,17.1951,-0.3049
1574146965067.0,0.0828,-0.017,0.0516,1.8293,9.878,0.4268
1574146965068.0,0.0826,-0.0153,0.049,1.7073,5.3659,-0.4878
1574146965068.0,0.0921,-0.0132,0.049,1.2195,-0.122,-1.0366
1574146965111.0,0.0907,-0.0132,0.0443,1.8902,-4.7561,-0.5488
1574146965112.0,0.0828,-0.0168,0.0411,5.3659,-7.8049,-1.4024
1574146965113.0,0.1041,-0.0272,0.058,10.0,-10.4268,-3.7805
1574146965113.0,0.1293,-0.0288,0.0876,15.0,-1.3415,-7.3171
1574146965114.0,0.1394,-0.0234,0.1067,22.622,8.0488,-5.5488
1574146965156.0,0.1467,-0.0251,0.112,21.8902,5.5488,-3.4756
1574146965157.0,0.13,-0.0256,0.1005,18.2927,4.8171,1.1585
1574146965158.0,0.1123,-0.0362,0.0796,11.2805,-1.2805,9.0244
1574146965159.0,0.1038,-0.0434,0.0664,6.2805,-5.3659,9.5732
1574146965201.0,0.1054,-0.0381,0.0652,4.5122,-8.1098,12.9268
1574146965202.0,0.1061,-0.0291,0.0661,2.3171,-16.5854,21.5244
1574146965203.0,0.1014,-0.032,0.0632,-0.4878,-23.8415,22.1951
1574146965204.0,0.0988,-0.0343,0.0681,1.2195,-20.8537,16.7683
1574146965204.0,0.1039,-0.0352,0.0702,4.3902,-15.7317,17.9878
1574146965246.0,0.1138,-0.0363,0.0743,6.0976,-11.5244,20.122
1574146965247.0,0.1181,-0.0358,0.0743,5.3049,-6.9512,22.7439
1574146965248.0,0.111,-0.0287,0.0736,10.4878,5.0,25.122
1574146965249.0,0.1033,-0.0247,0.0798,15.061,19.878,25.3659
1574146965291.0,0.1041,-0.0242,0.0803,14.5732,35.4878,28.2317
1574146965292.0,0.1066,-0.0287,0.0786,16.0976,49.6341,27.8659
1574146965293.0,0.1094,-0.033,0.0826,18.5976,59.3293,25.2439
1574146965293.0,0.1132,-0.0309,0.0833,23.2927,72.561,26.4634
1574146965294.0,0.1078,-0.025,0.0844,29.7561,96.4024,25.9146
1574146965336.0,0.0897,-0.0221,0.0829,33.9024,128.2927,22.0122
1574146965337.0,0.0741,-0.0214,0.0789,37.1951,157.561,17.5
1574146965338.0,0.067,-0.0163,0.0826,40.3049,171.8293,15.7927
1574146965339.0,0.0667,-0.0124,0.0886,41.2195,165.5488,15.7317
1574146965381.0,0.0663,-0.0134,0.0938,37.8049,142.6829,15.122
1574146965381.0,0.068,-0.0159,0.1005,34.939,109.8171,14.3902
1574146965382.0,0.0782,-0.0195,0.1058,32.9878,78.9024,11.4024
1574146965382.0,0.0876,-0.0245,0.1096,28.8415,60.0,8.6585
1574146965383.0,0.0879,-0.0253,0.1117,24.3902,54.2683,8.2317
1574146965426.0,0.0897,-0.0272,0.1105,20.3049,55.9756,5.7927
1574146965427.0,0.0877,-0.0258,0.1092,16.7683,64.0854,2.0122
1574146965428.0,0.078,-0.02,0.1073,16.0366,70.7927,2.0122
1574146965428.0,0.0657,-0.0182,0.1068,14.0854,69.6951,2.2561
1574146965471.0,0.0673,-0.0195,0.1087,10.122,58.9634,2.561
1574146965471.0,0.0776,-0.0206,0.1157,4.7561,42.439,6.2805
1574146965472.0,0.0829,-0.0188,0.1219,-1.7073,35.4878,8.9024
1574146965473.0,0.0815,-0.0192,0.1205,-5.1829,42.0122,7.5
1574146965473.0,0.0779,-0.0218,0.1104,-7.2561,51.7073,5.6707
1574146965516.0,0.0794,-0.0288,0.0976,-6.2805,57.3781,7.5
1574146965517.0,0.0724,-0.0311,0.084,-2.622,55.0,4.7561
1574146965518.0,0.0583,-0.0262,0.0797,3.5976,52.8659,1.3415
1574146965519.0,0.0511,-0.0186,0.0814,10.0,56.8902,-2.3171
1574146965519.0,0.0507,-0.0134,0.0898,13.2317,59.0244,-2.1341
1574146965561.0,0.0575,-0.015,0.0988,12.8049,47.9878,-1.1585
1574146965562.0,0.0652,-0.0189,0.1083,10.4878,32.8049,-2.622
1574146965563.0,0.0694,-0.0177,0.1184,9.2683,28.2927,-2.0732
1574146965564.0,0.0748,-0.0192,0.1185,7.0122,28.5366,-2.3171
1574146965606.0,0.072,-0.0213,0.1134,4.3293,29.3293,-0.7927
1574146965607.0,0.0694,-0.0239,0.113,5.1829,32.0732,1.1585
1574146965608.0,0.0792,-0.0287,0.1078,5.061,31.2805,0.3049
1574146965609.0,0.0784,-0.0292,0.0995,4.0244,27.439,3.5366
1574146965609.0,0.0634,-0.0289,0.0986,8.1707,28.9024,4.8171
1574146965651.0,0.0544,-0.0286,0.0991,11.8902,29.6341,1.2805
1574146965652.0,0.0505,-0.0264,0.1011,10.5488,22.2561,2.561
1574146965653.0,0.0428,-0.0256,0.1015,10.0,12.378,2.6829
1574146965653.0,0.0386,-0.0244,0.1017,10.7317,-3.1098,0.3659
1574146965696.0,0.0436,-0.0237,0.1082,7.9878,-27.1951,-0.4878
1574146965697.0,0.0509,-0.0225,0.1133,2.2561,-52.3171,-0.6707
1574146965698.0,0.0565,-0.0182,0.1177,-3.2317,-73.7195,-1.5244
1574146965699.0,0.0628,-0.0185,0.1163,-9.6951,-91.5244,-3.4146
1574146965700.0,0.0692,-0.0251,0.1103,-17.0732,-105.4268,-7.1341
1574146965741.0,0.0713,-0.0277,0.1071,-19.2073,-112.2561,-10.122
1574146965742.0,0.0685,-0.0262,0.1073,-19.5122,-113.9634,-10.9756
1574146965743.0,0.0717,-0.0295,0.1051,-23.8415,-118.0488,-12.0732
1574146965744.0,0.0771,-0.031,0.1031,-27.378,-123.5976,-13.7805
1574146965786.0,0.087,-0.0344,0.0995,-26.8293,-129.4512,-15.1829
1574146965787.0,0.0979,-0.0373,0.0909,-27.0732,-128.2317,-14.3902
1574146965788.0,0.1005,-0.0378,0.083,-21.7073,-109.939,-12.9268
1574146965789.0,0.0936,-0.0372,0.0746,-16.0366,-72.0732,-13.8415
1574146965790.0,0.0889,-0.0345,0.0668,-8.5366,-33.6585,-12.0122
1574146965831.0,0.0886,-0.0335,0.0651,-1.4024,-17.378,-9.1463
1574146965832.0,0.0831,-0.0308,0.0721,5.4268,-20.3049,-7.0732
1574146965833.0,0.0779,-0.0233,0.0781,10.3659,-38.5366,-4.6951
1574146965833.0,0.0804,-0.0184,0.0854,9.1463,-64.939,-3.7195
1574146965834.0,0.0898,-0.0146,0.1042,7.378,-84.6341,-4.5732
1574146965876.0,0.101,-0.0161,0.1091,4.939,-97.9878,-4.0244
1574146965877.0,0.114,-0.0184,0.1003,-1.3415,-86.6463,-7.0732
1574146965878.0,0.1058,-0.0107,0.0977,4.5122,-33.7805,-13.1707
1574146965879.0,0.0939,-0.0091,0.0917,6.7073,10.8537,-13.4756
1574146965922.0,0.0976,-0.0101,0.092,-1.0976,31.2805,-9.5732
1574146965923.0,0.0886,-0.0082,0.0916,-0.6098,32.8659,-2.6829
1574146965924.0,0.0854,-0.0121,0.0956,-3.4146,2.0122,1.7073
1574146965925.0,0.0759,-0.0098,0.0966,-6.7683,-16.9512,-5.061
1574146965926.0,0.0746,-0.0092,0.0977,-4.8171,-24.0854,-9.3293
1574146965966.0,0.0886,-0.0115,0.098,-9.3902,-42.0122,-11.2195
1574146965967.0,0.0987,-0.0156,0.0947,-15.4878,-65.2439,-8.6585
1574146965969.0,0.1072,-0.02,0.0886,-16.7683,-77.8659,-5.122
1574146965969.0,0.1166,-0.0226,0.0848,-16.4024,-75.6098,-7.0122
1574146966011.0,0.1188,-0.0233,0.0795,-17.9878,-61.4024,-8.2927
1574146966012.0,0.1122,-0.0262,0.0738,-17.622,-43.2317,-5.122
1574146966013.0,0.1032,-0.0297,0.069,-14.4512,-25.2439,-2.378
1574146966014.0,0.0986,-0.0289,0.0657,-10.061,-10.2439,-0.4268
1574146966015.0,0.1017,-0.0273,0.0629,-4.939,-2.8659,0.4268
1574146966056.0,0.1063,-0.0276,0.0638,0.3659,0.2439,0.061
1574146966057.0,0.0998,-0.0291,0.0609,5.8537,4.939,0.122
1574146966058.0,0.0907,-0.0303,0.0584,10.9146,9.1463,0.8537
1574146966059.0,0.0865,-0.0274,0.0709,19.0244,8.5976,-0.6098
1574146966101.0,0.0969,-0.0231,0.0855,20.0,-4.0244,-1.3415
1574146966103.0,0.1105,-0.0167,0.0944,18.1707,-11.4024,-1.1585
1574146966103.0,0.1096,-0.0114,0.0969,16.1585,-3.5976,-0.4878
1574146966104.0,0.0952,-0.0128,0.0994,14.6951,16.1585,2.439
1574146966105.0,0.0734,-0.0155,0.0978,12.2561,29.0854,2.1341
1574146966146.0,0.0643,-0.0159,0.0981,7.2561,18.9634,0.4268
1574146966147.0,0.0678,-0.0186,0.0977,-0.6098,-8.9634,0.7317
1574146966148.0,0.0742,-0.0186,0.0889,-9.3902,-42.1341,-4.1463
1574146966149.0,0.0885,-0.02,0.0818,-15.1829,-70.3659,-8.8415
1574146966191.0,0.1186,-0.0297,0.0695,-21.3415,-86.5854,-9.6341
1574146966192.0,0.1589,-0.04,0.057,-23.3537,-85.061,-8.5366
1574146966193.0,0.1732,-0.0462,0.0635,-21.6463,-62.0122,-2.1951
1574146966194.0,0.1549,-0.0406,0.0826,-17.8659,-13.7195,4.1463
1574146966195.0,0.1194,-0.0289,0.0836,-12.1951,51.5244,6.2805
1574146966236.0,0.0938,-0.0254,0.0762,-5.3049,106.8293,1.2805
1574146966236.0,0.0901,-0.0278,0.0654,-1.9512,136.9512,0.2439
1574146966237.0,0.0994,-0.0263,0.0493,-0.8537,149.6342,1.6463
1574146966238.0,0.0921,-0.0191,0.0455,4.3902,171.7073,-0.8537
1574146966238.0,0.064,-0.0131,0.0529,15.3659,214.1463,-5.3659
1574146966281.0,0.0438,-0.0092,0.0697,28.1098,256.4024,-12.5
1574146966282.0,0.0195,-0.0056,0.0787,39.2073,261.0366,-15.4878
1574146966283.0,0.0229,-0.0045,0.1226,42.9878,216.4025,-19.3293
1574146966284.0,0.048,0.0122,0.1701,44.5732,118.2317,-23.4756
1574146966326.0,0.1697,-0.0289,0.1568,10.7927,-42.622,-14.5122
1574146966327.0,0.2109,-0.037,0.1304,-16.0976,-96.4634,-10.6098
1574146966328.0,0.1462,-0.0421,0.1201,-8.9634,-28.2927,15.2439
1574146966328.0,0.096,-0.0368,0.0911,-3.1098,52.1341,13.2927
1574146966329.0,0.0768,-0.0235,0.0766,-0.6707,95.3049,10.5488
1574146966371.0,0.0463,-0.0139,0.0651,6.9512,105.7927,20.7927
1574146966372.0,0.0446,-0.0142,0.0788,14.6951,93.2927,19.6951
1574146966373.0,0.0629,-0.017,0.0915,19.3293,71.1585,15.8537
1574146966374.0,0.0701,-0.0148,0.11,23.2927,56.8293,21.0366
1574146966416.0,0.0746,-0.009,0.1213,27.622,53.2317,23.4756
1574146966417.0,0.0908,-0.0084,0.1125,24.939,45.3049,21.3415
1574146966417.0,0.0477,-0.0295,0.0733,19.5122,40.4878,21.7073
1574146966418.0,-0.0076,-0.0392,0.0999,25.3049,54.0854,18.9634
1574146966419.0,0.0306,-0.0123,0.1359,29.2073,66.6463,9.7561
1574146966461.0,0.0963,0.0009,0.1403,16.9512,35.4878,12.1341
1574146966461.0,0.0728,-0.0104,0.1503,6.5244,8.8415,16.9512
1574146966462.0,0.0245,-0.0191,0.0912,5.6707,10.7317,10.3659
1574146966462.0,0.0225,-0.0154,0.0996,2.561,1.0976,4.5732
1574146966506.0,0.0643,-0.0035,0.0996,1.7683,-5.6707,3.4146
1574146966506.0,0.0615,-0.0018,0.0901,-2.0122,-16.8902,17.2561
1574146966507.0,0.0482,0.0069,0.0916,4.0854,-1.1585,4.6341
1574146966551.0,0.0571,0.007,0.0787,9.2073,10.7317,-5.061
1574146966552.0,0.0696,-0.0013,0.0747,12.0732,-1.0976,-7.1341
1574146966552.0,0.0839,-0.0133,0.0709,15.7317,-7.8049,-10.0
1574146966553.0,0.0786,-0.0296,0.0576,19.2073,-9.3902,-8.4146
1574146966554.0,0.0491,-0.0478,0.081,24.3293,0.122,-6.7683
1574146966554.0,0.0599,-0.0444,0.1345,32.1341,17.9268,-9.3902
1574146966555.0,0.0743,-0.0358,0.1487,26.2805,7.1341,-6.0976
1574146966596.0,0.0711,-0.0347,0.1569,17.1341,-1.7073,-10.3049
1574146966597.0,0.0764,-0.041,0.1557,8.6585,-1.5854,-14.5732
1574146966597.0,0.079,-0.0446,0.1426,-1.8902,-8.1098,-9.2073
1574146966598.0,0.0708,-0.0432,0.1263,-10.3049,-8.4146,-6.7073
1574146966641.0,0.0604,-0.04,0.118,-15.4268,-5.1829,-5.9146
1574146966642.0,0.0551,-0.0331,0.1166,-18.7195,-7.439,-6.1585
1574146966643.0,0.0447,-0.0285,0.1151,-21.0976,-15.3659,-6.5244
1574146966643.0,0.0228,-0.0261,0.1365,-20.4878,-27.378,-7.1341
1574146966644.0,0.0024,-0.0173,0.1519,-19.6341,-47.439,-9.878
1574146966686.0,-0.0001,-0.0038,0.1319,-22.8659,-85.2439,-12.439
1574146966687.0,0.0238,-0.0125,0.1064,-28.6585,-137.1342,-16.9512
1574146966688.0,0.0536,-0.0183,0.0824,-38.7805,-185.8537,-20.5488
1574146966688.0,0.084,-0.0194,0.0597,-40.9146,-207.3171,-18.4146
1574146966731.0,0.1052,-0.0138,0.0488,-38.3537,-210.2439,-14.0244
1574146966732.0,0.1261,-0.0145,0.0462,-36.5244,-205.5488,-9.6951
1574146966733.0,0.1453,-0.0333,0.0383,-42.9268,-191.0976,-7.1341
1574146966733.0,0.1444,-0.055,0.0133,-55.122,-175.5488,-2.9268
1574146966734.0,0.1512,-0.0665,-0.001,-56.5854,-168.7805,4.878
1574146966776.0,0.171,-0.0732,0.0112,-45.8537,-162.1951,14.0854
1574146966777.0,0.1683,-0.0742,0.0372,-32.378,-141.5244,19.8171
1574146966778.0,0.1392,-0.065,0.0697,-17.2561,-92.6829,20.4878
1574146966779.0,0.1041,-0.0518,0.0936,-4.4512,-34.0854,16.0366
1574146966821.0,0.0901,-0.0411,0.0978,-1.2805,2.6829,10.6707
1574146966822.0,0.091,-0.0295,0.0846,-3.4146,9.3902,13.9024
1574146966823.0,0.089,-0.0261,0.0587,-5.6707,10.0,24.878
1574146966824.0,0.0775,-0.0286,0.0417,-1.1585,32.0732,28.4146
1574146966825.0,0.068,-0.0253,0.0357,12.0122,71.8902,22.561
1574146966866.0,0.0646,-0.0181,0.043,29.6951,111.5244,14.0244
1574146966867.0,0.0646,-0.0084,0.0623,42.378,139.1463,7.9878
1574146966868.0,0.0684,0.0059,0.0889,52.3781,148.5366,6.4024
1574146966869.0,0.072,0.0162,0.1003,60.0,135.4878,3.0488
1574146966870.0,0.0687,0.0219,0.0995,62.9878,103.7805,-0.122
1574146966911.0,0.0561,0.0204,0.0886,67.9268,70.6098,3.6585
1574146966912.0,0.0495,0.0103,0.0767,71.8293,37.9878,7.1951
1574146966913.0,0.0552,0.0011,0.0698,70.4878,4.8171,5.6098
1574146966913.0,0.0676,-0.0018,0.0684,68.5366,-24.939,1.8902
1574146966956.0,0.0877,-0.0028,0.0619,69.8781,-44.7561,-1.7683
1574146966957.0,0.1205,0.0009,0.0588,74.8171,-51.6463,-3.1098
1574146966958.0,0.1585,0.0142,0.0768,85.4268,-55.4268,-2.1951
1574146966959.0,0.1757,0.0266,0.0948,86.1585,-50.8537,-1.3415
1574146966960.0,0.1627,0.0307,0.1113,81.9512,-14.7561,-5.9146
1574146967001.0,0.1251,0.0346,0.13,78.9024,50.061,-6.8293
1574146967002.0,0.0792,0.0388,0.1495,76.5854,117.8049,-0.4268
1574146967003.0,0.0508,0.0317,0.1443,65.9146,161.8902,3.4756
1574146967004.0,0.0507,0.0225,0.1239,49.2683,163.0488,2.8049
1574146967046.0,0.0606,0.0181,0.1027,34.7561,133.7195,10.3049
1574146967047.0,0.0696,0.0137,0.0967,26.0976,101.8293,21.7073
1574146967048.0,0.0817,0.0085,0.1048,20.0,76.2195,25.061
1574146967049.0,0.0798,0.006,0.106,12.8659,55.061,22.1951
1574146967050.0,0.0645,-0.0006,0.1071,11.1585,39.7561,15.6098
1574146967091.0,0.0571,-0.007,0.1083,12.3171,35.4878,4.0854
1574146967092.0,0.0594,-0.0035,0.1043,13.8415,36.2805,0.4878
1574146967092.0,0.0596,-0.0021,0.1014,13.5976,33.9634,3.9024
1574146967093.0,0.0593,-0.0062,0.0981,11.4634,33.6585,-2.8049
1574146967136.0,0.0648,-0.0081,0.0933,8.1707,40.3049,-11.7073
1574146967137.0,0.0835,-0.0079,0.0955,6.2805,45.4878,-12.3171
1574146967138.0,0.1036,-0.0007,0.1075,10.1829,45.9146,-7.3171
1574146967139.0,0.1115,0.006,0.1229,15.0,44.5732,-2.8049
1574146967139.0,0.0958,-0.0012,0.1256,11.0366,53.4146,-3.8415
1574146967181.0,0.0683,-0.0109,0.1168,7.622,74.6341,-9.3293
1574146967182.0,0.0491,-0.0094,0.1073,12.0732,92.0122,-7.6829
1574146967183.0,0.0526,-0.0069,0.1057,15.6707,87.8659,-1.7073
1574146967184.0,0.0637,-0.0056,0.1069,11.7683,67.8659,0.3049
1574146967226.0,0.0707,-0.0054,0.1094,5.7927,46.5854,3.5976
1574146967227.0,0.0764,-0.0037,0.1154,2.9878,34.1463,7.7439
1574146967228.0,0.0794,-0.0015,0.1163,3.5976,34.0244,6.7073
1574146967229.0,0.0798,0.0001,0.1133,4.3293,42.9268,5.9146
1574146967231.0,0.0709,0.0018,0.1132,4.6341,55.7317,8.4756
1574146967271.0,0.0573,0.0035,0.1188,7.1341,64.8171,10.2439
1574146967272.0,0.0504,0.0054,0.1233,7.8049,61.8902,11.0976
1574146967273.0,0.0496,0.0065,0.1222,5.122,48.1098,11.1585
1574146967273.0,0.0452,0.0064,0.1154,1.9512,35.122,11.7073
1574146967274.0,0.0458,0.0056,0.1172,-0.122,29.1463,10.3659
1574146967316.0,0.0526,0.0084,0.1243,-1.2195,31.8293,7.1951
1574146967316.0,0.0584,0.0098,0.1246,-3.6585,35.4268,7.561
1574146967317.0,0.0594,0.0087,0.118,-7.1951,34.7561,8.0488
1574146967317.0,0.0524,0.0059,0.116,-7.378,36.8293,7.3171
1574146967361.0,0.0441,0.002,0.1181,-4.3293,40.9146,7.5
1574146967361.0,0.0438,0.0023,0.1146,-4.0244,38.8415,8.2927
1574146967362.0,0.0461,0.0032,0.1102,-3.7805,29.878,7.3171
1574146967362.0,0.0452,0.0027,0.1118,-2.9878,21.7073,4.6341
1574146967363.0,0.0433,0.0009,0.1121,-3.9634,16.8902,5.6098
1574146967406.0,0.0453,0.0005,0.1097,-6.4634,15.6098,5.9756
1574146967406.0,0.0447,-0.0009,0.113,-7.378,23.7195,3.9634
1574146967407.0,0.0459,-0.0054,0.1161,-5.0,38.5366,1.6463
1574146967407.0,0.045,-0.0084,0.1147,-2.6829,47.9878,3.3537
1574146967451.0,0.0347,-0.0117,0.1138,-0.122,49.3293,4.8171
1574146967452.0,0.0274,-0.0174,0.1161,2.622,42.6829,0.5488
1574146967452.0,0.0303,-0.0179,0.1166,3.2927,31.1585,-2.8049
1574146967453.0,0.0307,-0.0128,0.1186,3.2927,16.0976,-3.7195
1574146967453.0,0.0361,-0.0106,0.1251,2.622,-0.2439,-6.9512
1574146967496.0,0.051,-0.0101,0.1313,-1.4634,-11.4634,-8.0488
1574146967496.0,0.0598,-0.0111,0.1364,-6.2195,-9.4512,-5.4268
1574146967497.0,0.051,-0.0129,0.127,-8.5976,9.3902,-3.2317
1574146967497.0,0.0327,-0.0115,0.1187,-4.6951,33.9024,-2.0732
1574146967541.0,0.0316,-0.0095,0.1178,-0.8537,43.1098,-2.0122
1574146967541.0,0.0437,-0.0058,0.1199,-4.3293,33.9024,-1.7683
1574146967542.0,0.0549,-0.0024,0.1196,-7.8659,21.4024,-1.0366
1574146967543.0,0.0528,0.0006,0.1183,-7.7439,13.1707,-0.5488
1574146967543.0,0.0501,0.0002,0.1249,-6.4634,9.0854,-0.6707
1574146967586.0,0.0579,0.0017,0.1291,-7.1341,7.622,-0.6098
1574146967587.0,0.0651,0.0035,0.1274,-8.9024,7.3171,4.6341
1574146967587.0,0.0615,0.0016,0.1259,-8.4146,10.8537,8.8415
1574146967588.0,0.056,0.0015,0.1182,-6.7073,16.8902,11.5854
1574146967588.0,0.057,0.0034,0.1151,-5.1829,22.2561,15.3659
1574146967631.0,0.0548,0.0093,0.1229,-7.622,26.5854,18.7195
1574146967632.0,0.0375,0.0104,0.1243,-5.6707,33.8415,17.1341
1574146967632.0,0.0242,0.0016,0.121,-5.3049,30.7317,16.2195
1574146967633.0,0.0201,-0.0035,0.1154,-8.9024,15.5488,19.939
1574146967721.0,0.0211,-0.0007,0.1066,-12.6829,-5.8537,26.7683
1574146967722.0,0.0369,-0.0127,0.1097,-13.9024,-33.1098,22.439
1574146967723.0,0.0383,-0.0143,0.121,-9.1463,-63.4146,8.2317
1574146967723.0,0.0179,-0.0188,0.1268,-2.1341,-73.8415,7.622
1574146967724.0,0.0236,-0.0265,0.1302,0.4268,-90.061,0.061
1574146967724.0,0.0428,-0.035,0.1373,-6.2805,-118.7805,-1.5854
1574146967725.0,0.0553,-0.0472,0.1349,-15.7927,-145.4878,0.7927
1574146967726.0,0.0584,-0.0593,0.1194,-19.5732,-157.0732,5.3049
1574146967726.0,0.0643,-0.0722,0.1086,-13.5976,-167.0122,2.0122
1574146967726.0,0.0668,-0.0754,0.1007,-10.8537,-179.1463,2.1341
1574146967766.0,0.0609,-0.0744,0.0948,-13.0488,-194.4512,0.9146
1574146967767.0,0.0554,-0.0728,0.0809,-18.0488,-205.122,-6.4024
1574146967768.0,0.0702,-0.0699,0.0626,-23.4756,-203.9634,-14.4512
1574146967769.0,0.1013,-0.0647,0.0551,-24.8171,-195.0,-15.1829
1574146967856.0,0.1303,-0.0607,0.0604,-23.0488,-180.6098,-9.8171
1574146967857.0,0.1218,-0.0569,0.0746,-17.0732,-141.0366,-9.0244
1574146967857.0,0.068,-0.0506,0.0881,-8.2927,-69.8171,-13.6585
1574146967858.0,0.0228,-0.0411,0.0919,-2.2561,5.122,-24.3293
1574146967859.0,0.011,-0.0231,0.09,3.9024,54.8171,-34.5732
1574146967859.0,0.0287,-0.0019,0.0941,9.6341,61.4024,-37.561
1574146967860.0,0.0552,0.0104,0.1073,15.0,40.2439,-39.1463
1574146967861.0,0.0703,0.0162,0.1094,15.8537,14.0244,-36.8902
1574146967861.0,0.0739,0.0226,0.1069,14.2073,-8.5976,-29.7561
1574146967901.0,0.071,0.0286,0.1025,13.3537,-29.6341,-28.5976
1574146967901.0,0.0641,0.0427,0.1028,15.122,-47.1951,-33.8415
1574146967902.0,0.0653,0.0525,0.106,18.6585,-62.9878,-34.0244
1574146967902.0,0.0637,0.0499,0.0816,15.061,-79.939,-33.9024
1574146967903.0,0.0579,0.0595,0.1042,16.8902,-83.5976,-34.6341
1574146967946.0,0.069,0.064,0.1275,24.8171,-77.561,-36.9512
1574146967946.0,0.093,0.0634,0.1349,21.0976,-81.5854,-38.6585
1574146967947.0,0.1152,0.0648,0.1383,4.5732,-102.6829,-27.1341
1574146967948.0,0.1212,0.0513,0.1215,-8.2317,-99.4512,-28.2317
1574146967991.0,0.1284,0.0311,0.1231,-10.0,-57.3781,-30.3659
1574146967992.0,0.1113,0.0197,0.1301,-7.6829,-15.7317,-18.4146
1574146967993.0,0.0898,0.014,0.1156,-3.5976,12.7439,-12.1951
1574146967993.0,0.0715,0.0176,0.1063,5.7317,38.6585,-19.6951
1574146967994.0,0.108,-0.0071,0.0844,10.3049,30.4878,-11.8293
1574146968036.0,0.1807,-0.0252,0.0905,0.3049,-1.3415,-7.7439
1574146968037.0,0.1695,-0.0158,0.1077,5.0,-2.9878,-3.6585
1574146968038.0,0.0889,-0.0103,0.1127,15.3049,44.0854,-5.7927
1574146968039.0,0.0497,-0.0203,0.1062,18.5366,87.561,-19.4512
1574146968081.0,0.0735,-0.0312,0.1026,15.6707,74.6951,-19.3902
1574146968082.0,0.0817,-0.0272,0.1119,12.0732,37.8659,-10.6707
1574146968083.0,0.0618,-0.0158,0.1132,13.2927,21.1585,-12.1341
1574146968084.0,0.0587,-0.0089,0.1068,12.8049,14.6341,-20.9146
1574146968085.0,0.0748,0.0002,0.0991,9.7561,-0.6707,-27.6829
1574146968126.0,0.094,0.0096,0.0856,7.9268,-9.5122,-28.6585
1574146968127.0,0.0888,0.019,0.0823,8.1707,0.9146,-27.8049
1574146968128.0,0.0757,0.0215,0.0781,10.6707,23.4756,-26.6463
1574146968129.0,0.0737,0.0192,0.0766,11.4634,37.561,-24.878
1574146968171.0,0.0726,0.0194,0.0787,12.439,38.2317,-23.3537
1574146968172.0,0.0718,0.0195,0.0799,14.7561,37.561,-21.9512
1574146968173.0,0.0836,0.0185,0.0842,16.0366,35.4268,-18.9634
1574146968174.0,0.0892,0.018,0.0912,16.6463,31.6463,-17.6829
1574146968174.0,0.0706,0.017,0.096,16.0366,29.939,-15.8537
1574146968216.0,0.067,0.0143,0.0938,13.7195,25.9756,-17.439
1574146968217.0,0.0709,0.0173,0.0954,9.4512,12.2561,-17.9878
1574146968218.0,0.064,0.0194,0.0983,6.5854,1.2805,-16.4634
1574146968219.0,0.0582,0.0209,0.0969,2.561,-2.3171,-17.6829
1574146968261.0,0.0681,0.0222,0.0892,-1.1585,-6.5854,-20.6098
1574146968262.0,0.0714,0.024,0.0884,-3.6585,-8.4756,-23.7195
1574146968263.0,0.0801,0.0166,0.0881,-4.2683,-3.6585,-25.3049
1574146968264.0,0.0938,0.0084,0.083,-5.9756,0.6098,-25.7927
1574146968265.0,0.0856,0.0048,0.085,-5.061,6.8293,-25.122
1574146968306.0,0.0975,-0.0033,0.0845,-1.4024,12.0732,-23.9634
1574146968307.0,0.1315,-0.0051,0.0911,0.6707,2.0732,-19.878
1574146968308.0,0.1229,-0.0032,0.0981,2.9268,-8.8415,-11.0366
1574146968309.0,0.0909,-0.0082,0.0947,2.8049,-5.9146,-6.5854
1574146968310.0,0.098,-0.0182,0.0881,-0.061,-8.3537,-6.5854
1574146968351.0,0.1013,-0.0144,0.0858,-3.3537,-20.6098,-3.1098
1574146968352.0,0.0795,-0.0092,0.0711,-3.4146,-20.6707,0.4268
1574146968353.0,0.0791,-0.0128,0.0813,-3.3537,-20.4878,-1.2195
1574146968354.0,0.0801,-0.0019,0.0902,-6.4024,-31.5244,-4.4512
1574146968396.0,0.0876,0.0031,0.0864,-8.9024,-35.9146,-7.0732
1574146968397.0,0.0995,0.0068,0.0884,-12.2561,-33.4146,-9.6341
1574146968398.0,0.0883,0.0155,0.0925,-12.5,-20.6098,-8.9024
1574146968399.0,0.0804,0.0195,0.0924,-11.0976,-3.2927,-7.1951
1574146968400.0,0.0757,0.0237,0.0934,-10.7317,1.9512,-6.3415
1574146968441.0,0.0653,0.0268,0.0897,-9.878,4.2683,-6.2195
1574146968442.0,0.0684,0.0245,0.0891,-9.3902,8.2317,-5.5488
1574146968444.0,0.0814,0.0259,0.0925,-10.2439,7.378,-5.9756
1574146968445.0,0.0926,0.0206,0.0887,-10.7317,11.5244,-5.6707
1574146968486.0,0.1062,0.0097,0.0942,-11.4634,17.9268,-4.6341
1574146968487.0,0.1076,0.0114,0.0966,-10.7927,24.878,-3.1707
1574146968488.0,0.1013,0.0123,0.0933,-6.7683,34.4512,1.9512
1574146968488.0,0.0967,0.0125,0.0967,-4.0244,38.3537,4.4512
1574146968489.0,0.0911,0.0175,0.0988,-1.9512,37.439,5.122
1574146968531.0,0.0803,0.0228,0.098,0.0,37.5,6.4634
