0,1,2,3,4,5,6
1574147304562.0,0.0666,-0.0571,0.0939,-6.8293,-76.7073,26.7073
1574147304562.0,0.072,-0.0592,0.0959,-5.1829,-80.9146,23.5976
1574147304605.0,0.0632,-0.0564,0.0912,-1.3415,-78.2317,20.061
1574147304606.0,0.0527,-0.0525,0.0866,6.4634,-74.4512,17.1951
1574147304606.0,0.0527,-0.0538,0.085,11.0366,-73.7805,13.4756
1574147304607.0,0.0578,-0.0565,0.0875,11.0366,-76.6463,10.6098
1574147304607.0,0.0651,-0.0569,0.0929,11.6463,-76.1585,7.6829
1574147304650.0,0.0719,-0.0539,0.0978,13.9024,-68.2317,5.7317
1574147304651.0,0.0692,-0.0499,0.1001,15.7927,-56.2805,6.7073
1574147304651.0,0.0621,-0.0479,0.1036,18.4756,-44.2683,6.3415
1574147304652.0,0.0626,-0.0483,0.1071,19.7561,-33.5976,3.5976
1574147304695.0,0.0671,-0.0486,0.1069,17.7439,-25.3049,1.3415
1574147304696.0,0.0696,-0.0484,0.1041,15.1829,-19.5732,-0.6098
1574147304696.0,0.071,-0.0491,0.1015,13.1098,-15.3049,-2.0122
1574147304697.0,0.0753,-0.05,0.0994,11.5854,-12.6829,-2.0122
1574147304698.0,0.0771,-0.05,0.0941,10.122,-10.7317,-1.5244
1574147304740.0,0.0761,-0.0483,0.0913,10.3659,-9.1463,-2.1341
1574147304741.0,0.0809,-0.0474,0.0927,10.4878,-8.3537,-3.8415
1574147304741.0,0.086,-0.0472,0.0957,9.0244,-9.0244,-3.4146
1574147304742.0,0.0862,-0.0462,0.0962,8.7805,-9.878,-2.0122
1574147304742.0,0.082,-0.0447,0.0963,10.061,-10.061,-1.7073
1574147304785.0,0.0821,-0.0459,0.0989,10.8537,-11.0976,-1.2805
1574147304786.0,0.0852,-0.0462,0.1014,9.939,-13.4146,-0.8537
1574147304787.0,0.0838,-0.0453,0.1018,8.5366,-15.2439,0.0
1574147304788.0,0.0782,-0.0452,0.101,7.6829,-15.6707,1.1585
1574147304830.0,0.0764,-0.0464,0.0993,6.5244,-16.8902,1.4634
1574147304831.0,0.0783,-0.048,0.0966,4.1463,-19.6341,1.5244
1574147304832.0,0.08,-0.0484,0.0919,2.0122,-22.9878,1.4634
1574147304833.0,0.0815,-0.0493,0.0883,1.0976,-25.3659,0.9756
1574147304834.0,0.0825,-0.0505,0.0873,0.3659,-25.1829,0.0
1574147304875.0,0.0857,-0.0514,0.0894,0.3049,-21.9512,-1.0976
1574147304876.0,0.0877,-0.0493,0.0887,0.7317,-15.8537,-1.8902
1574147304877.0,0.0836,-0.0475,0.0872,1.5244,-8.7195,-2.3171
1574147304878.0,0.0789,-0.0485,0.0861,3.1707,-2.6829,-3.7805
1574147304920.0,0.0781,-0.0494,0.0854,3.8415,1.2195,-4.8171
1574147304922.0,0.079,-0.049,0.0853,3.7805,3.3537,-5.122
1574147304923.0,0.0793,-0.0479,0.0858,4.0244,4.5122,-6.4634
1574147304923.0,0.079,-0.0468,0.0865,4.0244,4.6951,-7.1951
1574147304924.0,0.0804,-0.0461,0.0858,3.3537,3.2927,-6.8902
1574147304965.0,0.0819,-0.0462,0.0848,2.5,1.0366,-6.8293
1574147304967.0,0.0836,-0.0471,0.0841,1.6463,-1.0976,-7.1951
1574147304968.0,0.0853,-0.0475,0.084,0.7317,-2.5,-7.439
1574147304969.0,0.0887,-0.0472,0.0847,0.4268,-3.7195,-7.1951
1574147305010.0,0.0916,-0.0468,0.0863,-0.5488,-4.4512,-6.8902
1574147305012.0,0.093,-0.0463,0.0878,-1.0366,-4.2073,-7.0122
1574147305013.0,0.0933,-0.045,0.0882,-1.5244,-3.3537,-6.6463
1574147305013.0,0.093,-0.0452,0.0875,-2.1951,-2.7439,-6.2805
1574147305015.0,0.0901,-0.0452,0.085,-2.9878,-2.8659,-6.0976
1574147305055.0,0.088,-0.0458,0.0832,-3.3537,-3.9024,-5.4268
1574147305056.0,0.0883,-0.0463,0.0831,-4.2073,-5.4878,-4.5732
1574147305057.0,0.0894,-0.0457,0.0817,-5.6098,-8.2927,-3.7805
1574147305058.0,0.0898,-0.0459,0.0804,-6.3415,-11.1585,-2.7439
1574147305059.0,0.0891,-0.0463,0.0792,-6.6463,-13.5366,-1.2195
1574147305100.0,0.0877,-0.0469,0.0771,-6.4634,-15.7317,-0.3049
1574147305101.0,0.0876,-0.0472,0.077,-6.2195,-17.5,-0.122
1574147305102.0,0.0906,-0.0474,0.079,-5.8537,-18.7195,0.2439
1574147305103.0,0.0935,-0.0463,0.0803,-5.4268,-18.7195,0.9756
1574147305145.0,0.0912,-0.045,0.0805,-4.5122,-17.5,1.7073
1574147305146.0,0.0875,-0.0458,0.0798,-3.4756,-15.9756,1.7073
1574147305147.0,0.0866,-0.0471,0.0795,-2.561,-14.5122,1.5244
1574147305148.0,0.088,-0.0468,0.0792,-1.9512,-12.9878,1.9512
1574147305149.0,0.0871,-0.0467,0.0788,-1.4024,-11.4024,1.8902
1574147305190.0,0.087,-0.046,0.0783,-0.5488,-9.5732,1.7073
1574147305192.0,0.0882,-0.0459,0.0789,0.2439,-7.6829,1.9512
1574147305193.0,0.0889,-0.0458,0.0792,0.6098,-5.6707,1.8293
1574147305194.0,0.0869,-0.0447,0.0788,1.4634,-3.2927,1.8293
1574147305235.0,0.0843,-0.0444,0.0772,2.561,-1.7683,1.8293
1574147305237.0,0.0842,-0.0438,0.0776,2.7439,-2.1341,1.5854
1574147305238.0,0.0873,-0.0433,0.0788,2.439,-3.8415,2.0122
1574147305239.0,0.0903,-0.0433,0.0807,1.8902,-5.4268,2.9878
1574147305239.0,0.0909,-0.0428,0.0823,1.6463,-5.7317,3.7805
1574147305281.0,0.0902,-0.0434,0.083,1.7073,-4.6951,4.5732
1574147305282.0,0.0903,-0.0432,0.0841,1.3415,-3.1098,5.4268
1574147305283.0,0.0916,-0.0434,0.0848,0.7317,-1.6463,6.0976
1574147305284.0,0.0914,-0.043,0.0843,-0.3659,0.1829,6.8902
1574147305325.0,0.0899,-0.043,0.0823,-1.0366,1.8902,8.0488
1574147305326.0,0.0895,-0.0441,0.0817,-1.5854,2.622,8.7805
1574147305327.0,0.091,-0.0448,0.0815,-2.7439,1.7073,9.2073
1574147305328.0,0.0932,-0.0457,0.0817,-4.2073,0.1829,9.6341
1574147305328.0,0.0954,-0.0466,0.0829,-5.2439,-0.8537,9.5122
1574147305370.0,0.0968,-0.0468,0.0844,-6.0366,-1.7683,9.0854
1574147305370.0,0.0969,-0.0454,0.085,-6.8293,-2.7439,8.2927
1574147305371.0,0.0982,-0.0441,0.085,-7.622,-4.7561,7.622
1574147305372.0,0.1003,-0.0445,0.0848,-9.5732,-7.2561,7.8049
1574147305372.0,0.0998,-0.0447,0.0844,-11.1585,-9.2683,8.1707
1574147305415.0,0.0987,-0.0451,0.0842,-11.8293,-11.4634,8.4756
1574147305416.0,0.0978,-0.0461,0.0837,-13.0488,-13.8415,9.2073
1574147305416.0,0.0961,-0.0463,0.0826,-14.2073,-16.5244,10.122
1574147305417.0,0.0936,-0.0464,0.0804,-14.939,-19.3293,10.5488
1574147305460.0,0.0925,-0.0471,0.0769,-15.2439,-22.8049,10.8537
1574147305461.0,0.0929,-0.048,0.0746,-15.8537,-28.2317,10.9756
1574147305461.0,0.0939,-0.0491,0.0739,-16.7073,-34.8171,10.9756
1574147305462.0,0.0946,-0.0505,0.0732,-17.439,-39.878,11.2195
1574147305462.0,0.0931,-0.0505,0.0719,-16.7073,-40.8537,11.4634
1574147305505.0,0.0908,-0.05,0.0707,-14.878,-38.6585,11.7073
1574147305506.0,0.0891,-0.05,0.0694,-13.7805,-36.2805,12.1951
1574147305506.0,0.0898,-0.0522,0.0681,-13.4756,-35.061,12.8659
1574147305507.0,0.0912,-0.0546,0.0669,-13.1707,-31.4634,13.4146
1574147305550.0,0.0891,-0.0551,0.0659,-10.6098,-22.9268,13.1098
1574147305551.0,0.0867,-0.0566,0.065,-7.622,-12.561,12.8049
1574147305551.0,0.0854,-0.0568,0.0648,-5.0,-3.8415,12.8659
1574147305552.0,0.0865,-0.0571,0.0654,-2.0122,0.9756,12.9878
1574147305552.0,0.0872,-0.0577,0.0637,0.4878,3.4756,12.6829
1574147305595.0,0.0838,-0.0573,0.0614,3.5976,3.4756,12.622
1574147305596.0,0.0815,-0.0585,0.0578,7.0732,0.3049,12.0122
1574147305596.0,0.0788,-0.0609,0.0565,9.7561,-3.8415,10.3049
1574147305597.0,0.079,-0.0618,0.0562,13.8415,-9.1463,8.3537
1574147305640.0,0.0918,-0.0657,0.0585,17.378,-16.7683,5.6707
1574147305641.0,0.1015,-0.0652,0.064,20.4268,-23.1707,2.9268
1574147305641.0,0.0996,-0.0614,0.0684,25.7927,-22.1341,2.9268
1574147305642.0,0.0999,-0.0621,0.0715,31.4024,-16.0976,0.5488
1574147305642.0,0.0984,-0.059,0.0759,35.1829,-13.3537,-1.6463
1574147305685.0,0.0906,-0.0544,0.0791,37.9878,-16.7073,-0.6707
1574147305686.0,0.0815,-0.0554,0.079,40.4878,-21.8902,-1.7683
1574147305687.0,0.0807,-0.0593,0.0782,41.4634,-27.439,-5.122
1574147305687.0,0.0851,-0.0615,0.0759,42.378,-29.0854,-5.6707
1574147305730.0,0.0862,-0.0635,0.071,42.2561,-23.3537,-4.8171
1574147305731.0,0.0942,-0.0679,0.0657,43.9024,-10.0,-5.7927
1574147305732.0,0.0826,-0.0682,0.0577,44.0244,5.0,-6.7683
1574147305733.0,0.0524,-0.0587,0.0475,49.8171,12.561,-6.6463
1574147305733.0,0.0446,-0.0501,0.0413,56.3415,8.5366,-8.8415
1574147305820.0,0.062,-0.0471,0.0413,51.4634,-10.3659,-11.9512
1574147305821.0,0.0923,-0.0491,0.0519,42.2561,-42.3171,-12.9878
1574147305822.0,0.1162,-0.0544,0.0664,35.6707,-65.2439,-11.0976
1574147305823.0,0.129,-0.0566,0.0811,35.3659,-62.622,-5.9146
1574147305823.0,0.1259,-0.0544,0.0862,38.3537,-32.7439,3.0488
1574147305824.0,0.1122,-0.0526,0.0849,41.3415,4.5732,10.9756
1574147305824.0,0.1093,-0.0557,0.0837,42.0122,25.4878,13.2927
1574147305825.0,0.1131,-0.056,0.0851,38.5976,27.5,14.939
1574147305826.0,0.1064,-0.0515,0.0749,34.0244,16.3415,18.8415
1574147305865.0,0.0928,-0.0472,0.0563,32.0122,1.5244,20.1829
1574147305866.0,0.0786,-0.0404,0.0541,35.3049,-15.6707,18.2927
1574147305867.0,0.0762,-0.0341,0.0593,33.5366,-39.1463,13.9634
1574147305867.0,0.0836,-0.0294,0.0659,27.378,-59.5732,10.7927
1574147305868.0,0.0918,-0.0271,0.0761,23.7805,-70.7317,9.5732
1574147305910.0,0.1,-0.0272,0.0819,20.4878,-78.8415,7.8659
1574147305912.0,0.1165,-0.0305,0.0884,13.5976,-90.2439,7.8049
1574147305912.0,0.1339,-0.0342,0.094,3.4146,-100.061,9.8171
1574147305913.0,0.1437,-0.0341,0.0897,-6.7683,-100.4878,8.8415
1574147305955.0,0.1376,-0.0283,0.0813,-11.5854,-75.9756,4.5122
1574147305956.0,0.1231,-0.0272,0.0706,-7.622,-32.7439,3.5976
1574147305957.0,0.1062,-0.0291,0.0645,-2.9878,7.561,3.4756
1574147305958.0,0.0936,-0.0287,0.0668,0.1829,28.5366,3.1707
1574147305959.0,0.0929,-0.0278,0.0684,-0.4268,25.2439,2.9878
1574147306000.0,0.0964,-0.028,0.0694,-3.6585,6.4634,4.3902
1574147306001.0,0.1002,-0.0281,0.0687,-5.7317,-20.4878,5.061
1574147306002.0,0.1007,-0.0266,0.0681,-7.8659,-51.5854,3.6585
1574147306003.0,0.1053,-0.0297,0.0678,-12.439,-79.6951,1.4634
1574147306045.0,0.1063,-0.0378,0.067,-16.0976,-94.0244,-2.0732
1574147306046.0,0.1004,-0.0378,0.0716,-16.7073,-94.3902,-5.9756
1574147306047.0,0.1113,-0.0356,0.0723,-15.7927,-81.9512,-8.7805
1574147306048.0,0.1289,-0.0345,0.0705,-13.5366,-54.2683,-8.6585
1574147306049.0,0.1304,-0.0357,0.0691,-10.4268,-14.878,-5.5488
1574147306090.0,0.1188,-0.0375,0.0688,-6.4634,30.061,-4.4512
1574147306091.0,0.1069,-0.0368,0.0703,-3.3537,71.0366,-3.9024
1574147306092.0,0.1013,-0.0343,0.0715,-0.4878,98.7195,-2.622
1574147306093.0,0.0967,-0.0345,0.0724,1.8902,110.8537,-2.1341
1574147306093.0,0.0947,-0.0379,0.0716,2.8049,109.8781,-2.622
1574147306135.0,0.0967,-0.0404,0.0721,3.1098,97.8659,-2.9878
1574147306136.0,0.0953,-0.041,0.0734,2.1341,75.2439,-4.0244
1574147306137.0,0.0881,-0.0411,0.0708,0.7927,50.4878,-5.7927
1574147306138.0,0.0858,-0.043,0.069,0.6707,25.9146,-7.5
1574147306180.0,0.0959,-0.0467,0.071,-0.3659,0.8537,-9.878
1574147306181.0,0.1076,-0.0461,0.0709,-1.4634,-17.1341,-9.939
1574147306182.0,0.1115,-0.0403,0.0663,1.9512,-19.0854,-10.122
1574147306182.0,0.1085,-0.0386,0.0626,4.3902,-4.6341,-10.7317
1574147306183.0,0.1096,-0.0422,0.0576,4.7561,18.0488,-8.5366
1574147306225.0,0.1158,-0.0446,0.0566,6.8293,41.0366,-5.2439
1574147306226.0,0.1147,-0.0423,0.0649,9.939,58.2927,-1.8293
1574147306227.0,0.1027,-0.04,0.0702,12.1341,71.3415,0.0
1574147306228.0,0.0939,-0.0399,0.07,14.0244,81.0976,0.6707
1574147306270.0,0.0918,-0.0411,0.0683,16.2805,81.8293,1.4634
1574147306271.0,0.0881,-0.0427,0.0663,17.5,70.3659,0.6707
1574147306272.0,0.0811,-0.0422,0.0642,16.3415,52.8659,-0.2439
1574147306273.0,0.0794,-0.0386,0.0662,14.0854,33.6585,-0.7317
1574147306274.0,0.0845,-0.0375,0.0681,12.9268,11.1585,-1.7073
1574147306316.0,0.0924,-0.0388,0.0703,10.0,-13.9024,-3.5366
1574147306317.0,0.0977,-0.0375,0.0729,7.439,-35.3659,-5.4268
1574147306318.0,0.1042,-0.0354,0.0759,5.6098,-50.1829,-6.4634
1574147306319.0,0.1132,-0.0359,0.0778,3.1707,-56.8902,-7.0122
1574147306360.0,0.1183,-0.0353,0.0798,1.0366,-51.0976,-7.3171
1574147306361.0,0.1177,-0.0333,0.0789,1.1585,-32.0122,-6.8902
1574147306362.0,0.1114,-0.0315,0.076,1.3415,-5.8537,-6.0976
1574147306363.0,0.1022,-0.0323,0.075,1.8293,16.7073,-4.7561
1574147306364.0,0.0978,-0.0356,0.0735,1.2805,29.939,-4.0244
1574147306405.0,0.0946,-0.0361,0.0737,-0.061,35.3659,-3.4756
1574147306407.0,0.092,-0.037,0.0724,-1.0976,31.7683,-1.5244
1574147306408.0,0.0932,-0.0396,0.0692,-2.9878,21.8902,-1.7073
1574147306409.0,0.0993,-0.0409,0.0685,-4.1463,10.7317,-2.378
1574147306409.0,0.1019,-0.0394,0.0726,-4.878,-0.2439,-2.9268
1574147306451.0,0.0987,-0.0374,0.077,-5.7927,-7.9878,-5.1829
1574147306496.0,0.0953,-0.0364,0.0783,-6.0976,-12.378,-8.6585
1574147306497.0,0.0946,-0.0363,0.0762,-6.3415,-16.5854,-9.6341
1574147306498.0,0.095,-0.0372,0.0725,-7.1341,-22.622,-8.8415
1574147306499.0,0.0939,-0.0392,0.0696,-7.7439,-30.2439,-9.7561
1574147306499.0,0.0926,-0.0418,0.0678,-8.7195,-38.2317,-10.4268
1574147306500.0,0.0911,-0.0439,0.066,-9.939,-46.7073,-10.4268
1574147306501.0,0.0905,-0.0431,0.0638,-10.9146,-54.2683,-10.9146
1574147306502.0,0.0963,-0.0419,0.0625,-10.9756,-58.1098,-11.2805
1574147306540.0,0.1061,-0.0414,0.0662,-10.7927,-60.3659,-10.3049
1574147306542.0,0.1173,-0.0421,0.0712,-11.2195,-59.939,-8.8415
1574147306542.0,0.1233,-0.0408,0.0727,-11.5244,-49.7561,-8.1707
1574147306543.0,0.1198,-0.038,0.0724,-10.0,-29.878,-6.5244
1574147306586.0,0.1146,-0.0373,0.0699,-7.0732,-7.1341,-6.2195
1574147306587.0,0.1055,-0.0375,0.0626,-4.6951,11.4634,-4.0854
1574147306588.0,0.0934,-0.0385,0.0556,-3.4756,21.0366,0.122
1574147306589.0,0.0888,-0.0355,0.0545,-0.4878,13.4756,3.1707
1574147306589.0,0.0949,-0.0332,0.0539,0.7927,-16.6463,4.8171
1574147306630.0,0.1075,-0.0348,0.0513,-1.5854,-57.7439,6.5854
1574147306632.0,0.1202,-0.0363,0.0491,-3.2927,-93.6585,8.1098
1574147306633.0,0.1251,-0.0367,0.0462,-2.9878,-115.0,7.8049
1574147306634.0,0.1226,-0.0356,0.0452,-1.3415,-119.939,7.0122
1574147306675.0,0.1194,-0.0311,0.0446,3.2317,-111.2195,5.3049
1574147306676.0,0.1184,-0.0277,0.0448,8.8415,-92.9878,4.939
1574147306676.0,0.1202,-0.0298,0.0451,12.1341,-73.6585,5.9146
1574147306677.0,0.1231,-0.032,0.0451,14.5122,-55.5488,6.3415
1574147306678.0,0.122,-0.0324,0.045,16.8902,-37.1341,6.7683
1574147306720.0,0.1172,-0.0331,0.0433,18.1098,-17.9878,7.0732
1574147306721.0,0.1149,-0.0342,0.0417,19.4512,0.2439,6.7073
1574147306721.0,0.1176,-0.0367,0.0379,21.5854,10.9756,8.2317
1574147306722.0,0.1268,-0.0402,0.0418,23.7805,13.3537,10.1829
1574147306765.0,0.1294,-0.0414,0.048,24.1463,17.1951,8.8415
1574147306766.0,0.1144,-0.0386,0.0505,23.4756,32.0122,6.7683
1574147306766.0,0.0949,-0.0364,0.0508,25.8537,56.3415,4.0244
1574147306767.0,0.0875,-0.0373,0.0521,28.7805,75.7927,0.9756
1574147306768.0,0.0899,-0.0402,0.0531,29.6341,81.0366,1.0976
1574147306811.0,0.0972,-0.0435,0.0573,29.5732,77.439,2.622
1574147306811.0,0.1043,-0.0445,0.0638,28.5976,74.4512,4.1463
1574147306812.0,0.1068,-0.0437,0.0711,28.7195,75.6707,4.5732
1574147306813.0,0.107,-0.0417,0.0767,30.061,80.061,3.4146
1574147306813.0,0.1053,-0.0414,0.0777,31.5244,83.4146,2.2561
1574147306855.0,0.1082,-0.0436,0.0736,32.0122,81.7683,1.5854
1574147306856.0,0.113,-0.0439,0.0712,33.4146,75.5488,2.1341
1574147306857.0,0.1035,-0.0425,0.0683,33.8415,64.0854,1.3415
1574147306858.0,0.0771,-0.0389,0.0582,32.2561,51.1585,-2.1951
1574147306900.0,0.0641,-0.0331,0.0622,32.0732,32.6829,-6.2195
1574147306901.0,0.0804,-0.0317,0.0757,27.622,1.5854,-8.2927
1574147306902.0,0.1055,-0.0332,0.0886,15.4878,-34.5732,-6.7073
1574147306903.0,0.1125,-0.0298,0.1011,6.6463,-56.8293,-5.6098
1574147306903.0,0.1091,-0.0273,0.1031,2.378,-62.0732,-5.7927
1574147306945.0,0.1106,-0.0301,0.0978,-2.561,-59.0244,-5.6098
1574147306946.0,0.1143,-0.0324,0.0911,-7.1341,-55.7927,-5.6098
1574147306947.0,0.1129,-0.0342,0.0828,-11.0976,-49.2073,-5.1829
1574147306948.0,0.1101,-0.0352,0.0765,-12.8659,-36.5854,-5.6707
1574147306990.0,0.11,-0.037,0.0714,-14.0854,-23.6585,-6.8293
1574147306991.0,0.112,-0.0386,0.0704,-13.6585,-14.2683,-6.5244
1574147306992.0,0.1108,-0.0373,0.0701,-13.3537,-7.3171,-3.9024
1574147306993.0,0.1005,-0.0333,0.066,-10.3659,0.9756,-5.122
1574147306994.0,0.0953,-0.0311,0.0615,-6.0976,7.5,-8.2927
1574147307035.0,0.1044,-0.03,0.0599,-2.439,13.5366,-9.6341
1574147307036.0,0.1149,-0.029,0.0644,1.1585,18.1098,-5.6098
1574147307036.0,0.117,-0.0245,0.0698,2.8659,22.561,-0.7317
1574147307037.0,0.1113,-0.0222,0.0674,6.2195,35.6707,0.9146
1574147307080.0,0.107,-0.0232,0.0635,10.3659,48.2317,2.1341
1574147307081.0,0.1103,-0.0275,0.0614,13.0488,47.1341,3.1098
1574147307081.0,0.1116,-0.0308,0.0571,13.2927,39.939,3.3537
1574147307082.0,0.1058,-0.0282,0.0583,15.5488,36.0366,4.1463
1574147307083.0,0.0994,-0.0314,0.0662,16.7683,31.1585,1.4634
1574147307125.0,0.1003,-0.0297,0.076,17.1341,30.2439,-3.6585
1574147307126.0,0.1054,-0.0248,0.0864,16.4024,20.1829,-0.3049
1574147307126.0,0.1027,-0.0261,0.0869,10.3659,12.6829,-2.9268
1574147307127.0,0.0944,-0.0277,0.0806,7.9878,20.3049,-5.122
1574147307128.0,0.0943,-0.0306,0.0733,8.5366,28.1098,-5.6707
1574147307170.0,0.1071,-0.0338,0.0694,7.2561,29.0244,-5.2439
1574147307171.0,0.1155,-0.0339,0.0679,4.878,24.1463,-1.4024
1574147307172.0,0.108,-0.0353,0.0703,6.5244,17.7439,-0.4268
1574147307172.0,0.0939,-0.0386,0.076,8.2317,19.6951,-3.5366
1574147307215.0,0.0954,-0.039,0.08,8.8415,19.7561,-6.7683
1574147307260.0,0.0996,-0.0348,0.0814,8.4146,13.7195,-7.5
1574147307261.0,0.0989,-0.0353,0.0844,6.7073,12.2561,-4.1463
1574147307262.0,0.1036,-0.0356,0.0848,4.0854,18.3537,-2.8049
1574147307263.0,0.1048,-0.033,0.0792,-0.122,24.8171,-1.5244
1574147307263.0,0.0949,-0.0321,0.0717,-0.1829,32.561,-1.2805
1574147307264.0,0.0856,-0.0338,0.0684,1.4634,31.0366,-2.9268
1574147307265.0,0.0881,-0.0338,0.0654,1.3415,16.4634,-3.1098
1574147307266.0,0.0934,-0.03,0.0684,-0.6098,-1.8902,-2.3171
1574147307266.0,0.0962,-0.0252,0.0748,-1.9512,-14.0854,-2.5
1574147307305.0,0.1006,-0.0227,0.0804,-1.2805,-17.378,-4.7561
1574147307306.0,0.109,-0.0253,0.0823,-1.4024,-15.3049,-3.9634
1574147307307.0,0.1124,-0.0281,0.0782,-1.7683,-6.0976,-2.3171
1574147307307.0,0.111,-0.0303,0.072,0.3049,10.122,-0.122
1574147307350.0,0.1059,-0.033,0.0667,2.561,24.6341,1.7683
1574147307351.0,0.0975,-0.0325,0.0636,5.122,30.1829,3.8415
1574147307352.0,0.0927,-0.0313,0.0632,7.7439,29.5122,5.4878
1574147307353.0,0.0914,-0.0302,0.066,9.2073,27.622,6.5244
1574147307395.0,0.0906,-0.0276,0.0715,11.3415,25.6707,7.2561
1574147307396.0,0.0919,-0.025,0.0803,13.7805,21.4024,5.4878
1574147307397.0,0.0933,-0.024,0.0858,14.2683,15.5488,4.2073
1574147307398.0,0.0909,-0.0228,0.0847,13.2317,11.7073,2.622
1574147307399.0,0.087,-0.0203,0.0844,11.3415,12.7439,-0.4268
1574147307441.0,0.084,-0.0212,0.0859,9.2073,17.2561,-2.1341
1574147307442.0,0.0883,-0.0267,0.0816,7.1951,21.4024,-1.7683
1574147307442.0,0.0952,-0.0286,0.0778,5.4268,23.5366,-0.6098
1574147307443.0,0.0955,-0.0283,0.0793,5.9756,25.6707,-0.1829
1574147307444.0,0.0919,-0.0281,0.0833,8.2927,27.7439,-1.9512
1574147307485.0,0.0935,-0.0267,0.088,9.2073,24.6341,-3.2317
1574147307487.0,0.1036,-0.027,0.0894,7.1951,17.8049,-2.8049
1574147307488.0,0.1093,-0.0264,0.0878,4.5732,15.4268,-1.4024
1574147307489.0,0.1051,-0.0278,0.086,2.1951,19.8171,0.4878
1574147307530.0,0.0967,-0.0302,0.0864,1.5244,28.5976,1.8902
1574147307532.0,0.0937,-0.0301,0.0809,2.1341,37.622,1.8902
1574147307533.0,0.0929,-0.0292,0.0747,2.8659,45.9146,3.3537
1574147307534.0,0.094,-0.0319,0.0773,5.3049,53.3537,4.6341
1574147307535.0,0.0952,-0.033,0.0845,8.5976,56.5854,3.7805
1574147307575.0,0.0862,-0.0291,0.0923,10.6098,54.1463,4.0244
1574147307576.0,0.0834,-0.0289,0.0948,10.2439,48.4146,3.3537
1574147307576.0,0.0905,-0.0301,0.0968,7.3171,40.3049,2.561
1574147307577.0,0.0924,-0.0296,0.0967,4.1463,35.6098,4.0244
1574147307620.0,0.0887,-0.0276,0.0953,3.9634,40.9756,4.6341
1574147307621.0,0.0857,-0.0255,0.0906,3.7195,47.9268,2.8049
1574147307621.0,0.0861,-0.0253,0.0872,3.7195,52.622,2.5
1574147307622.0,0.0879,-0.0258,0.0877,5.0,56.9512,4.3902
1574147307623.0,0.0858,-0.0269,0.0875,8.1707,59.939,6.8902
1574147307665.0,0.0818,-0.027,0.0847,12.5,61.0976,7.1341
1574147307666.0,0.0787,-0.0296,0.0874,15.1829,58.6585,5.3049
1574147307667.0,0.0814,-0.0306,0.0945,17.0732,53.5366,5.122
1574147307668.0,0.0875,-0.0298,0.105,16.5244,42.8049,8.2317
1574147307710.0,0.0881,-0.0308,0.1117,14.0854,33.9024,10.6707
1574147307711.0,0.0824,-0.032,0.1107,13.3537,29.5122,8.7195
1574147307712.0,0.0748,-0.0309,0.1091,12.378,27.9268,7.9878
1574147307713.0,0.0742,-0.0303,0.108,9.6341,25.3659,7.1951
1574147307713.0,0.0776,-0.0259,0.1069,6.1585,19.3293,3.8415
1574147307755.0,0.0787,-0.0217,0.1053,2.8049,16.9512,2.8049
1574147307756.0,0.0795,-0.0202,0.1002,1.8293,20.3659,3.2317
1574147307756.0,0.0793,-0.0203,0.0959,3.2927,26.7073,3.0488
1574147307757.0,0.0731,-0.0206,0.0915,5.6707,34.878,2.8659
1574147307800.0,0.064,-0.022,0.0953,9.3902,41.2195,2.9268
1574147307801.0,0.0687,-0.0255,0.1027,11.8902,40.7927,3.4146
1574147307802.0,0.0832,-0.0306,0.1067,8.8415,29.4512,5.2439
1574147307803.0,0.0829,-0.0316,0.1076,7.0732,20.8537,7.5
1574147307803.0,0.0704,-0.0297,0.1086,8.8415,20.122,7.1341
1574147307846.0,0.0626,-0.0281,0.1116,9.0854,17.0732,4.6341
1574147307847.0,0.0638,-0.0289,0.1132,4.3902,9.4512,5.1829
1574147307848.0,0.0717,-0.0285,0.111,-0.1829,7.378,5.3659
1574147307848.0,0.0812,-0.0275,0.1035,-3.0488,12.5,4.878
1574147307849.0,0.0775,-0.0253,0.0972,-2.3171,24.7561,6.6463
1574147307890.0,0.0695,-0.0237,0.0927,1.8902,37.6829,6.4634
1574147307891.0,0.0656,-0.0214,0.0955,5.2439,40.9756,6.0366
1574147307892.0,0.0672,-0.0244,0.1011,6.4024,34.5122,7.2561
1574147307893.0,0.0656,-0.0248,0.1036,6.5854,25.7927,7.9268
1574147307936.0,0.06,-0.0267,0.1008,6.9512,19.2683,9.0854
1574147307937.0,0.0676,-0.0291,0.0995,7.622,13.9024,7.7439
1574147307938.0,0.0715,-0.026,0.1045,7.2561,9.3293,6.8293
1574147307939.0,0.0671,-0.024,0.105,6.5244,8.4756,6.2195
1574147307939.0,0.067,-0.0245,0.1022,6.5244,7.7439,4.3902
1574147307981.0,0.0679,-0.0253,0.1002,6.5854,7.0732,4.0244
1574147307982.0,0.0693,-0.0261,0.104,5.9146,6.4634,5.2439
1574147307982.0,0.0742,-0.0237,0.1124,4.878,6.5244,5.4878
1574147307983.0,0.082,-0.0197,0.1143,3.9024,8.8415,4.2683
1574147308026.0,0.0779,-0.0229,0.1085,1.8293,12.7439,4.6951
1574147308027.0,0.0659,-0.0278,0.1052,3.4756,22.0732,5.4878
1574147308028.0,0.062,-0.0286,0.1044,4.939,27.9878,6.2805
1574147308028.0,0.0634,-0.0269,0.1043,2.1951,24.1463,6.8293
1574147308029.0,0.0565,-0.0255,0.1058,-0.2439,19.1463,5.9756
1574147308070.0,0.0494,-0.0234,0.1083,-0.7927,15.9146,3.6585
1574147308071.0,0.0536,-0.0219,0.1112,-3.1707,10.3659,1.1585
1574147308071.0,0.0632,-0.0219,0.1108,-6.0976,5.061,-0.5488
1574147308072.0,0.0703,-0.0233,0.1036,-6.2805,1.5854,-0.4268
1574147308116.0,0.0853,-0.0255,0.1032,-5.0,-4.3902,-0.7927
1574147308117.0,0.0926,-0.0244,0.1099,-3.7805,-14.939,-1.5244
1574147308117.0,0.0864,-0.0236,0.1091,-2.8659,-15.9146,0.4268
1574147308118.0,0.0811,-0.0233,0.1069,0.122,-2.3171,2.8049
1574147308119.0,0.0768,-0.0248,0.1092,2.7439,11.1585,7.439
1574147308161.0,0.0645,-0.0295,0.1079,3.2927,18.2927,11.8293
1574147308162.0,0.052,-0.0309,0.1031,4.0854,24.4512,12.1951
1574147308162.0,0.0461,-0.0261,0.0997,4.1463,26.3415,10.8537
1574147308163.0,0.0526,-0.02,0.1019,2.439,21.0366,7.0732
1574147308164.0,0.0587,-0.0163,0.0832,-0.5488,14.6951,3.2317
1574147308205.0,0.0448,-0.0233,0.0994,0.2439,9.7561,2.622
1574147308207.0,0.0361,-0.0217,0.1074,5.061,9.939,-0.061
1574147308208.0,0.052,-0.0203,0.1061,1.2805,-0.1829,0.6098
1574147308209.0,0.0645,-0.0254,0.1031,-4.1463,-9.0854,-1.5244
1574147308251.0,0.0781,-0.0296,0.1113,-0.6098,-8.9024,-2.3171
1574147308252.0,0.0778,-0.0304,0.1219,-0.9146,-12.0122,-1.7683
1574147308253.0,0.0693,-0.0308,0.124,-1.7073,-11.2195,-5.122
1574147308253.0,0.0714,-0.0322,0.1202,-4.0244,-10.4268,-7.439
1574147308254.0,0.0748,-0.0327,0.1101,-7.9268,-10.4878,-5.061
1574147308295.0,0.0726,-0.0318,0.1018,-9.5732,-6.0976,0.061
1574147308296.0,0.0656,-0.0321,0.0982,-9.1463,0.5488,1.8902
1574147308296.0,0.0566,-0.032,0.0977,-7.5,5.7317,0.9756
1574147308297.0,0.0464,-0.0312,0.1006,-6.3415,5.9146,1.1585
1574147308340.0,0.0443,-0.0297,0.0986,-7.3171,-2.378,0.2439
1574147308341.0,0.0439,-0.0258,0.0956,-8.1707,-17.1951,-2.1951
1574147308341.0,0.0394,-0.0219,0.0934,-9.878,-33.6585,-5.4878
1574147308342.0,0.0386,-0.0165,0.0954,-12.8659,-53.6585,-10.7317
1574147308343.0,0.06,-0.0129,0.0965,-17.1951,-79.0244,-17.8049
1574147308385.0,0.0903,-0.0159,0.0997,-21.5244,-102.3781,-20.7927
1574147308386.0,0.1078,-0.0305,0.1071,-21.4634,-113.2317,-17.8049
1574147308386.0,0.1064,-0.0384,0.113,-15.6707,-100.7927,-16.2195
1574147308387.0,0.1,-0.0416,0.1147,-8.5366,-83.6585,-15.5488
1574147308431.0,0.0952,-0.0456,0.1124,-6.8293,-82.5,-13.9024
1574147308432.0,0.0895,-0.05,0.1102,-7.8049,-94.5122,-13.5366
1574147308433.0,0.087,-0.0533,0.1022,-8.3537,-110.9146,-11.5854
1574147308434.0,0.0895,-0.0573,0.0955,-9.7561,-129.7561,-9.4512
1574147308435.0,0.0926,-0.0591,0.0991,-10.3659,-144.2073,-8.7805
1574147308475.0,0.098,-0.0568,0.1021,-10.7927,-147.0732,-8.9024
1574147308476.0,0.1053,-0.0527,0.0975,-12.1341,-133.4756,-11.8902
1574147308478.0,0.1049,-0.0503,0.0839,-10.3659,-98.7805,-14.4512
1574147308479.0,0.1021,-0.0495,0.0709,-2.8659,-56.0976,-12.0122
1574147308520.0,0.1047,-0.0384,0.065,9.1463,-20.6707,-4.7561
1574147308522.0,0.1134,-0.034,0.0776,13.7195,0.3659,1.4024
1574147308523.0,0.1013,-0.0308,0.0826,13.4756,21.9512,-0.061
1574147308524.0,0.0701,-0.0221,0.0753,16.9512,53.5366,-0.6707
1574147308524.0,0.0615,-0.0187,0.0811,22.9268,72.7439,-3.9024
1574147308566.0,0.086,-0.0104,0.0977,22.6829,57.6829,-4.2073
1574147308567.0,0.1232,-0.0018,0.1111,14.2073,8.5976,4.3902
1574147308568.0,0.1342,-0.0036,0.1149,2.7439,-20.4878,11.5854
1574147308569.0,0.1143,-0.0049,0.1095,0.2439,-0.7317,11.2195
1574147308570.0,0.101,-0.0078,0.0973,3.1707,35.6707,10.4268
1574147308610.0,0.1043,-0.0096,0.0785,2.0122,61.5244,18.5976
1574147308612.0,0.1019,-0.0132,0.0704,2.9878,76.5244,27.5
1574147308612.0,0.0984,-0.0185,0.0812,9.1463,90.7317,24.5122
1574147308613.0,0.099,-0.0082,0.0931,15.6098,104.8171,22.2561
1574147308656.0,0.0575,0.0124,0.0699,17.1341,110.9146,30.8537
1574147308657.0,0.0365,-0.0116,0.128,14.6341,144.3902,24.1463
1574147308658.0,-0.0312,-0.0133,0.1083,22.8049,216.1585,14.939
1574147308659.0,0.0278,-0.0185,0.0858,28.4146,180.1829,20.3049
1574147308659.0,0.0729,-0.0156,0.0988,4.878,79.8171,2.0122
1574147308701.0,0.0382,-0.0259,0.0936,0.1829,33.5976,-7.6829
1574147308702.0,0.032,-0.0267,0.0902,9.2073,41.4024,-6.4634
1574147308703.0,0.0807,-0.0242,0.0927,12.0122,33.5366,-7.7439
1574147308703.0,0.1063,-0.0295,0.0876,7.2561,22.1951,-7.8049
1574147308745.0,0.0822,-0.0249,0.1003,12.8049,38.2317,-4.878
1574147308746.0,0.0704,-0.0181,0.1043,24.6341,63.4756,-3.5366
1574147308747.0,0.0751,-0.0204,0.1039,28.5366,62.561,-6.1585
1574147308748.0,0.0703,-0.0229,0.117,30.6098,42.0732,-6.2195
1574147308749.0,0.0723,-0.0247,0.1126,29.5122,27.9268,-1.7683
1574147308790.0,0.0589,-0.0238,0.1071,27.1951,27.378,1.2195
1574147308791.0,0.043,-0.0236,0.1047,29.2073,32.5,0.4878
1574147308791.0,0.0396,-0.0209,0.1092,28.4146,32.622,-2.9268
1574147308792.0,0.044,-0.0134,0.1104,26.0976,23.8415,-8.8415
1574147308835.0,0.0487,-0.0072,0.1129,23.4756,17.2561,-13.3537
1574147308836.0,0.0509,-0.0068,0.1038,19.1463,15.2439,-18.9634
1574147308837.0,0.0566,-0.0103,0.0964,19.1463,16.6463,-22.5
1574147308837.0,0.0657,-0.0133,0.0961,21.7073,13.9634,-21.8293
1574147308838.0,0.0964,-0.0156,0.111,24.8171,4.3293,-19.3293
1574147308880.0,0.0948,-0.022,0.0901,24.5732,-2.1951,-14.3293
1574147308881.0,0.0273,-0.0338,0.1,27.378,17.378,-7.8049
1574147308882.0,0.0486,-0.0131,0.126,40.6098,46.8293,-18.1098
1574147308883.0,0.1033,-0.0068,0.1295,28.5976,21.9512,-15.0
1574147308883.0,0.0917,-0.0265,0.1379,16.3415,-14.6951,-7.9268
1574147308925.0,0.0823,-0.0325,0.1362,16.0976,-4.5122,-8.2927
1574147308927.0,0.0319,-0.0429,0.1136,8.5366,9.4512,-6.1585
1574147308927.0,0.0122,-0.0299,0.1258,6.6463,26.0976,-9.878
1574147308928.0,0.0554,0.0059,0.1114,4.7561,36.1585,-21.0976
1574147308970.0,0.0643,-0.0142,0.1078,-6.0976,7.9268,-18.7195
1574147308971.0,0.045,-0.0155,0.118,-0.2439,8.2317,-20.3659
1574147308972.0,0.0491,-0.0209,0.1111,2.0122,7.8659,-16.2195
1574147308973.0,0.0687,-0.0264,0.1072,-2.9878,-10.1829,-15.9756
1574147308973.0,0.0703,-0.0182,0.1104,-4.3293,-10.7927,-12.561
1574147309015.0,0.0704,-0.0086,0.1236,0.3659,2.622,-9.939
1574147309016.0,0.0894,-0.0098,0.1284,2.561,8.1098,-7.7439
1574147309017.0,0.095,-0.0236,0.1251,1.1585,7.5,0.6098
1574147309018.0,0.0798,-0.0298,0.1201,2.561,15.3659,9.5122
1574147309060.0,0.071,-0.0315,0.1257,4.0854,25.9756,14.0854
1574147309061.0,0.0662,-0.0269,0.13,5.1829,33.1098,17.9268
1574147309061.0,0.058,-0.0231,0.1227,4.1463,33.2317,21.7683
1574147309062.0,0.0569,-0.0177,0.1132,0.4268,24.878,16.9512
1574147309063.0,0.0613,-0.0192,0.1016,-4.6951,11.8902,13.7805
1574147309105.0,0.0541,-0.0322,0.0956,-5.2439,8.5976,14.939
1574147309107.0,0.0563,-0.0351,0.0968,-0.8537,16.0366,14.7561
1574147309107.0,0.0604,-0.0249,0.0884,2.3171,23.1707,14.6341
1574147309108.0,0.0555,-0.0114,0.103,5.9146,22.6829,13.2927
1574147309150.0,0.0643,0.0029,0.1215,10.2439,24.2073,11.6463
1574147309152.0,0.0611,0.0023,0.1307,10.0,28.1098,15.3659
1574147309153.0,0.0381,-0.0004,0.137,11.0976,36.5244,17.561
1574147309154.0,0.0319,-0.0049,0.1254,10.122,42.3171,15.7927
1574147309155.0,0.0327,-0.0096,0.1187,5.2439,32.1951,16.3415
1574147309196.0,0.0379,-0.0106,0.1141,1.4024,19.1463,13.6585
1574147309197.0,0.0377,-0.011,0.114,-0.6707,13.5366,10.4878
1574147309197.0,0.0394,-0.0123,0.111,-1.6463,10.061,7.561
1574147309198.0,0.0359,-0.0151,0.1091,-3.6585,2.622,4.0854
1574147309199.0,0.0378,-0.0161,0.1183,-4.878,-6.5854,1.0366
1574147309241.0,0.0419,-0.0071,0.1097,-8.0488,-18.1707,-1.8293
1574147309242.0,0.0252,-0.0134,0.1066,-13.4756,-28.4146,-3.4146
1574147309243.0,0.0067,-0.0197,0.1021,-12.9268,-27.0122,-5.0
1574147309244.0,0.0112,-0.0201,0.0901,-11.4634,-32.6829,-3.4756
1574147309286.0,0.0115,-0.0295,0.0823,-14.6341,-55.122,-4.8171
1574147309287.0,0.0057,-0.0439,0.0963,-17.9268,-82.0122,-9.2073
1574147309288.0,0.0027,-0.0416,0.1108,-21.9512,-112.1341,-12.8659
1574147309289.0,0.029,-0.033,0.1057,-30.5488,-155.6098,-19.3902
1574147309289.0,0.0716,-0.0339,0.0908,-39.6341,-209.0244,-27.378
1574147309331.0,0.1016,-0.0413,0.0653,-47.439,-256.7073,-25.7927
1574147309332.0,0.1058,-0.0513,0.0651,-50.6098,-278.2927,-19.6951
1574147309332.0,0.0933,-0.0541,0.0855,-48.5976,-260.8537,-17.7439
1574147309333.0,0.087,-0.0537,0.0927,-46.9512,-231.2805,-21.5244
1574147309376.0,0.1029,-0.053,0.1131,-53.7195,-227.9268,-26.0366
1574147309377.0,0.1301,-0.0541,0.1114,-62.2561,-242.439,-25.4268
1574147309378.0,0.1441,-0.0552,0.0925,-71.1585,-245.8537,-16.5854
1574147309378.0,0.1266,-0.0466,0.0793,-69.8171,-217.3781,-1.2805
1574147309379.0,0.1215,-0.0396,0.0563,-57.1341,-173.3537,7.7439
1574147309421.0,0.1396,-0.0378,0.0387,-42.5,-125.1829,10.061
1574147309422.0,0.1502,-0.0297,0.0328,-24.5122,-72.561,12.9878
1574147309422.0,0.1461,-0.0157,0.0371,-1.4024,-16.9512,13.5976
1574147309423.0,0.1208,-0.0039,0.0479,19.2073,30.122,13.0488
1574147309466.0,0.0941,0.0054,0.0657,29.939,59.0854,14.0244
1574147309467.0,0.0765,0.0128,0.0784,35.5488,74.8171,13.8415
1574147309468.0,0.0687,0.0188,0.0918,40.7317,68.7805,12.439
1574147309469.0,0.0721,0.0205,0.0956,42.439,48.9634,9.1463
1574147309470.0,0.084,0.0208,0.0952,39.5732,29.1463,7.439
1574147309510.0,0.0986,0.015,0.08,34.8171,13.0488,12.3171
1574147309512.0,0.1176,0.0062,0.0667,32.7439,-0.4878,16.7683
1574147309514.0,0.1326,0.0087,0.0662,35.9146,-17.378,20.9146
1574147309515.0,0.1264,0.0133,0.0673,35.122,-31.5854,23.2927
1574147309555.0,0.1077,0.0088,0.0685,35.2439,-26.7073,13.5976
1574147309556.0,0.0963,0.0037,0.0677,33.6585,-9.6341,5.4878
1574147309556.0,0.1018,0.0067,0.076,33.9634,3.1707,4.3902
1574147309557.0,0.1019,0.0066,0.0819,34.0244,15.6707,5.6707
1574147309558.0,0.0977,0.0032,0.0884,30.3049,36.5854,5.5488
1574147309600.0,0.095,0.0058,0.0974,28.9024,59.5122,6.0976
1574147309601.0,0.0891,0.0042,0.0954,25.8537,77.0732,10.9756
1574147309601.0,0.0844,-0.002,0.0859,21.2195,81.2805,13.8415
1574147309602.0,0.091,-0.009,0.0775,19.4512,72.7439,14.3293
1574147309603.0,0.1054,-0.011,0.0843,21.5854,54.2073,17.6829
1574147309645.0,0.1163,-0.0136,0.0912,17.8049,29.878,18.7195
1574147309647.0,0.1029,-0.0154,0.0933,11.6463,19.0244,10.7317
1574147309648.0,0.0747,-0.0159,0.0875,10.4878,27.0122,3.7195
1574147309649.0,0.0699,-0.0182,0.0897,11.7073,30.6098,-3.1707
1574147309690.0,0.0742,-0.0155,0.0951,8.5366,16.9512,-5.6707
1574147309692.0,0.0767,-0.0147,0.0984,3.9634,5.3659,-5.6707
1574147309692.0,0.0886,-0.0136,0.096,2.9878,6.8293,-12.2561
1574147309693.0,0.0984,-0.0129,0.0851,4.0854,18.3537,-14.7561
1574147309694.0,0.098,-0.017,0.0681,0.7317,31.4634,-7.378
1574147309736.0,0.078,-0.0176,0.0652,0.7317,41.8293,2.1951
1574147309737.0,0.0696,-0.0219,0.0785,3.8415,41.0366,2.7439
1574147309737.0,0.085,-0.0263,0.0952,1.7073,30.4878,-7.2561
1574147309738.0,0.0872,-0.0211,0.0989,-2.1951,22.8659,-10.122
1574147309781.0,0.0742,-0.0195,0.0852,-3.2317,24.3902,-5.7317
1574147309781.0,0.0783,-0.0212,0.0748,-1.5244,20.5488,-6.5244
1574147309782.0,0.0948,-0.0209,0.0771,-2.622,6.6463,-8.7195
1574147309782.0,0.1025,-0.0188,0.0839,-3.8415,-10.6098,-8.9024
1574147309783.0,0.1017,-0.0192,0.0872,-4.6341,-25.0,-10.9756
1574147309825.0,0.1022,-0.0182,0.1001,-6.1585,-32.0732,-12.7439
1574147309826.0,0.1155,-0.0214,0.1106,-6.6463,-23.6585,-10.7927
1574147309827.0,0.1318,-0.0227,0.1069,-5.7927,-1.4634,-8.6585
1574147309828.0,0.1191,-0.0258,0.1024,-5.4268,26.5854,-3.5366
1574147309870.0,0.0945,-0.0305,0.0945,-4.1463,53.9634,2.5
1574147309871.0,0.0792,-0.0294,0.0914,-2.8659,68.1098,3.4146
1574147309871.0,0.074,-0.0253,0.0906,-4.3293,57.0732,-0.061
1574147309872.0,0.0766,-0.0234,0.0889,-7.5,33.9024,-3.1098
1574147309873.0,0.0792,-0.023,0.0906,-10.6707,14.4512,0.1829
1574147309915.0,0.0762,-0.0206,0.0937,-11.8902,7.1341,3.7195
1574147309916.0,0.0731,-0.0181,0.0972,-8.7195,9.4512,1.8293
1574147309917.0,0.0795,-0.0176,0.0988,-6.0366,9.8171,-0.7927
1574147309917.0,0.0834,-0.0173,0.0994,-3.5976,13.7195,0.4878
1574147309918.0,0.0827,-0.0189,0.1041,-0.6098,23.7805,0.4268
1574147309961.0,0.0797,-0.0203,0.1052,1.3415,29.878,-1.4634
1574147309962.0,0.0728,-0.0206,0.1063,2.1951,26.8902,-0.3659
1574147309963.0,0.0687,-0.022,0.1084,2.1341,17.439,-0.4878
1574147309964.0,0.0723,-0.0223,0.1082,-0.2439,3.4756,-4.5122
1574147310005.0,0.0816,-0.0234,0.106,-3.5976,-10.2439,-5.4878
1574147310006.0,0.0975,-0.0244,0.1,-5.9756,-15.3659,-3.2927
1574147310007.0,0.1035,-0.0219,0.088,-5.2439,-3.7195,-2.0122
1574147310008.0,0.0988,-0.02,0.0858,-3.7805,19.2073,-0.3659
1574147310009.0,0.0945,-0.0175,0.0837,-1.8902,39.0244,1.2805
1574147310051.0,0.0897,-0.0185,0.0841,1.5854,43.2317,2.1951
1574147310052.0,0.0823,-0.0206,0.0889,4.6951,36.8293,3.0488
1574147310052.0,0.0775,-0.02,0.0982,7.561,29.3902,2.7439
1574147310053.0,0.0743,-0.0174,0.1046,7.9268,21.5244,4.878
1574147310095.0,0.0704,-0.017,0.1081,7.9878,13.4146,6.4024
1574147310096.0,0.064,-0.0164,0.108,7.0732,6.5854,3.7805
1574147310096.0,0.0623,-0.0162,0.1039,4.6951,1.7683,0.4878
1574147310097.0,0.0698,-0.0165,0.0995,2.6829,-1.5854,-1.6463
1574147310098.0,0.0829,-0.0185,0.1007,0.2439,-4.5732,-1.2195
1574147310140.0,0.0877,-0.0193,0.0991,-1.7683,-2.1341,1.7073
1574147310141.0,0.0872,-0.0193,0.0999,-1.7073,6.4024,1.4634
1574147310142.0,0.0878,-0.0184,0.102,-0.5488,14.1463,-0.6098
1574147310143.0,0.0852,-0.0173,0.0945,-0.061,12.5,0.6098
1574147310186.0,0.0824,-0.0186,0.0859,-0.1829,5.0,0.8537
1574147310187.0,0.0819,-0.0178,0.0772,1.5244,3.5366,-1.5854
1574147310187.0,0.0828,-0.0143,0.0728,4.2073,9.2683,1.2195
1574147310188.0,0.0879,-0.0079,0.0858,7.378,18.1098,3.8415
1574147310188.0,0.0878,-0.0026,0.1013,9.8171,31.4024,5.4878
1574147310230.0,0.0795,-0.0036,0.1042,12.2561,43.0488,8.9634
1574147310231.0,0.0748,-0.0106,0.1057,13.4756,44.6951,10.6707
1574147310232.0,0.078,-0.0191,0.1122,14.6341,35.6707,6.6463
1574147310233.0,0.0822,-0.023,0.1197,12.8049,18.2317,3.9634
1574147310233.0,0.0775,-0.0229,0.116,7.8659,3.8415,6.0366
1574147310275.0,0.0721,-0.0219,0.1079,3.0488,-0.2439,5.0
1574147310276.0,0.0758,-0.0226,0.0995,1.0366,0.3659,3.1707
1574147310277.0,0.0779,-0.0246,0.0899,-0.4268,-0.4268,4.5122
1574147310278.0,0.0779,-0.0238,0.0884,-1.0366,4.0244,5.7927
1574147310321.0,0.0758,-0.0204,0.0864,1.2805,15.6707,4.2683
1574147310321.0,0.067,-0.0182,0.0923,4.1463,21.7683,3.4146
1574147310366.0,0.0637,-0.0159,0.1016,7.378,21.3415,0.122
1574147310367.0,0.0704,-0.0143,0.111,7.8049,16.4024,-1.5244
1574147310367.0,0.0745,-0.0173,0.1161,6.7683,9.3902,0.122
1574147310368.0,0.0781,-0.0203,0.118,5.7317,4.6951,1.2805
1574147310368.0,0.076,-0.0207,0.116,3.6585,7.0732,2.7439
1574147310369.0,0.0737,-0.024,0.1073,1.5854,14.0244,2.0122
1574147310369.0,0.0746,-0.0233,0.0993,-0.5488,18.4756,-0.2439
1574147310410.0,0.0745,-0.0217,0.0941,-2.1951,18.7195,1.2805
1574147310411.0,0.0721,-0.0198,0.0926,-2.0732,15.122,1.8902
1574147310412.0,0.07,-0.0161,0.0967,0.061,10.9146,0.2439
1574147310413.0,0.0696,-0.0129,0.1009,1.9512,8.2927,-0.3659
1574147310413.0,0.0714,-0.0123,0.1041,2.561,6.8902,-0.1829
1574147310456.0,0.0753,-0.0134,0.108,2.8049,6.8902,-0.6098
1574147310457.0,0.071,-0.0142,0.1082,3.7805,7.439,-0.6707
1574147310458.0,0.0699,-0.0177,0.1094,4.5122,7.6829,-1.6463
1574147310458.0,0.078,-0.0192,0.1135,3.4146,6.0366,-2.9268
1574147310501.0,0.0831,-0.0209,0.1121,0.9146,2.622,0.8537
1574147310502.0,0.0831,-0.0211,0.1128,-1.4024,4.1463,2.622
1574147310502.0,0.0782,-0.0202,0.1113,-1.7683,10.3659,1.4634
1574147310503.0,0.075,-0.0206,0.1067,-2.1341,10.7927,1.8902
1574147310504.0,0.0723,-0.0208,0.1033,-2.0732,7.439,3.0488
1574147310546.0,0.0717,-0.0194,0.1041,-1.1585,6.8902,2.9878
1574147310547.0,0.0704,-0.0144,0.1066,-0.122,8.3537,3.1098
1574147310547.0,0.0613,-0.0109,0.1073,2.0122,9.878,2.8049
1574147310548.0,0.0579,-0.014,0.1049,3.6585,8.4756,2.0122
1574147310591.0,0.0666,-0.0157,0.1055,3.7805,5.122,1.2195
1574147310592.0,0.0721,-0.0162,0.105,4.3293,2.7439,3.1098
1574147310592.0,0.0754,-0.017,0.1034,6.0366,3.2317,4.2073
1574147310593.0,0.0786,-0.0153,0.1053,6.5854,6.4634,3.4146
1574147310594.0,0.0779,-0.0172,0.11,6.4024,9.1463,4.878
1574147310636.0,0.077,-0.0191,0.115,6.5854,9.6341,5.4268
1574147310637.0,0.0773,-0.0216,0.1114,4.4512,5.7927,6.2195
1574147310637.0,0.0767,-0.022,0.1102,1.0976,3.9634,7.3171
1574147310638.0,0.0749,-0.0184,0.1055,-0.122,8.5976,7.1341
1574147310639.0,0.0694,-0.0204,0.1016,-2.6829,14.6341,7.0122
1574147310681.0,0.0623,-0.0195,0.0994,-2.378,23.5976,7.6829
1574147310682.0,0.0643,-0.0188,0.097,-1.7073,23.5366,8.4146
1574147310684.0,0.0705,-0.0167,0.1025,-2.622,12.439,5.9756
1574147310685.0,0.0684,-0.0159,0.1134,-3.5366,3.4756,4.6951
1574147310726.0,0.0652,-0.0147,0.1185,-3.2317,4.7561,3.4756
1574147310727.0,0.0634,-0.0162,0.1161,-4.4512,7.0122,4.5122
1574147310728.0,0.0649,-0.0189,0.1111,-5.8537,7.5,6.0366
1574147310728.0,0.0731,-0.0157,0.1133,-6.4634,0.9146,6.4634
1574147310729.0,0.0687,-0.017,0.1136,-7.9878,-8.5976,3.8415
1574147310771.0,0.0458,-0.0119,0.0981,-7.3171,-5.9146,-1.4024
1574147310772.0,0.0604,-0.0139,0.1174,-2.0122,-19.0244,-2.9268
1574147310773.0,0.0814,-0.0262,0.1347,-9.5732,-59.8781,-1.8293
1574147310773.0,0.0789,-0.029,0.1324,-13.1098,-77.0732,5.6707
1574147310816.0,0.08,-0.025,0.1272,-14.3902,-78.5976,10.1829
1574147310817.0,0.0856,-0.0254,0.108,-20.1829,-90.7927,3.6585
1574147310818.0,0.1003,-0.0302,0.0876,-24.4512,-105.8537,0.4268
1574147310819.0,0.1121,-0.0381,0.0732,-28.1098,-103.1707,6.3415
1574147310820.0,0.1107,-0.0433,0.0618,-24.4512,-84.939,11.4634
1574147310861.0,0.0963,-0.0486,0.0474,-16.7683,-60.4878,12.6829
1574147310862.0,0.0805,-0.0527,0.0393,-10.6098,-36.4634,11.4634
1574147310862.0,0.0725,-0.053,0.0357,-4.4512,-17.1951,7.3171
1574147310863.0,0.0681,-0.045,0.0389,4.939,-4.3902,3.6585
1574147310905.0,0.0652,-0.0391,0.0434,13.9634,-1.5854,3.9024
1574147310906.0,0.0719,-0.033,0.0627,19.5732,-12.0122,1.8293
1574147310906.0,0.0715,-0.028,0.0848,22.1341,-29.8171,-1.8293
1574147310907.0,0.0609,-0.0271,0.0972,21.4634,-39.1463,-7.439
1574147310908.0,0.0722,-0.0269,0.1111,19.939,-36.4634,-17.0732
1574147310950.0,0.0897,-0.0237,0.118,15.6098,-32.439,-20.4268
1574147310951.0,0.0889,-0.0229,0.1126,14.2073,-29.2683,-18.8415
1574147310952.0,0.0828,-0.0249,0.0988,10.9146,-24.1463,-20.1829
1574147310952.0,0.0887,-0.0322,0.0876,6.6463,-12.439,-20.7317
1574147310953.0,0.1042,-0.0333,0.0944,5.0,-4.878,-17.8659
1574147310995.0,0.0958,-0.027,0.1012,2.3171,-6.2805,-16.5244
1574147310997.0,0.0828,-0.0175,0.1008,0.4878,-4.5732,-17.1341
1574147310997.0,0.085,-0.0063,0.0924,-3.7195,-4.8171,-14.5732
1574147310998.0,0.0833,0.002,0.0864,-6.2805,-6.5854,-8.4146
1574147311040.0,0.0749,-0.0019,0.0776,-3.0488,-5.6098,-2.5
1574147311042.0,0.054,-0.0009,0.076,-3.3537,-9.939,-1.1585
1574147311042.0,0.0494,0.0101,0.0927,-1.0366,-14.6341,-7.8049
1574147311043.0,0.0712,0.0154,0.108,2.622,-23.5366,-12.8659
1574147311044.0,0.0778,0.0165,0.114,0.4878,-36.4634,-10.5488
1574147311086.0,0.0688,0.0165,0.1207,-1.8293,-41.4024,-11.2805
1574147311087.0,0.0858,0.0134,0.1292,-2.0122,-47.9268,-11.9512
1574147311088.0,0.1298,0.0127,0.1233,-9.3293,-76.2805,-8.3537
1574147311088.0,0.1348,0.0115,0.1148,-17.8659,-81.4024,-5.4268
1574147311131.0,0.0977,0.0059,0.1046,-19.8171,-36.2195,-4.4512
1574147311132.0,0.0754,0.0009,0.0982,-15.6098,15.8537,-4.7561
1574147311132.0,0.0766,-0.0012,0.0904,-12.378,29.939,-1.2805
1574147311133.0,0.0752,-0.0068,0.084,-9.6951,19.0244,3.5976
1574147311134.0,0.0768,-0.0115,0.0882,-5.3659,11.2195,1.8293
1574147311176.0,0.0856,-0.0092,0.0971,0.061,1.8902,-3.6585
1574147311177.0,0.0791,-0.0067,0.1094,2.8659,-15.2439,-5.7317
1574147311177.0,0.0806,-0.0117,0.1122,2.8049,-25.0,-10.6098
1574147311178.0,0.0979,-0.0137,0.1125,1.2195,-22.561,-15.6098
1574147311221.0,0.1069,-0.012,0.1152,0.122,-19.0244,-13.6585
1574147311222.0,0.1091,-0.0167,0.1138,-1.8902,-15.7317,-14.3902
1574147311223.0,0.1143,-0.0187,0.1072,-6.4024,-6.8293,-18.4146
1574147311223.0,0.1057,-0.0104,0.1034,-10.061,8.1098,-18.2317
1574147311224.0,0.0963,-0.0109,0.0952,-10.9756,19.5122,-16.4634
1574147311266.0,0.0928,-0.0184,0.0952,-10.4878,22.378,-15.9756
1574147311267.0,0.0898,-0.0211,0.0975,-11.4634,17.0122,-15.8537
1574147311267.0,0.0869,-0.0219,0.0988,-10.061,10.3049,-17.0732
1574147311268.0,0.0904,-0.0201,0.0936,-8.7805,0.6098,-18.8415
1574147311269.0,0.0964,-0.0157,0.0883,-8.5366,-9.4512,-19.6341
1574147311310.0,0.0977,-0.0145,0.0843,-7.8049,-10.122,-20.061
1574147311311.0,0.1001,-0.0178,0.0834,-6.4634,-1.4634,-20.1829
1574147311312.0,0.1029,-0.0181,0.083,-7.1341,6.5244,-20.0
1574147311313.0,0.1053,-0.0193,0.0845,-6.5854,11.8902,-16.1585
1574147311356.0,0.1014,-0.0226,0.0878,-4.8171,13.1098,-14.0854
1574147311357.0,0.0916,-0.0239,0.0889,-4.3902,9.7561,-16.5244
1574147311357.0,0.1025,-0.0247,0.084,-5.7317,6.7683,-20.0
1574147311358.0,0.111,-0.0225,0.0814,-7.1341,6.8293,-18.5976
1574147311359.0,0.1063,-0.0225,0.0804,-5.6098,13.5366,-13.7195
1574147311401.0,0.0958,-0.0245,0.0793,-4.0244,20.7927,-11.4024
1574147311402.0,0.0865,-0.0249,0.0801,-3.2317,24.1463,-10.9146
1574147311402.0,0.088,-0.0216,0.079,-2.2561,21.8293,-11.2195
1574147311403.0,0.0923,-0.0175,0.078,-1.7683,13.9634,-8.6585
1574147311446.0,0.093,-0.012,0.0804,-1.6463,10.6098,-7.2561
1574147311447.0,0.0887,-0.0054,0.0773,-0.2439,16.0976,-8.1098
1574147311447.0,0.0834,-0.0117,0.075,1.7073,20.4268,-6.4024
1574147311448.0,0.0733,-0.0212,0.077,1.5244,17.1951,-6.3415
1574147311490.0,0.0623,-0.0233,0.0786,1.6463,8.6585,-9.0854
1574147311491.0,0.0739,-0.0234,0.0789,3.1707,-1.5854,-11.7073
1574147311492.0,0.0952,-0.0181,0.0858,3.4756,-17.2561,-10.7927
1574147311493.0,0.0921,-0.0108,0.0917,2.561,-26.5244,-8.1707
1574147311494.0,0.0942,-0.0118,0.0893,0.0,-25.122,-9.939
1574147311536.0,0.1104,-0.0059,0.1212,-3.4756,-24.5732,-13.2317
1574147311537.0,0.1025,0.0123,0.1165,-6.7073,-19.6951,-12.439
1574147311537.0,0.0807,0.0079,0.0994,-10.0,-5.9756,-13.6585
1574147311538.0,0.0673,-0.0016,0.0931,-14.3293,2.8049,-18.0488
1574147311539.0,0.0649,0.0003,0.0942,-14.5732,2.439,-17.439
1574147311580.0,0.0607,0.007,0.0933,-11.8902,-3.2317,-15.9146
1574147311581.0,0.0684,0.0063,0.0893,-8.3537,-5.3659,-15.5488
1574147311582.0,0.0926,0.0042,0.0857,-5.6707,-4.5732,-14.8171
1574147311582.0,0.1225,-0.0033,0.0803,-2.9878,-2.622,-12.8049
1574147311626.0,0.1336,-0.0103,0.0886,-0.4878,1.7073,-10.3659
1574147311627.0,0.1177,-0.0117,0.0842,-0.1829,8.9634,-12.9878
1574147311627.0,0.1099,-0.0144,0.0723,0.1829,22.561,-12.1341
1574147311628.0,0.09,-0.0172,0.0745,1.9512,25.3659,-6.5854
1574147311629.0,0.0786,-0.0176,0.0765,3.1707,24.1463,-6.7073
1574147311670.0,0.0796,-0.0122,0.0793,3.7195,17.0122,-6.2195
1574147311671.0,0.0876,-0.0123,0.0845,7.561,3.3537,-4.1463
1574147311672.0,0.1027,-0.0137,0.0861,7.0732,-4.939,-3.5976
1574147311673.0,0.1008,-0.0125,0.0861,4.939,-3.2317,-2.0122
1574147311674.0,0.0886,-0.0136,0.0831,3.6585,2.5,-2.9268
1574147311716.0,0.0812,-0.0163,0.083,1.7683,1.2805,-5.3049
1574147311717.0,0.0728,-0.0143,0.0812,-0.7317,-5.6707,-6.1585
1574147311717.0,0.0717,-0.0162,0.0774,-2.5,-13.9634,-6.7683
1574147311718.0,0.0779,-0.0151,0.083,-5.7927,-28.6585,-8.3537
1574147311761.0,0.0988,-0.0115,0.0873,-8.1707,-40.7317,-12.378
1574147311762.0,0.1249,-0.0114,0.0808,-10.1829,-44.2683,-13.5366
1574147311763.0,0.1252,-0.0117,0.0779,-12.2561,-39.1463,-12.378
1574147311764.0,0.1191,-0.0169,0.0726,-11.4024,-23.2927,-10.2439
1574147311764.0,0.1138,-0.0186,0.0674,-10.3049,-7.561,-6.5244
1574147311806.0,0.1069,-0.0215,0.0687,-7.1341,0.6098,-1.4634
1574147311807.0,0.1047,-0.0264,0.077,-3.9634,3.1707,2.3171
1574147311808.0,0.0993,-0.022,0.0825,-2.561,2.439,3.5976
1574147311808.0,0.094,-0.0161,0.0825,-0.9146,2.622,5.0
1574147311850.0,0.0901,-0.0088,0.0843,-0.6707,0.7927,4.939
1574147311852.0,0.0871,0.0013,0.0877,-0.9756,-2.9268,2.8659
1574147311852.0,0.0808,0.0068,0.0875,0.061,-2.439,2.378
1574147311853.0,0.0729,0.0077,0.0953,0.7927,1.9512,0.9146
1574147311854.0,0.0684,0.0099,0.1019,-0.3659,4.1463,-2.7439
1574147311896.0,0.085,0.0068,0.1033,-2.5,1.5854,-6.3415
1574147311897.0,0.0991,0.0019,0.0991,-4.8171,-2.1951,-6.2805
1574147311897.0,0.1006,-0.0026,0.0923,-7.561,-1.9512,-3.6585
1574147311898.0,0.1004,-0.0055,0.0874,-9.4512,2.8049,-2.7439
1574147311941.0,0.0974,-0.0076,0.0826,-9.2073,7.439,-1.2805
1574147311942.0,0.0937,-0.0081,0.0779,-8.4756,7.6829,0.6707
1574147311943.0,0.0963,-0.0073,0.0729,-7.7439,3.8415,2.378
1574147311944.0,0.095,-0.0068,0.0696,-7.1341,-0.6707,4.878
1574147311945.0,0.0858,-0.004,0.0698,-7.2561,-2.9268,5.6707
1574147311985.0,0.0827,-0.001,0.0724,-7.2561,-2.8049,4.6341
1574147311986.0,0.0873,0.0015,0.0767,-6.3415,-5.4268,3.4146
1574147311986.0,0.0914,0.0055,0.0898,-5.122,-6.7073,0.6098
